0 0.127499
0.001 0.127496
0.002 0.127493
0.003 0.127489
0.004 0.127485
0.005 0.127479
0.006 0.127473
0.007 0.127466
0.008 0.127458
0.009 0.12745
0.01 0.127441
0.011 0.127431
0.012 0.12742
0.013 0.127409
0.014 0.127397
0.015 0.127384
0.016 0.12737
0.017 0.127356
0.018 0.127342
0.019 0.127326
0.02 0.12731
0.021 0.127294
0.022 0.127277
0.023 0.127259
0.024 0.12724
0.025 0.127221
0.026 0.127201
0.027 0.127181
0.028 0.12716
0.029 0.127139
0.03 0.127117
0.031 0.127094
0.032 0.127071
0.033 0.127047
0.034 0.127023
0.035 0.126998
0.036 0.126973
0.037 0.126947
0.038 0.12692
0.039 0.126893
0.04 0.126866
0.041 0.126838
0.042 0.126809
0.043 0.12678
0.044 0.12675
0.045 0.12672
0.046 0.12669
0.047 0.126658
0.048 0.126627
0.049 0.126595
0.05 0.126562
0.051 0.126529
0.052 0.126495
0.053 0.126461
0.054 0.126427
0.055 0.126392
0.056 0.126356
0.057 0.12632
0.058 0.126284
0.059 0.126247
0.06 0.126209
0.061 0.126171
0.062 0.126133
0.063 0.126094
0.064 0.126055
0.065 0.126016
0.066 0.125975
0.067 0.125935
0.068 0.125894
0.069 0.125853
0.07 0.125811
0.071 0.125768
0.072 0.125726
0.073 0.125683
0.074 0.125639
0.075 0.125595
0.076 0.125551
0.077 0.125506
0.078 0.125461
0.079 0.125415
0.08 0.125369
0.081 0.125323
0.082 0.125276
0.083 0.125229
0.084 0.125181
0.085 0.125133
0.086 0.125085
0.087 0.125036
0.088 0.124987
0.089 0.124937
0.09 0.124887
0.091 0.124837
0.092 0.124786
0.093 0.124735
0.094 0.124684
0.095 0.124632
0.096 0.124579
0.097 0.124527
0.098 0.124474
0.099 0.12442
0.1 0.124367
0.101 0.124313
0.102 0.124258
0.103 0.124204
0.104 0.124148
0.105 0.124093
0.106 0.124037
0.107 0.123981
0.108 0.123924
0.109 0.123867
0.11 0.12381
0.111 0.123753
0.112 0.123695
0.113 0.123636
0.114 0.123578
0.115 0.123519
0.116 0.123459
0.117 0.1234
0.118 0.12334
0.119 0.12328
0.12 0.123219
0.121 0.123158
0.122 0.123097
0.123 0.123035
0.124 0.122973
0.125 0.122911
0.126 0.122848
0.127 0.122785
0.128 0.122722
0.129 0.122659
0.13 0.122595
0.131 0.122531
0.132 0.122466
0.133 0.122401
0.134 0.122336
0.135 0.122271
0.136 0.122205
0.137 0.122139
0.138 0.122073
0.139 0.122006
0.14 0.12194
0.141 0.121872
0.142 0.121805
0.143 0.121737
0.144 0.121669
0.145 0.121601
0.146 0.121532
0.147 0.121463
0.148 0.121394
0.149 0.121324
0.15 0.121255
0.151 0.121184
0.152 0.121114
0.153 0.121043
0.154 0.120973
0.155 0.120901
0.156 0.12083
0.157 0.120758
0.158 0.120686
0.159 0.120614
0.16 0.120541
0.161 0.120468
0.162 0.120395
0.163 0.120322
0.164 0.120248
0.165 0.120174
0.166 0.1201
0.167 0.120026
0.168 0.119951
0.169 0.119876
0.17 0.119801
0.171 0.119726
0.172 0.11965
0.173 0.119574
0.174 0.119498
0.175 0.119421
0.176 0.119344
0.177 0.119267
0.178 0.11919
0.179 0.119113
0.18 0.119035
0.181 0.118957
0.182 0.118879
0.183 0.1188
0.184 0.118722
0.185 0.118643
0.186 0.118564
0.187 0.118484
0.188 0.118405
0.189 0.118325
0.19 0.118245
0.191 0.118164
0.192 0.118084
0.193 0.118003
0.194 0.117922
0.195 0.117841
0.196 0.117759
0.197 0.117678
0.198 0.117596
0.199 0.117513
0.2 0.117431
0.201 0.117348
0.202 0.117266
0.203 0.117183
0.204 0.117099
0.205 0.117016
0.206 0.116932
0.207 0.116848
0.208 0.116764
0.209 0.11668
0.21 0.116595
0.211 0.11651
0.212 0.116426
0.213 0.11634
0.214 0.116255
0.215 0.116169
0.216 0.116084
0.217 0.115998
0.218 0.115911
0.219 0.115825
0.22 0.115738
0.221 0.115652
0.222 0.115565
0.223 0.115477
0.224 0.11539
0.225 0.115302
0.226 0.115215
0.227 0.115127
0.228 0.115038
0.229 0.11495
0.23 0.114861
0.231 0.114773
0.232 0.114684
0.233 0.114595
0.234 0.114505
0.235 0.114416
0.236 0.114326
0.237 0.114236
0.238 0.114146
0.239 0.114056
0.24 0.113966
0.241 0.113875
0.242 0.113784
0.243 0.113693
0.244 0.113602
0.245 0.113511
0.246 0.113419
0.247 0.113328
0.248 0.113236
0.249 0.113144
0.25 0.113052
0.251 0.112959
0.252 0.112867
0.253 0.112774
0.254 0.112681
0.255 0.112588
0.256 0.112495
0.257 0.112401
0.258 0.112308
0.259 0.112214
0.26 0.11212
0.261 0.112026
0.262 0.111932
0.263 0.111838
0.264 0.111743
0.265 0.111649
0.266 0.111554
0.267 0.111459
0.268 0.111364
0.269 0.111268
0.27 0.111173
0.271 0.111077
0.272 0.110981
0.273 0.110886
0.274 0.11079
0.275 0.110693
0.276 0.110597
0.277 0.1105
0.278 0.110404
0.279 0.110307
0.28 0.11021
0.281 0.110113
0.282 0.110016
0.283 0.109918
0.284 0.109821
0.285 0.109723
0.286 0.109625
0.287 0.109527
0.288 0.109429
0.289 0.109331
0.29 0.109233
0.291 0.109134
0.292 0.109035
0.293 0.108937
0.294 0.108838
0.295 0.108739
0.296 0.108639
0.297 0.10854
0.298 0.108441
0.299 0.108341
0.3 0.108241
0.301 0.108142
0.302 0.108041
0.303 0.107941
0.304 0.107841
0.305 0.107741
0.306 0.10764
0.307 0.10754
0.308 0.107439
0.309 0.107338
0.31 0.107237
0.311 0.107136
0.312 0.107035
0.313 0.106933
0.314 0.106832
0.315 0.10673
0.316 0.106628
0.317 0.106527
0.318 0.106425
0.319 0.106322
0.32 0.10622
0.321 0.106118
0.322 0.106016
0.323 0.105913
0.324 0.10581
0.325 0.105707
0.326 0.105605
0.327 0.105502
0.328 0.105398
0.329 0.105295
0.33 0.105192
0.331 0.105088
0.332 0.104985
0.333 0.104881
0.334 0.104777
0.335 0.104673
0.336 0.104569
0.337 0.104465
0.338 0.104361
0.339 0.104257
0.34 0.104152
0.341 0.104048
0.342 0.103943
0.343 0.103838
0.344 0.103733
0.345 0.103628
0.346 0.103523
0.347 0.103418
0.348 0.103313
0.349 0.103208
0.35 0.103102
0.351 0.102997
0.352 0.102891
0.353 0.102785
0.354 0.102679
0.355 0.102573
0.356 0.102467
0.357 0.102361
0.358 0.102255
0.359 0.102149
0.36 0.102042
0.361 0.101936
0.362 0.101829
0.363 0.101722
0.364 0.101616
0.365 0.101509
0.366 0.101402
0.367 0.101295
0.368 0.101187
0.369 0.10108
0.37 0.100973
0.371 0.100865
0.372 0.100758
0.373 0.10065
0.374 0.100543
0.375 0.100435
0.376 0.100327
0.377 0.100219
0.378 0.100111
0.379 0.100003
0.38 0.0998946
0.381 0.0997863
0.382 0.099678
0.383 0.0995695
0.384 0.099461
0.385 0.0993524
0.386 0.0992437
0.387 0.0991349
0.388 0.099026
0.389 0.0989171
0.39 0.0988081
0.391 0.098699
0.392 0.0985898
0.393 0.0984805
0.394 0.0983712
0.395 0.0982618
0.396 0.0981523
0.397 0.0980427
0.398 0.097933
0.399 0.0978233
0.4 0.0977135
0.401 0.0976037
0.402 0.0974937
0.403 0.0973836
0.404 0.0972736
0.405 0.0971634
0.406 0.0970531
0.407 0.0969428
0.408 0.0968324
0.409 0.0967219
0.41 0.0966114
0.411 0.0965008
0.412 0.0963902
0.413 0.0962794
0.414 0.0961686
0.415 0.0960577
0.416 0.0959468
0.417 0.0958357
0.418 0.0957246
0.419 0.0956135
0.42 0.0955023
0.421 0.095391
0.422 0.0952797
0.423 0.0951682
0.424 0.0950568
0.425 0.0949452
0.426 0.0948336
0.427 0.0947219
0.428 0.0946101
0.429 0.0944983
0.43 0.0943865
0.431 0.0942746
0.432 0.0941625
0.433 0.0940505
0.434 0.0939384
0.435 0.0938262
0.436 0.0937139
0.437 0.0936016
0.438 0.0934892
0.439 0.0933768
0.44 0.0932643
0.441 0.0931518
0.442 0.0930391
0.443 0.0929264
0.444 0.0928137
0.445 0.092701
0.446 0.0925881
0.447 0.0924752
0.448 0.0923622
0.449 0.0922492
0.45 0.0921362
0.451 0.092023
0.452 0.0919099
0.453 0.0917966
0.454 0.0916833
0.455 0.09157
0.456 0.0914566
0.457 0.0913431
0.458 0.0912296
0.459 0.0911161
0.46 0.0910024
0.461 0.0908888
0.462 0.0907751
0.463 0.0906613
0.464 0.0905475
0.465 0.0904336
0.466 0.0903196
0.467 0.0902057
0.468 0.0900916
0.469 0.0899776
0.47 0.0898634
0.471 0.0897493
0.472 0.089635
0.473 0.0895207
0.474 0.0894064
0.475 0.089292
0.476 0.0891776
0.477 0.0890631
0.478 0.0889486
0.479 0.088834
0.48 0.0887194
0.481 0.0886047
0.482 0.08849
0.483 0.0883752
0.484 0.0882604
0.485 0.0881455
0.486 0.0880305
0.487 0.0879156
0.488 0.0878006
0.489 0.0876855
0.49 0.0875704
0.491 0.0874553
0.492 0.0873401
0.493 0.0872248
0.494 0.0871096
0.495 0.0869943
0.496 0.0868789
0.497 0.0867635
0.498 0.086648
0.499 0.0865325
0.5 0.086417
0.501 0.0863014
0.502 0.0861858
0.503 0.0860702
0.504 0.0859544
0.505 0.0858387
0.506 0.0857229
0.507 0.0856071
0.508 0.0854912
0.509 0.0853753
0.51 0.0852593
0.511 0.0851433
0.512 0.0850273
0.513 0.0849112
0.514 0.0847951
0.515 0.0846789
0.516 0.0845626
0.517 0.0844464
0.518 0.0843301
0.519 0.0842138
0.52 0.0840975
0.521 0.0839811
0.522 0.0838646
0.523 0.0837482
0.524 0.0836317
0.525 0.0835151
0.526 0.0833985
0.527 0.0832819
0.528 0.0831653
0.529 0.0830486
0.53 0.0829318
0.531 0.082815
0.532 0.0826982
0.533 0.0825814
0.534 0.0824645
0.535 0.0823475
0.536 0.0822306
0.537 0.0821136
0.538 0.0819966
0.539 0.0818796
0.54 0.0817625
0.541 0.0816454
0.542 0.0815282
0.543 0.081411
0.544 0.0812938
0.545 0.0811765
0.546 0.0810592
0.547 0.0809419
0.548 0.0808245
0.549 0.0807071
0.55 0.0805897
0.551 0.0804723
0.552 0.0803548
0.553 0.0802372
0.554 0.0801196
0.555 0.080002
0.556 0.0798844
0.557 0.0797668
0.558 0.0796491
0.559 0.0795314
0.56 0.0794136
0.561 0.0792959
0.562 0.0791781
0.563 0.0790602
0.564 0.0789423
0.565 0.0788244
0.566 0.0787065
0.567 0.0785885
0.568 0.0784705
0.569 0.0783525
0.57 0.0782345
0.571 0.0781164
0.572 0.0779983
0.573 0.0778801
0.574 0.0777619
0.575 0.0776437
0.576 0.0775255
0.577 0.0774073
0.578 0.077289
0.579 0.0771707
0.58 0.0770523
0.581 0.076934
0.582 0.0768155
0.583 0.0766971
0.584 0.0765787
0.585 0.0764602
0.586 0.0763417
0.587 0.0762232
0.588 0.0761046
0.589 0.075986
0.59 0.0758674
0.591 0.0757488
0.592 0.0756301
0.593 0.0755114
0.594 0.0753927
0.595 0.075274
0.596 0.0751552
0.597 0.0750364
0.598 0.0749176
0.599 0.0747988
0.6 0.0746799
0.601 0.0745609
0.602 0.074442
0.603 0.0743231
0.604 0.0742041
0.605 0.0740851
0.606 0.0739661
0.607 0.0738471
0.608 0.073728
0.609 0.0736089
0.61 0.0734897
0.611 0.0733706
0.612 0.0732514
0.613 0.0731323
0.614 0.073013
0.615 0.0728938
0.616 0.0727746
0.617 0.0726553
0.618 0.072536
0.619 0.0724166
0.62 0.0722973
0.621 0.0721779
0.622 0.0720585
0.623 0.0719391
0.624 0.0718196
0.625 0.0717002
0.626 0.0715807
0.627 0.0714612
0.628 0.0713416
0.629 0.0712221
0.63 0.0711025
0.631 0.0709829
0.632 0.0708633
0.633 0.0707436
0.634 0.070624
0.635 0.0705043
0.636 0.0703846
0.637 0.0702649
0.638 0.0701451
0.639 0.0700253
0.64 0.0699055
0.641 0.0697857
0.642 0.0696659
0.643 0.069546
0.644 0.0694262
0.645 0.0693063
0.646 0.0691864
0.647 0.0690664
0.648 0.0689465
0.649 0.0688265
0.65 0.0687065
0.651 0.0685865
0.652 0.0684665
0.653 0.0683464
0.654 0.0682264
0.655 0.0681063
0.656 0.0679862
0.657 0.067866
0.658 0.0677459
0.659 0.0676258
0.66 0.0675056
0.661 0.0673854
0.662 0.0672652
0.663 0.0671449
0.664 0.0670247
0.665 0.0669044
0.666 0.066784
0.667 0.0666637
0.668 0.0665434
0.669 0.0664231
0.67 0.0663027
0.671 0.0661823
0.672 0.0660619
0.673 0.0659415
0.674 0.0658211
0.675 0.0657006
0.676 0.0655801
0.677 0.0654596
0.678 0.0653391
0.679 0.0652186
0.68 0.0650981
0.681 0.0649775
0.682 0.0648569
0.683 0.0647363
0.684 0.0646157
0.685 0.0644951
0.686 0.0643745
0.687 0.0642538
0.688 0.0641331
0.689 0.0640124
0.69 0.0638917
0.691 0.063771
0.692 0.0636503
0.693 0.0635295
0.694 0.0634088
0.695 0.063288
0.696 0.0631672
0.697 0.0630464
0.698 0.0629256
0.699 0.0628047
0.7 0.0626839
0.701 0.062563
0.702 0.0624421
0.703 0.0623211
0.704 0.0622002
0.705 0.0620793
0.706 0.0619584
0.707 0.0618374
0.708 0.0617164
0.709 0.0615954
0.71 0.0614744
0.711 0.0613533
0.712 0.0612323
0.713 0.0611112
0.714 0.0609902
0.715 0.0608691
0.716 0.060748
0.717 0.0606269
0.718 0.0605058
0.719 0.0603846
0.72 0.0602635
0.721 0.0601423
0.722 0.0600211
0.723 0.0598999
0.724 0.0597787
0.725 0.0596575
0.726 0.0595362
0.727 0.059415
0.728 0.0592938
0.729 0.0591725
0.73 0.0590512
0.731 0.0589299
0.732 0.0588086
0.733 0.0586873
0.734 0.0585659
0.735 0.0584446
0.736 0.0583232
0.737 0.0582019
0.738 0.0580805
0.739 0.0579591
0.74 0.0578377
0.741 0.0577162
0.742 0.0575948
0.743 0.0574733
0.744 0.0573519
0.745 0.0572304
0.746 0.057109
0.747 0.0569875
0.748 0.056866
0.749 0.0567445
0.75 0.056623
0.751 0.0565014
0.752 0.0563799
0.753 0.0562583
0.754 0.0561367
0.755 0.0560152
0.756 0.0558936
0.757 0.0557719
0.758 0.0556503
0.759 0.0555286
0.76 0.055407
0.761 0.0552853
0.762 0.0551637
0.763 0.055042
0.764 0.0549203
0.765 0.0547986
0.766 0.0546768
0.767 0.0545551
0.768 0.0544334
0.769 0.0543116
0.77 0.0541899
0.771 0.0540681
0.772 0.0539463
0.773 0.0538246
0.774 0.0537027
0.775 0.0535809
0.776 0.053459
0.777 0.0533372
0.778 0.0532154
0.779 0.0530936
0.78 0.0529717
0.781 0.0528498
0.782 0.052728
0.783 0.0526061
0.784 0.0524841
0.785 0.0523622
0.786 0.0522403
0.787 0.0521184
0.788 0.0519965
0.789 0.0518745
0.79 0.0517525
0.791 0.0516306
0.792 0.0515086
0.793 0.0513866
0.794 0.0512646
0.795 0.0511426
0.796 0.0510206
0.797 0.0508986
0.798 0.0507766
0.799 0.0506545
0.8 0.0505325
0.801 0.0504104
0.802 0.0502883
0.803 0.0501663
0.804 0.0500442
0.805 0.0499221
0.806 0.0498
0.807 0.0496778
0.808 0.0495557
0.809 0.0494336
0.81 0.0493115
0.811 0.0491893
0.812 0.0490671
0.813 0.048945
0.814 0.0488228
0.815 0.0487006
0.816 0.0485784
0.817 0.0484562
0.818 0.048334
0.819 0.0482118
0.82 0.0480896
0.821 0.0479673
0.822 0.0478451
0.823 0.0477229
0.824 0.0476006
0.825 0.0474783
0.826 0.047356
0.827 0.0472338
0.828 0.0471115
0.829 0.0469892
0.83 0.0468669
0.831 0.0467446
0.832 0.0466223
0.833 0.0465
0.834 0.0463776
0.835 0.0462552
0.836 0.0461329
0.837 0.0460105
0.838 0.0458882
0.839 0.0457658
0.84 0.0456434
0.841 0.045521
0.842 0.0453986
0.843 0.0452762
0.844 0.0451538
0.845 0.0450314
0.846 0.044909
0.847 0.0447866
0.848 0.0446641
0.849 0.0445416
0.85 0.0444192
0.851 0.0442967
0.852 0.0441743
0.853 0.0440518
0.854 0.0439293
0.855 0.0438068
0.856 0.0436843
0.857 0.0435618
0.858 0.0434393
0.859 0.0433168
0.86 0.0431943
0.861 0.0430718
0.862 0.0429492
0.863 0.0428267
0.864 0.0427042
0.865 0.0425816
0.866 0.042459
0.867 0.0423364
0.868 0.0422139
0.869 0.0420913
0.87 0.0419687
0.871 0.0418461
0.872 0.0417235
0.873 0.0416009
0.874 0.0414783
0.875 0.0413557
0.876 0.041233
0.877 0.0411104
0.878 0.0409878
0.879 0.0408652
0.88 0.0407426
0.881 0.0406199
0.882 0.0404973
0.883 0.0403746
0.884 0.040252
0.885 0.0401293
0.886 0.0400066
0.887 0.039884
0.888 0.0397613
0.889 0.0396386
0.89 0.039516
0.891 0.0393933
0.892 0.0392706
0.893 0.0391479
0.894 0.0390252
0.895 0.0389025
0.896 0.0387798
0.897 0.0386571
0.898 0.0385343
0.899 0.0384116
0.9 0.0382889
0.901 0.0381661
0.902 0.0380434
0.903 0.0379206
0.904 0.0377979
0.905 0.0376752
0.906 0.0375524
0.907 0.0374296
0.908 0.0373069
0.909 0.0371841
0.91 0.0370614
0.911 0.0369386
0.912 0.0368158
0.913 0.036693
0.914 0.0365702
0.915 0.0364475
0.916 0.0363247
0.917 0.0362019
0.918 0.0360791
0.919 0.0359563
0.92 0.0358335
0.921 0.0357107
0.922 0.0355879
0.923 0.0354651
0.924 0.0353423
0.925 0.0352194
0.926 0.0350966
0.927 0.0349738
0.928 0.034851
0.929 0.0347282
0.93 0.0346053
0.931 0.0344825
0.932 0.0343597
0.933 0.0342369
0.934 0.034114
0.935 0.0339911
0.936 0.0338683
0.937 0.0337455
0.938 0.0336226
0.939 0.0334998
0.94 0.0333769
0.941 0.0332541
0.942 0.0331312
0.943 0.0330083
0.944 0.0328855
0.945 0.0327626
0.946 0.0326398
0.947 0.0325169
0.948 0.032394
0.949 0.0322712
0.95 0.0321483
0.951 0.0320254
0.952 0.0319025
0.953 0.0317797
0.954 0.0316568
0.955 0.0315339
0.956 0.031411
0.957 0.0312882
0.958 0.0311653
0.959 0.0310424
0.96 0.0309196
0.961 0.0307967
0.962 0.0306738
0.963 0.0305509
0.964 0.030428
0.965 0.0303052
0.966 0.0301823
0.967 0.0300594
0.968 0.0299366
0.969 0.0298137
0.97 0.0296908
0.971 0.0295679
0.972 0.0294451
0.973 0.0293222
0.974 0.0291994
0.975 0.0290765
0.976 0.0289536
0.977 0.0288308
0.978 0.028708
0.979 0.0285851
0.98 0.0284623
0.981 0.0283394
0.982 0.0282166
0.983 0.0280938
0.984 0.027971
0.985 0.0278481
0.986 0.0277253
0.987 0.0276025
0.988 0.0274797
0.989 0.0273569
0.99 0.0272341
0.991 0.0271113
0.992 0.0269885
0.993 0.0268657
0.994 0.0267429
0.995 0.0266201
0.996 0.0264974
0.997 0.0263746
0.998 0.0262518
0.999 0.0261291
1 0.0260063
1.001 0.0258836
1.002 0.0257608
1.003 0.0256381
1.004 0.0255154
1.005 0.0253927
1.006 0.02527
1.007 0.0251472
1.008 0.0250246
1.009 0.0249019
1.01 0.0247792
1.011 0.0246565
1.012 0.0245338
1.013 0.0244112
1.014 0.0242886
1.015 0.024166
1.016 0.0240433
1.017 0.0239207
1.018 0.0237982
1.019 0.0236756
1.02 0.023553
1.021 0.0234304
1.022 0.0233079
1.023 0.0231854
1.024 0.0230629
1.025 0.0229404
1.026 0.0228179
1.027 0.0226955
1.028 0.022573
1.029 0.0224506
1.03 0.0223281
1.031 0.0222058
1.032 0.0220834
1.033 0.021961
1.034 0.0218387
1.035 0.0217164
1.036 0.0215941
1.037 0.0214718
1.038 0.0213495
1.039 0.0212272
1.04 0.021105
1.041 0.0209828
1.042 0.0208607
1.043 0.0207385
1.044 0.0206164
1.045 0.0204943
1.046 0.0203722
1.047 0.0202501
1.048 0.0201281
1.049 0.0200061
1.05 0.0198842
1.051 0.0197623
1.052 0.0196404
1.053 0.0195185
1.054 0.0193967
1.055 0.0192749
1.056 0.0191531
1.057 0.0190314
1.058 0.0189097
1.059 0.0187881
1.06 0.0186665
1.061 0.0185449
1.062 0.0184233
1.063 0.0183018
1.064 0.0181804
1.065 0.018059
1.066 0.0179376
1.067 0.0178163
1.068 0.0176951
1.069 0.0175739
1.07 0.0174527
1.071 0.0173316
1.072 0.0172105
1.073 0.0170895
1.074 0.0169686
1.075 0.0168477
1.076 0.0167269
1.077 0.0166061
1.078 0.0164854
1.079 0.0163648
1.08 0.0162442
1.081 0.0161238
1.082 0.0160033
1.083 0.015883
1.084 0.0157627
1.085 0.0156425
1.086 0.0155225
1.087 0.0154025
1.088 0.0152825
1.089 0.0151627
1.09 0.0150429
1.091 0.0149233
1.092 0.0148037
1.093 0.0146842
1.094 0.0145649
1.095 0.0144456
1.096 0.0143265
1.097 0.0142075
1.098 0.0140886
1.099 0.0139699
1.1 0.0138512
1.101 0.0137327
1.102 0.0136144
1.103 0.0134961
1.104 0.0133781
1.105 0.0132602
1.106 0.0131424
1.107 0.0130248
1.108 0.0129073
1.109 0.0127901
1.11 0.012673
1.111 0.0125562
1.112 0.0124394
1.113 0.0123229
1.114 0.0122067
1.115 0.0120906
1.116 0.0119748
1.117 0.0118592
1.118 0.0117439
1.119 0.0116288
1.12 0.011514
1.121 0.0113995
1.122 0.0112852
1.123 0.0111713
1.124 0.0110577
1.125 0.0109444
1.126 0.0108315
1.127 0.0107189
1.128 0.0106067
1.129 0.0104949
1.13 0.0103835
1.131 0.0102725
1.132 0.0101619
1.133 0.0100519
1.134 0.0099424
1.135 0.0098334
1.136 0.00972495
1.137 0.00961708
1.138 0.00950989
1.139 0.00940338
1.14 0.00929752
1.141 0.0091924
1.142 0.00908806
1.143 0.00898459
1.144 0.00888203
1.145 0.00878039
1.146 0.00867981
1.147 0.00858034
1.148 0.0084821
1.149 0.00838522
1.15 0.00828974
1.151 0.00819571
1.152 0.00810337
1.153 0.00801287
1.154 0.00792434
1.155 0.00783811
1.156 0.00775437
1.157 0.00767337
1.158 0.00759565
1.159 0.00752165
1.16 0.00745181
1.161 0.00748554
1.162 0.00749566
1.163 0.0074987
1.164 0.00749961
1.165 0.00750508
1.166 0.00751384
1.167 0.00752216
1.168 0.00752894
1.169 0.00753506
1.17 0.00754134
1.171 0.00754784
1.172 0.00755432
1.173 0.00756067
1.174 0.00756691
1.175 0.0075731
1.176 0.00757928
1.177 0.00758542
1.178 0.0075915
1.179 0.0075975
1.18 0.00760339
1.181 0.00760916
1.182 0.00761481
1.183 0.00762031
1.184 0.00762565
1.185 0.0076308
1.186 0.00763574
1.187 0.00764046
1.188 0.00764493
1.189 0.00764915
1.19 0.00765312
1.191 0.00765687
1.192 0.00766039
1.193 0.00766369
1.194 0.00766678
1.195 0.00766965
1.196 0.00767231
1.197 0.00767476
1.198 0.00767701
1.199 0.00767904
1.2 0.00768086
1.201 0.00768248
1.202 0.00768391
1.203 0.00768513
1.204 0.00768618
1.205 0.00768703
1.206 0.00768772
1.207 0.00768823
1.208 0.00768859
1.209 0.00768879
1.21 0.00768884
1.211 0.00768875
1.212 0.00768853
1.213 0.00768819
1.214 0.00768773
1.215 0.00768716
1.216 0.00768649
1.217 0.00768573
1.218 0.00768488
1.219 0.00768396
1.22 0.00768297
1.221 0.00768191
1.222 0.0076808
1.223 0.00767964
1.224 0.00767843
1.225 0.00767719
1.226 0.00767592
1.227 0.00767463
1.228 0.00767332
1.229 0.007672
1.23 0.00767067
1.231 0.00766935
1.232 0.00766805
1.233 0.00766676
1.234 0.0076655
1.235 0.00766426
1.236 0.00766307
1.237 0.00766191
1.238 0.00766079
1.239 0.00765972
1.24 0.0076587
1.241 0.00765774
1.242 0.00765682
1.243 0.00765597
1.244 0.00765517
1.245 0.00765443
1.246 0.00765376
1.247 0.00765314
1.248 0.00765259
1.249 0.00765211
1.25 0.00765168
1.251 0.00765132
1.252 0.00765102
1.253 0.00765079
1.254 0.00765061
1.255 0.0076505
1.256 0.00765044
1.257 0.00765045
1.258 0.0076505
1.259 0.00765062
1.26 0.00765078
1.261 0.007651
1.262 0.00765126
1.263 0.00765157
1.264 0.00765192
1.265 0.00765232
1.266 0.00765275
1.267 0.00765323
1.268 0.00765373
1.269 0.00765427
1.27 0.00765484
1.271 0.00765544
1.272 0.00765606
1.273 0.0076567
1.274 0.00765737
1.275 0.00765805
1.276 0.00765874
1.277 0.00765945
1.278 0.00766017
1.279 0.0076609
1.28 0.00766164
1.281 0.00766238
1.282 0.00766312
1.283 0.00766386
1.284 0.0076646
1.285 0.00766534
1.286 0.00766607
1.287 0.00766679
1.288 0.00766751
1.289 0.00766821
1.29 0.00766891
1.291 0.00766958
1.292 0.00767023
1.293 0.00767086
1.294 0.00767146
1.295 0.00767204
1.296 0.00767259
1.297 0.00767312
1.298 0.00767362
1.299 0.0076741
