0 0.127499
0.001 0.127496
0.002 0.127494
0.003 0.12749
0.004 0.127486
0.005 0.127481
0.006 0.127476
0.007 0.12747
0.008 0.127463
0.009 0.127456
0.01 0.127449
0.011 0.12744
0.012 0.127432
0.013 0.127423
0.014 0.127413
0.015 0.127403
0.016 0.127392
0.017 0.127381
0.018 0.12737
0.019 0.127358
0.02 0.127346
0.021 0.127333
0.022 0.12732
0.023 0.127306
0.024 0.127292
0.025 0.127278
0.026 0.127264
0.027 0.127249
0.028 0.127233
0.029 0.127217
0.03 0.127201
0.031 0.127185
0.032 0.127168
0.033 0.127151
0.034 0.127134
0.035 0.127116
0.036 0.127098
0.037 0.127079
0.038 0.127061
0.039 0.127042
0.04 0.127022
0.041 0.127003
0.042 0.126983
0.043 0.126963
0.044 0.126942
0.045 0.126921
0.046 0.1269
0.047 0.126879
0.048 0.126857
0.049 0.126835
0.05 0.126813
0.051 0.126791
0.052 0.126768
0.053 0.126745
0.054 0.126722
0.055 0.126699
0.056 0.126675
0.057 0.126651
0.058 0.126627
0.059 0.126603
0.06 0.126578
0.061 0.126553
0.062 0.126528
0.063 0.126503
0.064 0.126478
0.065 0.126452
0.066 0.126426
0.067 0.1264
0.068 0.126373
0.069 0.126347
0.07 0.12632
0.071 0.126293
0.072 0.126266
0.073 0.126238
0.074 0.126211
0.075 0.126183
0.076 0.126155
0.077 0.126127
0.078 0.126099
0.079 0.12607
0.08 0.126041
0.081 0.126013
0.082 0.125984
0.083 0.125954
0.084 0.125925
0.085 0.125895
0.086 0.125866
0.087 0.125836
0.088 0.125806
0.089 0.125775
0.09 0.125745
0.091 0.125714
0.092 0.125683
0.093 0.125652
0.094 0.125621
0.095 0.12559
0.096 0.125558
0.097 0.125527
0.098 0.125495
0.099 0.125463
0.1 0.125431
0.101 0.125399
0.102 0.125366
0.103 0.125334
0.104 0.125301
0.105 0.125268
0.106 0.125235
0.107 0.125202
0.108 0.125168
0.109 0.125135
0.11 0.125102
0.111 0.125068
0.112 0.125034
0.113 0.125
0.114 0.124966
0.115 0.124932
0.116 0.124897
0.117 0.124863
0.118 0.124828
0.119 0.124794
0.12 0.124759
0.121 0.124724
0.122 0.124688
0.123 0.124653
0.124 0.124618
0.125 0.124582
0.126 0.124546
0.127 0.12451
0.128 0.124474
0.129 0.124438
0.13 0.124402
0.131 0.124366
0.132 0.124329
0.133 0.124293
0.134 0.124256
0.135 0.124219
0.136 0.124182
0.137 0.124145
0.138 0.124108
0.139 0.12407
0.14 0.124033
0.141 0.123995
0.142 0.123958
0.143 0.12392
0.144 0.123882
0.145 0.123844
0.146 0.123806
0.147 0.123768
0.148 0.12373
0.149 0.123691
0.15 0.123653
0.151 0.123614
0.152 0.123576
0.153 0.123537
0.154 0.123498
0.155 0.123459
0.156 0.12342
0.157 0.12338
0.158 0.123341
0.159 0.123302
0.16 0.123262
0.161 0.123223
0.162 0.123183
0.163 0.123143
0.164 0.123103
0.165 0.123063
0.166 0.123023
0.167 0.122983
0.168 0.122942
0.169 0.122902
0.17 0.122861
0.171 0.122821
0.172 0.12278
0.173 0.12274
0.174 0.122699
0.175 0.122658
0.176 0.122617
0.177 0.122576
0.178 0.122535
0.179 0.122494
0.18 0.122452
0.181 0.122411
0.182 0.122369
0.183 0.122327
0.184 0.122286
0.185 0.122244
0.186 0.122202
0.187 0.12216
0.188 0.122118
0.189 0.122076
0.19 0.122033
0.191 0.121991
0.192 0.121949
0.193 0.121906
0.194 0.121863
0.195 0.121821
0.196 0.121778
0.197 0.121735
0.198 0.121693
0.199 0.12165
0.2 0.121607
0.201 0.121563
0.202 0.12152
0.203 0.121477
0.204 0.121434
0.205 0.121391
0.206 0.121347
0.207 0.121304
0.208 0.12126
0.209 0.121216
0.21 0.121172
0.211 0.121128
0.212 0.121085
0.213 0.121041
0.214 0.120996
0.215 0.120952
0.216 0.120908
0.217 0.120864
0.218 0.120819
0.219 0.120775
0.22 0.12073
0.221 0.120686
0.222 0.120641
0.223 0.120597
0.224 0.120552
0.225 0.120507
0.226 0.120462
0.227 0.120417
0.228 0.120372
0.229 0.120327
0.23 0.120282
0.231 0.120237
0.232 0.120192
0.233 0.120146
0.234 0.120101
0.235 0.120055
0.236 0.12001
0.237 0.119964
0.238 0.119919
0.239 0.119873
0.24 0.119827
0.241 0.119781
0.242 0.119735
0.243 0.119689
0.244 0.119643
0.245 0.119597
0.246 0.119551
0.247 0.119505
0.248 0.119458
0.249 0.119412
0.25 0.119366
0.251 0.119319
0.252 0.119273
0.253 0.119226
0.254 0.11918
0.255 0.119133
0.256 0.119086
0.257 0.11904
0.258 0.118993
0.259 0.118946
0.26 0.118899
0.261 0.118852
0.262 0.118805
0.263 0.118757
0.264 0.11871
0.265 0.118663
0.266 0.118616
0.267 0.118568
0.268 0.118521
0.269 0.118473
0.27 0.118426
0.271 0.118378
0.272 0.118331
0.273 0.118283
0.274 0.118236
0.275 0.118188
0.276 0.11814
0.277 0.118092
0.278 0.118044
0.279 0.117996
0.28 0.117948
0.281 0.1179
0.282 0.117852
0.283 0.117804
0.284 0.117756
0.285 0.117708
0.286 0.117659
0.287 0.117611
0.288 0.117562
0.289 0.117514
0.29 0.117465
0.291 0.117417
0.292 0.117368
0.293 0.117319
0.294 0.117271
0.295 0.117222
0.296 0.117173
0.297 0.117124
0.298 0.117076
0.299 0.117027
0.3 0.116978
0.301 0.116929
0.302 0.11688
0.303 0.116831
0.304 0.116781
0.305 0.116732
0.306 0.116683
0.307 0.116634
0.308 0.116584
0.309 0.116535
0.31 0.116486
0.311 0.116436
0.312 0.116386
0.313 0.116337
0.314 0.116287
0.315 0.116238
0.316 0.116188
0.317 0.116138
0.318 0.116089
0.319 0.116039
0.32 0.115989
0.321 0.115939
0.322 0.11589
0.323 0.11584
0.324 0.11579
0.325 0.11574
0.326 0.11569
0.327 0.115639
0.328 0.115589
0.329 0.115539
0.33 0.115489
0.331 0.115439
0.332 0.115388
0.333 0.115338
0.334 0.115287
0.335 0.115237
0.336 0.115186
0.337 0.115136
0.338 0.115085
0.339 0.115035
0.34 0.114984
0.341 0.114934
0.342 0.114883
0.343 0.114832
0.344 0.114782
0.345 0.114731
0.346 0.11468
0.347 0.114629
0.348 0.114578
0.349 0.114527
0.35 0.114476
0.351 0.114425
0.352 0.114374
0.353 0.114323
0.354 0.114272
0.355 0.114221
0.356 0.114169
0.357 0.114118
0.358 0.114067
0.359 0.114016
0.36 0.113964
0.361 0.113913
0.362 0.113862
0.363 0.11381
0.364 0.113759
0.365 0.113707
0.366 0.113656
0.367 0.113604
0.368 0.113553
0.369 0.113501
0.37 0.113449
0.371 0.113398
0.372 0.113346
0.373 0.113294
0.374 0.113242
0.375 0.113191
0.376 0.113139
0.377 0.113087
0.378 0.113035
0.379 0.112983
0.38 0.112931
0.381 0.112879
0.382 0.112827
0.383 0.112775
0.384 0.112723
0.385 0.11267
0.386 0.112618
0.387 0.112566
0.388 0.112514
0.389 0.112462
0.39 0.112409
0.391 0.112357
0.392 0.112305
0.393 0.112252
0.394 0.1122
0.395 0.112148
0.396 0.112095
0.397 0.112043
0.398 0.11199
0.399 0.111937
0.4 0.111885
0.401 0.111832
0.402 0.11178
0.403 0.111727
0.404 0.111674
0.405 0.111622
0.406 0.111569
0.407 0.111516
0.408 0.111464
0.409 0.111411
0.41 0.111358
0.411 0.111305
0.412 0.111252
0.413 0.111199
0.414 0.111146
0.415 0.111093
0.416 0.11104
0.417 0.110987
0.418 0.110934
0.419 0.110881
0.42 0.110828
0.421 0.110775
0.422 0.110722
0.423 0.110668
0.424 0.110615
0.425 0.110562
0.426 0.110509
0.427 0.110455
0.428 0.110402
0.429 0.110349
0.43 0.110296
0.431 0.110242
0.432 0.110189
0.433 0.110135
0.434 0.110082
0.435 0.110028
0.436 0.109975
0.437 0.109921
0.438 0.109868
0.439 0.109814
0.44 0.10976
0.441 0.109707
0.442 0.109653
0.443 0.109599
0.444 0.109546
0.445 0.109492
0.446 0.109438
0.447 0.109385
0.448 0.109331
0.449 0.109277
0.45 0.109223
0.451 0.109169
0.452 0.109116
0.453 0.109062
0.454 0.109008
0.455 0.108954
0.456 0.1089
0.457 0.108846
0.458 0.108792
0.459 0.108738
0.46 0.108684
0.461 0.108629
0.462 0.108575
0.463 0.108521
0.464 0.108467
0.465 0.108413
0.466 0.108359
0.467 0.108304
0.468 0.10825
0.469 0.108196
0.47 0.108142
0.471 0.108087
0.472 0.108033
0.473 0.107979
0.474 0.107924
0.475 0.10787
0.476 0.107816
0.477 0.107761
0.478 0.107707
0.479 0.107652
0.48 0.107598
0.481 0.107543
0.482 0.107489
0.483 0.107434
0.484 0.107379
0.485 0.107325
0.486 0.10727
0.487 0.107216
0.488 0.107161
0.489 0.107107
0.49 0.107052
0.491 0.106997
0.492 0.106943
0.493 0.106888
0.494 0.106833
0.495 0.106778
0.496 0.106724
0.497 0.106669
0.498 0.106614
0.499 0.106559
0.5 0.106504
0.501 0.106449
0.502 0.106394
0.503 0.106339
0.504 0.106284
0.505 0.106229
0.506 0.106174
0.507 0.106119
0.508 0.106064
0.509 0.106009
0.51 0.105954
0.511 0.105899
0.512 0.105844
0.513 0.105789
0.514 0.105734
0.515 0.105679
0.516 0.105624
0.517 0.105569
0.518 0.105514
0.519 0.105458
0.52 0.105403
0.521 0.105348
0.522 0.105292
0.523 0.105237
0.524 0.105182
0.525 0.105127
0.526 0.105071
0.527 0.105016
0.528 0.104961
0.529 0.104905
0.53 0.10485
0.531 0.104795
0.532 0.104739
0.533 0.104684
0.534 0.104629
0.535 0.104573
0.536 0.104518
0.537 0.104462
0.538 0.104407
0.539 0.104351
0.54 0.104296
0.541 0.10424
0.542 0.104184
0.543 0.104129
0.544 0.104073
0.545 0.104017
0.546 0.103962
0.547 0.103906
0.548 0.103851
0.549 0.103795
0.55 0.103739
0.551 0.103684
0.552 0.103628
0.553 0.103572
0.554 0.103516
0.555 0.103461
0.556 0.103405
0.557 0.103349
0.558 0.103293
0.559 0.103237
0.56 0.103182
0.561 0.103126
0.562 0.10307
0.563 0.103014
0.564 0.102958
0.565 0.102902
0.566 0.102846
0.567 0.10279
0.568 0.102734
0.569 0.102679
0.57 0.102623
0.571 0.102567
0.572 0.102511
0.573 0.102455
0.574 0.102399
0.575 0.102343
0.576 0.102287
0.577 0.102231
0.578 0.102175
0.579 0.102118
0.58 0.102062
0.581 0.102006
0.582 0.10195
0.583 0.101894
0.584 0.101838
0.585 0.101781
0.586 0.101725
0.587 0.101669
0.588 0.101613
0.589 0.101557
0.59 0.101501
0.591 0.101444
0.592 0.101388
0.593 0.101332
0.594 0.101276
0.595 0.101219
0.596 0.101163
0.597 0.101107
0.598 0.10105
0.599 0.100994
0.6 0.100938
0.601 0.100881
0.602 0.100825
0.603 0.100768
0.604 0.100712
0.605 0.100656
0.606 0.100599
0.607 0.100543
0.608 0.100487
0.609 0.10043
0.61 0.100374
0.611 0.100317
0.612 0.100261
0.613 0.100204
0.614 0.100148
0.615 0.100091
0.616 0.100035
0.617 0.0999782
0.618 0.0999217
0.619 0.0998651
0.62 0.0998085
0.621 0.0997518
0.622 0.0996952
0.623 0.0996385
0.624 0.0995819
0.625 0.0995253
0.626 0.0994687
0.627 0.099412
0.628 0.0993554
0.629 0.0992988
0.63 0.0992422
0.631 0.0991855
0.632 0.0991289
0.633 0.0990722
0.634 0.0990154
0.635 0.0989586
0.636 0.0989019
0.637 0.0988452
0.638 0.0987884
0.639 0.0987316
0.64 0.0986748
0.641 0.0986179
0.642 0.098561
0.643 0.0985042
0.644 0.0984474
0.645 0.0983907
0.646 0.0983339
0.647 0.0982771
0.648 0.0982203
0.649 0.0981635
0.65 0.0981067
0.651 0.0980499
0.652 0.097993
0.653 0.097936
0.654 0.0978791
0.655 0.0978221
0.656 0.0977652
0.657 0.0977083
0.658 0.0976513
0.659 0.0975944
0.66 0.0975373
0.661 0.0974803
0.662 0.0974233
0.663 0.0973662
0.664 0.0973092
0.665 0.0972523
0.666 0.0971953
0.667 0.0971382
0.668 0.0970813
0.669 0.0970243
0.67 0.0969673
0.671 0.0969103
0.672 0.0968532
0.673 0.0967961
0.674 0.0967389
0.675 0.0966818
0.676 0.0966247
0.677 0.0965677
0.678 0.0965105
0.679 0.0964533
0.68 0.0963961
0.681 0.0963388
0.682 0.0962817
0.683 0.0962245
0.684 0.0961674
0.685 0.0961103
0.686 0.0960532
0.687 0.095996
0.688 0.0959389
0.689 0.0958817
0.69 0.0958246
0.691 0.0957673
0.692 0.09571
0.693 0.0956527
0.694 0.0955955
0.695 0.0955382
0.696 0.095481
0.697 0.0954237
0.698 0.0953663
0.699 0.095309
0.7 0.0952516
0.701 0.0951943
0.702 0.0951369
0.703 0.0950796
0.704 0.0950223
0.705 0.094965
0.706 0.0949076
0.707 0.0948503
0.708 0.094793
0.709 0.0947357
0.71 0.0946783
0.711 0.0946209
0.712 0.0945635
0.713 0.094506
0.714 0.0944486
0.715 0.0943912
0.716 0.0943337
0.717 0.0942763
0.718 0.0942188
0.719 0.0941612
0.72 0.0941037
0.721 0.0940462
0.722 0.0939888
0.723 0.0939314
0.724 0.0938739
0.725 0.0938165
0.726 0.093759
0.727 0.0937016
0.728 0.0936441
0.729 0.0935866
0.73 0.0935291
0.731 0.0934715
0.732 0.0934139
0.733 0.0933563
0.734 0.0932988
0.735 0.0932413
0.736 0.0931837
0.737 0.0931261
0.738 0.0930684
0.739 0.0930107
0.74 0.0929531
0.741 0.0928954
0.742 0.0928378
0.743 0.0927802
0.744 0.0927226
0.745 0.092665
0.746 0.0926075
0.747 0.0925499
0.748 0.0924923
0.749 0.0924346
0.75 0.0923769
0.751 0.0923192
0.752 0.0922615
0.753 0.0922038
0.754 0.0921462
0.755 0.0920885
0.756 0.0920307
0.757 0.0919729
0.758 0.0919152
0.759 0.0918575
0.76 0.0917998
0.761 0.0917421
0.762 0.0916844
0.763 0.0916268
0.764 0.0915691
0.765 0.0915114
0.766 0.0914537
0.767 0.091396
0.768 0.0913382
0.769 0.0912804
0.77 0.0912226
0.771 0.0911648
0.772 0.091107
0.773 0.0910492
0.774 0.0909914
0.775 0.0909336
0.776 0.0908757
0.777 0.0908178
0.778 0.09076
0.779 0.0907021
0.78 0.0906443
0.781 0.0905865
0.782 0.0905286
0.783 0.0904708
0.784 0.090413
0.785 0.0903552
0.786 0.0902974
0.787 0.0902395
0.788 0.0901817
0.789 0.0901237
0.79 0.0900658
0.791 0.0900079
0.792 0.08995
0.793 0.0898921
0.794 0.0898342
0.795 0.0897762
0.796 0.0897182
0.797 0.0896602
0.798 0.0896023
0.799 0.0895444
0.8 0.0894865
0.801 0.0894286
0.802 0.0893707
0.803 0.0893128
0.804 0.0892549
0.805 0.0891969
0.806 0.089139
0.807 0.089081
0.808 0.089023
0.809 0.088965
0.81 0.088907
0.811 0.088849
0.812 0.088791
0.813 0.088733
0.814 0.0886749
0.815 0.0886168
0.816 0.0885587
0.817 0.0885006
0.818 0.0884426
0.819 0.0883846
0.82 0.0883266
0.821 0.0882685
0.822 0.0882105
0.823 0.0881526
0.824 0.0880946
0.825 0.0880365
0.826 0.0879785
0.827 0.0879203
0.828 0.0878622
0.829 0.0878041
0.83 0.087746
0.831 0.0876879
0.832 0.0876298
0.833 0.0875716
0.834 0.0875134
0.835 0.0874553
0.836 0.0873971
0.837 0.087339
0.838 0.087281
0.839 0.0872229
0.84 0.0871648
0.841 0.0871068
0.842 0.0870487
0.843 0.0869906
0.844 0.0869325
0.845 0.0868743
0.846 0.0868161
0.847 0.0867579
0.848 0.0866997
0.849 0.0866416
0.85 0.0865834
0.851 0.0865252
0.852 0.086467
0.853 0.0864087
0.854 0.0863505
0.855 0.0862922
0.856 0.086234
0.857 0.0861758
0.858 0.0861176
0.859 0.0860594
0.86 0.0860012
0.861 0.085943
0.862 0.0858849
0.863 0.0858267
0.864 0.0857685
0.865 0.0857102
0.866 0.0856519
0.867 0.0855936
0.868 0.0855354
0.869 0.0854771
0.87 0.0854189
0.871 0.0853606
0.872 0.0853022
0.873 0.0852439
0.874 0.0851856
0.875 0.0851273
0.876 0.0850691
0.877 0.0850109
0.878 0.0849527
0.879 0.0848945
0.88 0.0848362
0.881 0.084778
0.882 0.0847197
0.883 0.0846614
0.884 0.0846031
0.885 0.0845447
0.886 0.0844864
0.887 0.0844281
0.888 0.0843698
0.889 0.0843115
0.89 0.0842531
0.891 0.0841947
0.892 0.0841363
0.893 0.084078
0.894 0.0840196
0.895 0.0839613
0.896 0.0839029
0.897 0.0838446
0.898 0.0837863
0.899 0.083728
0.9 0.0836697
0.901 0.0836113
0.902 0.083553
0.903 0.0834946
0.904 0.0834361
0.905 0.0833777
0.906 0.0833193
0.907 0.083261
0.908 0.0832026
0.909 0.0831441
0.91 0.0830857
0.911 0.0830272
0.912 0.0829688
0.913 0.0829104
0.914 0.0828521
0.915 0.0827938
0.916 0.0827354
0.917 0.082677
0.918 0.0826187
0.919 0.0825603
0.92 0.0825019
0.921 0.0824435
0.922 0.082385
0.923 0.0823266
0.924 0.0822681
0.925 0.0822097
0.926 0.0821513
0.927 0.0820928
0.928 0.0820343
0.929 0.0819758
0.93 0.0819173
0.931 0.0818588
0.932 0.0818003
0.933 0.0817419
0.934 0.0816834
0.935 0.081625
0.936 0.0815665
0.937 0.0815081
0.938 0.0814497
0.939 0.0813912
0.94 0.0813328
0.941 0.0812742
0.942 0.0812157
0.943 0.0811572
0.944 0.0810987
0.945 0.0810402
0.946 0.0809817
0.947 0.0809231
0.948 0.0808646
0.949 0.080806
0.95 0.0807475
0.951 0.080689
0.952 0.0806305
0.953 0.0805721
0.954 0.0805136
0.955 0.0804551
0.956 0.0803967
0.957 0.0803382
0.958 0.0802797
0.959 0.0802212
0.96 0.0801626
0.961 0.080104
0.962 0.0800455
0.963 0.0799869
0.964 0.0799284
0.965 0.0798699
0.966 0.0798113
0.967 0.0797527
0.968 0.079694
0.969 0.0796354
0.97 0.0795768
0.971 0.0795183
0.972 0.0794598
0.973 0.0794012
0.974 0.0793426
0.975 0.0792841
0.976 0.0792256
0.977 0.0791671
0.978 0.0791085
0.979 0.0790499
0.98 0.0789912
0.981 0.0789326
0.982 0.078874
0.983 0.0788154
0.984 0.0787568
0.985 0.0786982
0.986 0.0786395
0.987 0.0785808
0.988 0.0785222
0.989 0.0784636
0.99 0.0784051
0.991 0.0783466
0.992 0.078288
0.993 0.0782294
0.994 0.0781709
0.995 0.0781123
0.996 0.0780537
0.997 0.0779951
0.998 0.0779364
0.999 0.0778777
1 0.0778191
1.001 0.0777605
1.002 0.0777018
1.003 0.0776432
1.004 0.0775845
1.005 0.0775258
1.006 0.0774671
1.007 0.0774084
1.008 0.0773497
1.009 0.0772911
1.01 0.0772324
1.011 0.0771738
1.012 0.0771152
1.013 0.0770565
1.014 0.076998
1.015 0.0769393
1.016 0.0768807
1.017 0.0768219
1.018 0.0767632
1.019 0.0767045
1.02 0.0766458
1.021 0.0765872
1.022 0.0765285
1.023 0.0764697
1.024 0.0764109
1.025 0.0763522
1.026 0.0762935
1.027 0.0762348
1.028 0.0761762
1.029 0.0761176
1.03 0.0760589
1.031 0.0760003
1.032 0.0759416
1.033 0.075883
1.034 0.0758243
1.035 0.0757656
1.036 0.0757069
1.037 0.0756481
1.038 0.0755894
1.039 0.0755307
1.04 0.075472
1.041 0.0754133
1.042 0.0753545
1.043 0.0752957
1.044 0.0752369
1.045 0.0751782
1.046 0.0751194
1.047 0.0750607
1.048 0.075002
1.049 0.0749432
1.05 0.0748846
1.051 0.0748259
1.052 0.0747672
1.053 0.0747085
1.054 0.0746498
1.055 0.074591
1.056 0.0745322
1.057 0.0744734
1.058 0.0744147
1.059 0.0743559
1.06 0.0742972
1.061 0.0742384
1.062 0.0741795
1.063 0.0741207
1.064 0.0740619
1.065 0.0740032
1.066 0.0739445
1.067 0.0738858
1.068 0.0738271
1.069 0.0737684
1.07 0.0737097
1.071 0.073651
1.072 0.0735922
1.073 0.0735334
1.074 0.0734746
1.075 0.0734158
1.076 0.073357
1.077 0.0732982
1.078 0.0732395
1.079 0.0731807
1.08 0.0731218
1.081 0.073063
1.082 0.0730041
1.083 0.0729452
1.084 0.0728865
1.085 0.0728277
1.086 0.0727689
1.087 0.0727101
1.088 0.0726514
1.089 0.0725926
1.09 0.0725339
1.091 0.0724751
1.092 0.0724163
1.093 0.0723575
1.094 0.0722987
1.095 0.0722398
1.096 0.072181
1.097 0.0721223
1.098 0.0720634
1.099 0.0720045
1.1 0.0719456
1.101 0.0718868
1.102 0.0718279
1.103 0.0717691
1.104 0.0717104
1.105 0.0716516
1.106 0.0715928
1.107 0.071534
1.108 0.0714753
1.109 0.0714165
1.11 0.0713577
1.111 0.0712988
1.112 0.07124
1.113 0.0711811
1.114 0.0711223
1.115 0.0710635
1.116 0.0710047
1.117 0.0709458
1.118 0.070887
1.119 0.070828
1.12 0.0707691
1.121 0.0707102
1.122 0.0706514
1.123 0.0705926
1.124 0.0705337
1.125 0.0704749
1.126 0.0704161
1.127 0.0703573
1.128 0.0702985
1.129 0.0702397
1.13 0.0701809
1.131 0.070122
1.132 0.0700631
1.133 0.0700042
1.134 0.0699453
1.135 0.0698865
1.136 0.0698276
1.137 0.0697687
1.138 0.0697098
1.139 0.0696509
1.14 0.069592
1.141 0.0695332
1.142 0.0694744
1.143 0.0694156
1.144 0.0693568
1.145 0.069298
1.146 0.0692392
1.147 0.0691803
1.148 0.0691215
1.149 0.0690626
1.15 0.0690037
1.151 0.0689448
1.152 0.0688859
1.153 0.0688271
1.154 0.0687682
1.155 0.0687093
1.156 0.0686504
1.157 0.0685914
1.158 0.0685325
1.159 0.0684736
1.16 0.0684147
1.161 0.0683558
1.162 0.0682969
1.163 0.0682381
1.164 0.0681792
1.165 0.0681204
1.166 0.0680616
1.167 0.0680027
1.168 0.0679438
1.169 0.0678848
1.17 0.0678259
1.171 0.067767
1.172 0.0677081
1.173 0.0676492
1.174 0.0675902
1.175 0.0675313
1.176 0.0674723
1.177 0.0674134
1.178 0.0673545
1.179 0.0672957
1.18 0.0672368
1.181 0.067178
1.182 0.0671191
1.183 0.0670603
1.184 0.0670015
1.185 0.0669426
1.186 0.0668836
1.187 0.0668247
1.188 0.0667657
1.189 0.0667068
1.19 0.0666479
1.191 0.066589
1.192 0.0665301
1.193 0.0664711
1.194 0.0664121
1.195 0.0663531
1.196 0.0662941
1.197 0.0662352
1.198 0.0661763
1.199 0.0661174
1.2 0.0660585
1.201 0.0659996
1.202 0.0659407
1.203 0.0658818
1.204 0.0658229
1.205 0.065764
1.206 0.065705
1.207 0.065646
1.208 0.0655871
1.209 0.0655282
1.21 0.0654692
1.211 0.0654103
1.212 0.0653513
1.213 0.0652923
1.214 0.0652333
1.215 0.0651743
1.216 0.0651154
1.217 0.0650565
1.218 0.0649976
1.219 0.0649388
1.22 0.0648799
1.221 0.064821
1.222 0.0647621
1.223 0.0647032
1.224 0.0646442
1.225 0.0645852
1.226 0.0645262
1.227 0.0644672
1.228 0.0644083
1.229 0.0643494
1.23 0.0642904
1.231 0.0642314
1.232 0.0641723
1.233 0.0641133
1.234 0.0640543
1.235 0.0639953
1.236 0.0639364
1.237 0.0638774
1.238 0.0638185
1.239 0.0637596
1.24 0.0637007
1.241 0.0636418
1.242 0.0635828
1.243 0.0635239
1.244 0.0634649
1.245 0.0634059
1.246 0.0633469
1.247 0.063288
1.248 0.063229
1.249 0.06317
1.25 0.063111
1.251 0.0630519
1.252 0.0629929
1.253 0.0629339
1.254 0.062875
1.255 0.0628161
1.256 0.0627572
1.257 0.0626983
1.258 0.0626393
1.259 0.0625804
1.26 0.0625215
1.261 0.0624625
1.262 0.0624036
1.263 0.0623446
1.264 0.0622856
1.265 0.0622266
1.266 0.0621676
1.267 0.0621087
1.268 0.0620497
1.269 0.0619906
1.27 0.0619316
1.271 0.0618726
1.272 0.0618135
1.273 0.0617546
1.274 0.0616956
1.275 0.0616366
1.276 0.0615777
1.277 0.0615187
1.278 0.0614598
1.279 0.0614009
1.28 0.0613419
1.281 0.0612829
1.282 0.0612239
1.283 0.0611649
1.284 0.0611059
1.285 0.0610469
1.286 0.0609879
1.287 0.0609289
1.288 0.0608698
1.289 0.0608108
1.29 0.0607518
1.291 0.0606928
1.292 0.0606339
1.293 0.060575
1.294 0.0605161
1.295 0.0604571
1.296 0.0603982
1.297 0.0603393
1.298 0.0602803
1.299 0.0602213
1.3 0.0601623
1.301 0.0601032
1.302 0.0600442
1.303 0.0599852
1.304 0.0599263
1.305 0.0598673
1.306 0.0598082
1.307 0.0597492
1.308 0.0596901
1.309 0.0596311
1.31 0.059572
1.311 0.059513
1.312 0.0594541
1.313 0.0593951
1.314 0.0593361
1.315 0.0592771
1.316 0.0592182
1.317 0.0591592
1.318 0.0591002
1.319 0.0590412
1.32 0.0589821
1.321 0.058923
1.322 0.0588641
1.323 0.0588051
1.324 0.058746
1.325 0.058687
1.326 0.0586279
1.327 0.0585688
1.328 0.0585097
1.329 0.0584508
1.33 0.0583918
1.331 0.0583329
1.332 0.0582739
1.333 0.058215
1.334 0.058156
1.335 0.0580971
1.336 0.0580381
1.337 0.057979
1.338 0.05792
1.339 0.0578609
1.34 0.0578019
1.341 0.0577429
1.342 0.0576839
1.343 0.0576248
1.344 0.0575657
1.345 0.0575066
1.346 0.0574475
1.347 0.0573884
1.348 0.0573294
1.349 0.0572704
1.35 0.0572114
1.351 0.0571524
1.352 0.0570934
1.353 0.0570344
1.354 0.0569755
1.355 0.0569165
1.356 0.0568575
1.357 0.0567984
1.358 0.0567393
1.359 0.0566803
1.36 0.0566213
1.361 0.0565623
1.362 0.0565032
1.363 0.0564441
1.364 0.056385
1.365 0.056326
1.366 0.0562669
1.367 0.0562079
1.368 0.056149
1.369 0.05609
1.37 0.056031
1.371 0.055972
1.372 0.055913
1.373 0.0558541
1.374 0.055795
1.375 0.055736
1.376 0.0556769
1.377 0.0556179
1.378 0.0555588
1.379 0.0554998
1.38 0.0554408
1.381 0.0553817
1.382 0.0553226
1.383 0.0552636
1.384 0.0552045
1.385 0.0551454
1.386 0.0550864
1.387 0.0550274
1.388 0.0549684
1.389 0.0549093
1.39 0.0548504
1.391 0.0547914
1.392 0.0547324
1.393 0.0546734
1.394 0.0546143
1.395 0.0545553
1.396 0.0544962
1.397 0.0544372
1.398 0.0543782
1.399 0.0543191
1.4 0.05426
1.401 0.0542009
1.402 0.0541418
1.403 0.0540828
1.404 0.0540238
1.405 0.0539648
1.406 0.0539058
1.407 0.0538469
1.408 0.0537879
1.409 0.0537289
1.41 0.0536699
1.411 0.0536109
1.412 0.0535519
1.413 0.0534928
1.414 0.0534337
1.415 0.0533746
1.416 0.0533156
1.417 0.0532566
1.418 0.0531975
1.419 0.0531385
1.42 0.0530793
1.421 0.0530202
1.422 0.0529611
1.423 0.052902
1.424 0.052843
1.425 0.052784
1.426 0.0527249
1.427 0.0526659
1.428 0.0526069
1.429 0.052548
1.43 0.052489
1.431 0.0524299
1.432 0.0523708
1.433 0.0523117
1.434 0.0522526
1.435 0.0521936
1.436 0.0521346
1.437 0.0520755
1.438 0.0520164
1.439 0.0519573
1.44 0.0518982
1.441 0.0518391
1.442 0.0517801
1.443 0.0517211
1.444 0.0516621
1.445 0.0516031
1.446 0.0515441
1.447 0.0514852
1.448 0.0514262
1.449 0.0513671
1.45 0.0513081
1.451 0.051249
1.452 0.0511899
1.453 0.0511308
1.454 0.0510718
1.455 0.0510127
1.456 0.0509537
1.457 0.0508946
1.458 0.0508354
1.459 0.0507763
1.46 0.0507172
1.461 0.0506581
1.462 0.0505991
1.463 0.05054
1.464 0.050481
1.465 0.050422
1.466 0.050363
1.467 0.050304
1.468 0.0502449
1.469 0.0501859
1.47 0.0501268
1.471 0.0500677
1.472 0.0500086
1.473 0.0499496
1.474 0.0498906
1.475 0.0498315
1.476 0.0497723
1.477 0.0497132
1.478 0.0496541
1.479 0.0495951
1.48 0.0495361
1.481 0.0494771
1.482 0.0494181
1.483 0.0493591
1.484 0.0493001
1.485 0.0492411
1.486 0.0491821
1.487 0.0491231
1.488 0.049064
1.489 0.0490049
1.49 0.0489459
1.491 0.0488868
1.492 0.0488278
1.493 0.0487687
1.494 0.0487097
1.495 0.0486505
1.496 0.0485914
1.497 0.0485323
1.498 0.0484732
1.499 0.0484142
1.5 0.0483552
1.501 0.0482961
1.502 0.0482371
1.503 0.0481781
1.504 0.0481191
1.505 0.0480601
1.506 0.0480011
1.507 0.047942
1.508 0.0478829
1.509 0.0478238
1.51 0.0477647
1.511 0.0477057
1.512 0.0476467
1.513 0.0475876
1.514 0.0475284
1.515 0.0474694
1.516 0.0474103
1.517 0.0473513
1.518 0.0472923
1.519 0.0472333
1.52 0.0471743
1.521 0.0471153
1.522 0.0470563
1.523 0.0469974
1.524 0.0469384
1.525 0.0468793
1.526 0.0468202
1.527 0.0467611
1.528 0.0467021
1.529 0.046643
1.53 0.046584
1.531 0.046525
1.532 0.0464659
1.533 0.0464067
1.534 0.0463476
1.535 0.0462885
1.536 0.0462294
1.537 0.0461704
1.538 0.0461114
1.539 0.0460523
1.54 0.0459933
1.541 0.0459344
1.542 0.0458754
1.543 0.0458164
1.544 0.0457573
1.545 0.0456982
1.546 0.0456391
1.547 0.0455801
1.548 0.045521
1.549 0.045462
1.55 0.045403
1.551 0.0453438
1.552 0.0452847
1.553 0.0452256
1.554 0.0451665
1.555 0.0451075
1.556 0.0450486
1.557 0.0449896
1.558 0.0449306
1.559 0.0448716
1.56 0.0448126
1.561 0.0447536
1.562 0.0446946
1.563 0.0446355
1.564 0.0445765
1.565 0.0445174
1.566 0.0444584
1.567 0.0443994
1.568 0.0443404
1.569 0.0442813
1.57 0.0442222
1.571 0.0441631
1.572 0.044104
1.573 0.0440449
1.574 0.0439859
1.575 0.0439269
1.576 0.0438679
1.577 0.0438088
1.578 0.0437498
1.579 0.0436909
1.58 0.0436319
1.581 0.0435729
1.582 0.0435138
1.583 0.0434548
1.584 0.0433957
1.585 0.0433367
1.586 0.0432776
1.587 0.0432186
1.588 0.0431595
1.589 0.0431004
1.59 0.0430414
1.591 0.0429823
1.592 0.0429233
1.593 0.0428643
1.594 0.0428054
1.595 0.0427464
1.596 0.0426874
1.597 0.0426285
1.598 0.0425695
1.599 0.0425106
1.6 0.0424515
1.601 0.0423925
1.602 0.0423335
1.603 0.0422744
1.604 0.0422154
1.605 0.0421565
1.606 0.0420975
1.607 0.0420384
1.608 0.0419793
1.609 0.0419203
1.61 0.0418612
1.611 0.0418022
1.612 0.0417432
1.613 0.0416842
1.614 0.0416252
1.615 0.0415662
1.616 0.0415073
1.617 0.0414483
1.618 0.0413894
1.619 0.0413304
1.62 0.0412713
1.621 0.0412123
1.622 0.0411532
1.623 0.0410942
1.624 0.0410352
1.625 0.0409762
1.626 0.0409172
1.627 0.0408581
1.628 0.040799
1.629 0.04074
1.63 0.040681
1.631 0.0406221
1.632 0.0405632
1.633 0.0405043
1.634 0.0404453
1.635 0.0403864
1.636 0.0403275
1.637 0.0402685
1.638 0.0402095
1.639 0.0401505
1.64 0.0400915
1.641 0.0400325
1.642 0.0399735
1.643 0.0399146
1.644 0.0398556
1.645 0.0397965
1.646 0.0397375
1.647 0.0396784
1.648 0.0396194
1.649 0.0395604
1.65 0.0395014
1.651 0.0394424
1.652 0.0393835
1.653 0.0393245
1.654 0.0392656
1.655 0.0392067
1.656 0.0391478
1.657 0.0390888
1.658 0.0390298
1.659 0.0389708
1.66 0.0389117
1.661 0.0388528
1.662 0.0387938
1.663 0.0387349
1.664 0.0386758
1.665 0.0386168
1.666 0.0385577
1.667 0.0384987
1.668 0.0384398
1.669 0.0383809
1.67 0.038322
1.671 0.0382631
1.672 0.0382042
1.673 0.0381453
1.674 0.0380864
1.675 0.0380275
1.676 0.0379685
1.677 0.0379096
1.678 0.0378506
1.679 0.0377917
1.68 0.0377328
1.681 0.0376738
1.682 0.0376149
1.683 0.0375559
1.684 0.0374969
1.685 0.0374379
1.686 0.0373789
1.687 0.03732
1.688 0.0372611
1.689 0.0372021
1.69 0.0371432
1.691 0.0370844
1.692 0.0370255
1.693 0.0369666
1.694 0.0369077
1.695 0.0368488
1.696 0.0367899
1.697 0.0367309
1.698 0.036672
1.699 0.0366131
1.7 0.0365542
1.701 0.0364953
1.702 0.0364363
1.703 0.0363773
1.704 0.0363184
1.705 0.0362595
1.706 0.0362007
1.707 0.0361418
1.708 0.036083
1.709 0.0360241
1.71 0.0359653
1.711 0.0359065
1.712 0.0358477
1.713 0.0357888
1.714 0.0357299
1.715 0.035671
1.716 0.0356121
1.717 0.0355533
1.718 0.0354944
1.719 0.0354356
1.72 0.0353767
1.721 0.0353177
1.722 0.0352588
1.723 0.0351999
1.724 0.035141
1.725 0.0350822
1.726 0.0350233
1.727 0.0349645
1.728 0.0349057
1.729 0.0348469
1.73 0.0347881
1.731 0.0347293
1.732 0.0346705
1.733 0.0346116
1.734 0.0345527
1.735 0.0344938
1.736 0.034435
1.737 0.0343762
1.738 0.0343174
1.739 0.0342585
1.74 0.0341996
1.741 0.0341408
1.742 0.0340819
1.743 0.0340232
1.744 0.0339644
1.745 0.0339057
1.746 0.033847
1.747 0.0337882
1.748 0.0337295
1.749 0.0336708
1.75 0.033612
1.751 0.0335532
1.752 0.0334944
1.753 0.0334356
1.754 0.0333768
1.755 0.033318
1.756 0.0332593
1.757 0.0332005
1.758 0.0331417
1.759 0.0330829
1.76 0.0330241
1.761 0.0329653
1.762 0.0329065
1.763 0.0328478
1.764 0.032789
1.765 0.0327303
1.766 0.0326716
1.767 0.0326129
1.768 0.0325542
1.769 0.0324956
1.77 0.0324368
1.771 0.0323781
1.772 0.0323193
1.773 0.0322605
1.774 0.0322018
1.775 0.0321432
1.776 0.0320844
1.777 0.0320257
1.778 0.0319669
1.779 0.0319082
1.78 0.0318494
1.781 0.0317908
1.782 0.0317322
1.783 0.0316736
1.784 0.031615
1.785 0.0315563
1.786 0.0314977
1.787 0.0314392
1.788 0.0313805
1.789 0.0313219
1.79 0.0312632
1.791 0.0312045
1.792 0.0311459
1.793 0.0310873
1.794 0.0310287
1.795 0.0309701
1.796 0.0309114
1.797 0.0308527
1.798 0.030794
1.799 0.0307353
1.8 0.0306767
1.801 0.0306181
1.802 0.0305596
1.803 0.030501
1.804 0.0304424
1.805 0.0303839
1.806 0.0303254
1.807 0.0302669
1.808 0.0302084
1.809 0.0301498
1.81 0.0300912
1.811 0.0300326
1.812 0.0299741
1.813 0.0299156
1.814 0.029857
1.815 0.0297984
1.816 0.0297398
1.817 0.0296813
1.818 0.0296227
1.819 0.0295643
1.82 0.0295058
1.821 0.0294474
1.822 0.029389
1.823 0.0293306
1.824 0.0292722
1.825 0.0292138
1.826 0.0291554
1.827 0.029097
1.828 0.0290385
1.829 0.02898
1.83 0.0289216
1.831 0.0288632
1.832 0.0288048
1.833 0.0287464
1.834 0.0286879
1.835 0.0286294
1.836 0.028571
1.837 0.0285125
1.838 0.0284541
1.839 0.0283958
1.84 0.0283374
1.841 0.0282791
1.842 0.0282208
1.843 0.0281625
1.844 0.0281043
1.845 0.028046
1.846 0.0279877
1.847 0.0279293
1.848 0.027871
1.849 0.0278126
1.85 0.0277543
1.851 0.0276961
1.852 0.0276378
1.853 0.0275795
1.854 0.0275211
1.855 0.0274628
1.856 0.0274046
1.857 0.0273464
1.858 0.0272882
1.859 0.0272301
1.86 0.0271719
1.861 0.0271138
1.862 0.0270557
1.863 0.0269976
1.864 0.0269394
1.865 0.0268813
1.866 0.0268231
1.867 0.0267649
1.868 0.0267067
1.869 0.0266486
1.87 0.0265906
1.871 0.0265325
1.872 0.0264743
1.873 0.0264162
1.874 0.0263581
1.875 0.0262999
1.876 0.0262419
1.877 0.0261838
1.878 0.0261258
1.879 0.0260678
1.88 0.0260098
1.881 0.0259519
1.882 0.025894
1.883 0.025836
1.884 0.0257781
1.885 0.0257201
1.886 0.0256621
1.887 0.0256041
1.888 0.0255462
1.889 0.0254883
1.89 0.0254304
1.891 0.0253725
1.892 0.0253145
1.893 0.0252566
1.894 0.0251987
1.895 0.0251409
1.896 0.0250832
1.897 0.0250254
1.898 0.0249677
1.899 0.02491
1.9 0.0248523
1.901 0.0247946
1.902 0.0247369
1.903 0.0246791
1.904 0.0246214
1.905 0.0245637
1.906 0.0245059
1.907 0.0244483
1.908 0.0243906
1.909 0.024333
1.91 0.0242753
1.911 0.0242177
1.912 0.02416
1.913 0.0241023
1.914 0.0240447
1.915 0.0239871
1.916 0.0239296
1.917 0.023872
1.918 0.0238145
1.919 0.0237571
1.92 0.0236997
1.921 0.0236422
1.922 0.0235848
1.923 0.0235274
1.924 0.0234699
1.925 0.0234125
1.926 0.023355
1.927 0.0232977
1.928 0.0232403
1.929 0.023183
1.93 0.0231256
1.931 0.0230682
1.932 0.0230109
1.933 0.0229535
1.934 0.0228963
1.935 0.0228392
1.936 0.022782
1.937 0.0227249
1.938 0.0226678
1.939 0.0226107
1.94 0.0225536
1.941 0.0224965
1.942 0.0224394
1.943 0.0223823
1.944 0.0223252
1.945 0.0222682
1.946 0.0222112
1.947 0.0221542
1.948 0.0220972
1.949 0.0220402
1.95 0.0219832
1.951 0.0219262
1.952 0.0218693
1.953 0.0218124
1.954 0.0217555
1.955 0.0216988
1.956 0.021642
1.957 0.0215852
1.958 0.0215285
1.959 0.0214718
1.96 0.0214152
1.961 0.0213585
1.962 0.0213018
1.963 0.0212452
1.964 0.0211885
1.965 0.0211319
1.966 0.0210753
1.967 0.0210188
1.968 0.0209623
1.969 0.0209057
1.97 0.0208492
1.971 0.0207927
1.972 0.0207362
1.973 0.0206799
1.974 0.0206236
1.975 0.0205674
1.976 0.0205111
1.977 0.0204549
1.978 0.0203987
1.979 0.0203426
1.98 0.0202864
1.981 0.0202302
1.982 0.0201741
1.983 0.020118
1.984 0.0200619
1.985 0.0200059
1.986 0.0199499
1.987 0.019894
1.988 0.019838
1.989 0.019782
1.99 0.019726
1.991 0.0196701
1.992 0.0196142
1.993 0.0195585
1.994 0.0195027
1.995 0.019447
1.996 0.0193914
1.997 0.0193358
1.998 0.0192802
1.999 0.0192247
2 0.0191692
2.001 0.0191137
2.002 0.0190582
2.003 0.0190027
2.004 0.0189473
2.005 0.0188919
2.006 0.0188366
2.007 0.0187813
2.008 0.0187261
2.009 0.0186708
2.01 0.0186155
2.011 0.0185603
2.012 0.0185052
2.013 0.0184502
2.014 0.0183952
2.015 0.0183404
2.016 0.0182855
2.017 0.0182307
2.018 0.0181759
2.019 0.0181212
2.02 0.0180664
2.021 0.0180117
2.022 0.017957
2.023 0.0179024
2.024 0.0178478
2.025 0.0177933
2.026 0.0177389
2.027 0.0176845
2.028 0.0176301
2.029 0.0175757
2.03 0.0175213
2.031 0.017467
2.032 0.0174127
2.033 0.0173586
2.034 0.0173045
2.035 0.0172505
2.036 0.0171965
2.037 0.0171426
2.038 0.0170888
2.039 0.017035
2.04 0.0169813
2.041 0.0169276
2.042 0.0168739
2.043 0.0168203
2.044 0.0167666
2.045 0.0167131
2.046 0.0166597
2.047 0.0166063
2.048 0.016553
2.049 0.0164997
2.05 0.0164464
2.051 0.0163932
2.052 0.01634
2.053 0.016287
2.054 0.0162341
2.055 0.0161813
2.056 0.0161285
2.057 0.0160758
2.058 0.0160232
2.059 0.0159706
2.06 0.0159182
2.061 0.0158657
2.062 0.0158133
2.063 0.0157609
2.064 0.0157086
2.065 0.0156563
2.066 0.0156042
2.067 0.0155521
2.068 0.0155002
2.069 0.0154483
2.07 0.0153964
2.071 0.0153446
2.072 0.0152928
2.073 0.0152411
2.074 0.0151894
2.075 0.0151379
2.076 0.0150865
2.077 0.0150353
2.078 0.0149841
2.079 0.0149329
2.08 0.0148819
2.081 0.014831
2.082 0.0147802
2.083 0.0147294
2.084 0.0146787
2.085 0.014628
2.086 0.0145774
2.087 0.0145269
2.088 0.0144765
2.089 0.0144262
2.09 0.0143761
2.091 0.014326
2.092 0.0142759
2.093 0.0142259
2.094 0.014176
2.095 0.0141262
2.096 0.0140766
2.097 0.0140271
2.098 0.0139777
2.099 0.0139285
2.1 0.0138794
2.101 0.0138303
2.102 0.0137814
2.103 0.0137326
2.104 0.0136838
2.105 0.0136352
2.106 0.0135866
2.107 0.0135381
2.108 0.0134897
2.109 0.0134414
2.11 0.0133933
2.111 0.0133452
2.112 0.0132974
2.113 0.0132496
2.114 0.0132019
2.115 0.0131544
2.116 0.0131068
2.117 0.0130594
2.118 0.0130121
2.119 0.012965
2.12 0.012918
2.121 0.0128712
2.122 0.0128245
2.123 0.0127779
2.124 0.0127315
2.125 0.0126852
2.126 0.0126391
2.127 0.0125931
2.128 0.0125472
2.129 0.0125014
2.13 0.0124558
2.131 0.0124103
2.132 0.0123649
2.133 0.0123196
2.134 0.0122745
2.135 0.0122296
2.136 0.0121848
2.137 0.0121402
2.138 0.0120958
2.139 0.0120514
2.14 0.0120071
2.141 0.011963
2.142 0.0119191
2.143 0.0118753
2.144 0.0118318
2.145 0.0117885
2.146 0.0117453
2.147 0.0117024
2.148 0.0116596
2.149 0.0116169
2.15 0.0115744
2.151 0.0115321
2.152 0.01149
2.153 0.011448
2.154 0.0114062
2.155 0.0113644
2.156 0.0113229
2.157 0.0112815
2.158 0.0112403
2.159 0.0111994
2.16 0.0111586
2.161 0.011118
2.162 0.0110777
2.163 0.0110375
2.164 0.0109975
2.165 0.0109577
2.166 0.010918
2.167 0.0108784
2.168 0.010839
2.169 0.0107999
2.17 0.0107609
2.171 0.0107222
2.172 0.0106837
2.173 0.0106454
2.174 0.0106074
2.175 0.0105695
2.176 0.0105319
2.177 0.0104945
2.178 0.0104573
2.179 0.0104203
2.18 0.0103836
2.181 0.0103471
2.182 0.0103107
2.183 0.0102746
2.184 0.0102387
2.185 0.010203
2.186 0.0101674
2.187 0.0101321
2.188 0.010097
2.189 0.0100622
2.19 0.0100277
2.191 0.0099935
2.192 0.00995956
2.193 0.00992587
2.194 0.00989241
2.195 0.00985917
2.196 0.00982614
2.197 0.00979332
2.198 0.00976071
2.199 0.0097284
2.2 0.00969636
2.201 0.00966457
2.202 0.00963302
2.203 0.00960185
2.204 0.00957099
2.205 0.00954041
2.206 0.0095101
2.207 0.00948005
2.208 0.00945024
2.209 0.00942067
2.21 0.00939138
2.211 0.00936235
2.212 0.00933357
2.213 0.00930505
2.214 0.00927676
2.215 0.00924872
2.216 0.0092209
2.217 0.00919334
2.218 0.009166
2.219 0.00913889
2.22 0.00911204
2.221 0.00908547
2.222 0.00905915
2.223 0.00903312
2.224 0.00900736
2.225 0.0089819
2.226 0.00895673
2.227 0.00893189
2.228 0.00890739
2.229 0.00888319
2.23 0.00885929
2.231 0.00883567
2.232 0.00881231
2.233 0.0087892
2.234 0.00876633
2.235 0.00874369
2.236 0.00872128
2.237 0.00869907
2.238 0.00867708
2.239 0.00865528
2.24 0.00863373
2.241 0.00861245
2.242 0.0085914
2.243 0.00857055
2.244 0.00854994
2.245 0.00852958
2.246 0.00850954
2.247 0.00848978
2.248 0.0084703
2.249 0.00845113
2.25 0.00843226
2.251 0.00841371
2.252 0.0083955
2.253 0.00837762
2.254 0.00836006
2.255 0.00834281
2.256 0.00832596
2.257 0.0083096
2.258 0.0082937
2.259 0.00827828
2.26 0.00826339
2.261 0.00824904
2.262 0.00823524
2.263 0.00822199
2.264 0.00820929
2.265 0.00819715
2.266 0.00818556
2.267 0.00817452
2.268 0.00816405
2.269 0.00815422
2.27 0.00814501
2.271 0.00813644
2.272 0.0081285
2.273 0.00812123
2.274 0.00811458
2.275 0.00810857
2.276 0.00810317
2.277 0.00809838
2.278 0.00809419
2.279 0.00809056
2.28 0.00808749
2.281 0.00808496
2.282 0.00808293
2.283 0.0080814
2.284 0.00808033
2.285 0.00807971
2.286 0.0080795
2.287 0.00807968
2.288 0.00808023
2.289 0.00808112
2.29 0.00808233
2.291 0.00808382
2.292 0.00808558
2.293 0.00808759
2.294 0.00808981
2.295 0.00809222
2.296 0.0080948
2.297 0.00809753
2.298 0.00810039
2.299 0.00810336
2.3 0.00810641
2.301 0.00810953
2.302 0.00811269
2.303 0.00811587
2.304 0.00811906
2.305 0.00812224
2.306 0.00812541
2.307 0.00812854
2.308 0.00813162
2.309 0.00813463
2.31 0.00813757
2.311 0.00814043
2.312 0.00814321
2.313 0.00814591
2.314 0.00814851
2.315 0.00815101
2.316 0.00815341
2.317 0.00815571
2.318 0.00815789
2.319 0.00815997
2.32 0.00816194
2.321 0.0081638
2.322 0.00816554
2.323 0.00816714
2.324 0.00816857
2.325 0.00816987
2.326 0.00817103
2.327 0.00817206
2.328 0.00817295
2.329 0.00817372
2.33 0.00817437
2.331 0.0081749
2.332 0.00817531
2.333 0.00817562
2.334 0.00817583
2.335 0.00817594
2.336 0.00817595
2.337 0.00817588
2.338 0.00817573
2.339 0.00817549
2.34 0.00817519
2.341 0.00817481
2.342 0.00817437
2.343 0.00817386
2.344 0.0081733
2.345 0.00817269
2.346 0.00817203
2.347 0.00817133
2.348 0.00817058
2.349 0.0081698
2.35 0.00816898
2.351 0.00816813
2.352 0.00816726
2.353 0.00816636
2.354 0.00816544
2.355 0.0081645
2.356 0.00816357
2.357 0.00816264
2.358 0.00816172
2.359 0.00816081
2.36 0.00815992
2.361 0.00815904
2.362 0.00815819
2.363 0.00815737
2.364 0.00815657
2.365 0.0081558
2.366 0.00815507
2.367 0.00815437
2.368 0.0081537
2.369 0.00815307
2.37 0.00815247
2.371 0.00815191
2.372 0.00815139
2.373 0.0081509
2.374 0.00815045
2.375 0.00815003
2.376 0.00814965
2.377 0.00814931
2.378 0.00814899
2.379 0.00814871
2.38 0.00814846
2.381 0.00814824
2.382 0.00814806
2.383 0.0081479
2.384 0.00814776
2.385 0.00814766
2.386 0.00814757
2.387 0.00814751
2.388 0.00814748
2.389 0.00814746
2.39 0.00814746
2.391 0.00814748
2.392 0.00814752
2.393 0.00814757
2.394 0.00814763
2.395 0.00814771
2.396 0.0081478
2.397 0.0081479
2.398 0.00814801
2.399 0.00814813
2.4 0.00814825
2.401 0.00814838
2.402 0.00814851
2.403 0.00814865
2.404 0.0081488
2.405 0.00814894
2.406 0.00814909
2.407 0.00814923
2.408 0.00814938
2.409 0.00814953
2.41 0.00814967
2.411 0.00814982
2.412 0.00814996
2.413 0.0081501
2.414 0.00815023
2.415 0.00815037
2.416 0.0081505
2.417 0.00815062
2.418 0.00815074
2.419 0.00815086
2.42 0.00815097
2.421 0.00815108
2.422 0.00815118
2.423 0.00815128
2.424 0.00815137
2.425 0.00815146
2.426 0.00815155
2.427 0.00815162
2.428 0.0081517
2.429 0.00815177
2.43 0.00815183
2.431 0.00815189
2.432 0.00815194
2.433 0.00815199
2.434 0.00815203
2.435 0.00815208
2.436 0.00815211
2.437 0.00815214
2.438 0.00815217
2.439 0.0081522
2.44 0.00815222
2.441 0.00815224
2.442 0.00815225
2.443 0.00815226
2.444 0.00815227
2.445 0.00815228
2.446 0.00815228
2.447 0.00815228
2.448 0.00815228
2.449 0.00815228
2.45 0.00815227
2.451 0.00815226
2.452 0.00815225
2.453 0.00815224
2.454 0.00815223
2.455 0.00815222
2.456 0.0081522
2.457 0.00815219
2.458 0.00815217
2.459 0.00815215
2.46 0.00815214
2.461 0.00815212
2.462 0.0081521
2.463 0.00815208
2.464 0.00815206
2.465 0.00815204
2.466 0.00815202
2.467 0.008152
2.468 0.00815198
2.469 0.00815196
2.47 0.00815194
2.471 0.00815192
2.472 0.0081519
2.473 0.00815188
2.474 0.00815186
2.475 0.00815184
2.476 0.00815182
2.477 0.0081518
2.478 0.00815178
2.479 0.00815176
2.48 0.00815174
2.481 0.00815172
2.482 0.00815171
2.483 0.00815169
2.484 0.00815167
2.485 0.00815165
2.486 0.00815164
2.487 0.00815162
2.488 0.0081516
2.489 0.00815159
2.49 0.00815157
2.491 0.00815155
2.492 0.00815154
2.493 0.00815152
2.494 0.00815151
2.495 0.00815149
2.496 0.00815148
2.497 0.00815146
2.498 0.00815145
2.499 0.00815143
2.5 0.00815142
2.501 0.00815141
2.502 0.00815139
2.503 0.00815138
2.504 0.00815136
2.505 0.00815135
2.506 0.00815133
2.507 0.00815132
2.508 0.00815131
2.509 0.00815129
2.51 0.00815128
2.511 0.00815126
2.512 0.00815125
2.513 0.00815124
2.514 0.00815122
2.515 0.00815121
2.516 0.00815119
2.517 0.00815118
2.518 0.00815116
2.519 0.00815115
2.52 0.00815113
2.521 0.00815112
2.522 0.0081511
2.523 0.00815109
2.524 0.00815107
2.525 0.00815106
2.526 0.00815104
2.527 0.00815102
2.528 0.00815101
2.529 0.00815099
2.53 0.00815098
2.531 0.00815096
2.532 0.00815094
2.533 0.00815093
2.534 0.00815091
2.535 0.00815089
2.536 0.00815087
2.537 0.00815086
2.538 0.00815084
2.539 0.00815082
2.54 0.0081508
2.541 0.00815079
2.542 0.00815077
2.543 0.00815075
2.544 0.00815073
2.545 0.00815071
2.546 0.0081507
2.547 0.00815068
2.548 0.00815066
2.549 0.00815064
2.55 0.00815062
2.551 0.0081506
2.552 0.00815058
2.553 0.00815056
2.554 0.00815054
2.555 0.00815053
2.556 0.00815051
2.557 0.00815049
2.558 0.00815047
2.559 0.00815045
2.56 0.00815043
2.561 0.00815041
2.562 0.00815039
2.563 0.00815037
2.564 0.00815035
2.565 0.00815033
2.566 0.00815031
2.567 0.00815029
2.568 0.00815027
2.569 0.00815025
2.57 0.00815023
2.571 0.00815021
2.572 0.00815019
2.573 0.00815017
2.574 0.00815015
2.575 0.00815012
2.576 0.0081501
2.577 0.00815008
2.578 0.00815006
2.579 0.00815004
2.58 0.00815002
2.581 0.00815
2.582 0.00814998
2.583 0.00814996
2.584 0.00814994
2.585 0.00814992
2.586 0.0081499
2.587 0.00814988
2.588 0.00814986
2.589 0.00814983
2.59 0.00814981
2.591 0.00814979
2.592 0.00814977
2.593 0.00814975
2.594 0.00814973
2.595 0.00814971
2.596 0.00814969
2.597 0.00814967
2.598 0.00814964
2.599 0.00814962
2.6 0.0081496
2.601 0.00814958
2.602 0.00814956
2.603 0.00814954
2.604 0.00814952
2.605 0.0081495
2.606 0.00814948
2.607 0.00814945
2.608 0.00814943
2.609 0.00814941
2.61 0.00814939
2.611 0.00814937
2.612 0.00814935
2.613 0.00814933
2.614 0.00814931
2.615 0.00814928
2.616 0.00814926
2.617 0.00814924
2.618 0.00814922
2.619 0.0081492
2.62 0.00814918
2.621 0.00814916
2.622 0.00814913
2.623 0.00814911
2.624 0.00814909
2.625 0.00814907
2.626 0.00814905
2.627 0.00814903
2.628 0.00814901
2.629 0.00814898
2.63 0.00814896
2.631 0.00814894
2.632 0.00814892
2.633 0.0081489
2.634 0.00814888
2.635 0.00814885
2.636 0.00814883
2.637 0.00814881
2.638 0.00814879
2.639 0.00814877
2.64 0.00814875
2.641 0.00814873
2.642 0.0081487
2.643 0.00814868
2.644 0.00814866
2.645 0.00814864
2.646 0.00814862
2.647 0.0081486
2.648 0.00814857
2.649 0.00814855
2.65 0.00814853
2.651 0.00814851
2.652 0.00814849
2.653 0.00814847
2.654 0.00814845
2.655 0.00814842
2.656 0.0081484
2.657 0.00814838
2.658 0.00814836
2.659 0.00814834
2.66 0.00814832
2.661 0.00814829
2.662 0.00814827
2.663 0.00814825
2.664 0.00814823
2.665 0.00814821
2.666 0.00814819
2.667 0.00814816
2.668 0.00814814
2.669 0.00814812
2.67 0.0081481
2.671 0.00814808
2.672 0.00814806
2.673 0.00814804
2.674 0.00814801
2.675 0.00814799
2.676 0.00814797
2.677 0.00814795
2.678 0.00814793
2.679 0.00814791
2.68 0.00814788
2.681 0.00814786
2.682 0.00814784
2.683 0.00814782
2.684 0.0081478
2.685 0.00814778
2.686 0.00814776
2.687 0.00814773
2.688 0.00814771
2.689 0.00814769
2.69 0.00814767
2.691 0.00814765
2.692 0.00814763
2.693 0.00814761
2.694 0.00814758
2.695 0.00814756
2.696 0.00814754
2.697 0.00814752
2.698 0.0081475
2.699 0.00814748
2.7 0.00814746
2.701 0.00814744
2.702 0.00814741
2.703 0.00814739
2.704 0.00814737
2.705 0.00814735
2.706 0.00814733
2.707 0.00814731
2.708 0.00814729
2.709 0.00814727
2.71 0.00814724
2.711 0.00814722
2.712 0.0081472
2.713 0.00814718
2.714 0.00814716
2.715 0.00814714
2.716 0.00814712
2.717 0.0081471
2.718 0.00814708
2.719 0.00814705
2.72 0.00814703
2.721 0.00814701
2.722 0.00814699
2.723 0.00814697
2.724 0.00814695
2.725 0.00814693
2.726 0.00814691
2.727 0.00814689
2.728 0.00814687
2.729 0.00814684
2.73 0.00814682
2.731 0.0081468
2.732 0.00814678
2.733 0.00814676
2.734 0.00814674
2.735 0.00814672
2.736 0.0081467
2.737 0.00814668
2.738 0.00814666
2.739 0.00814664
2.74 0.00814661
2.741 0.00814659
2.742 0.00814657
2.743 0.00814655
2.744 0.00814653
2.745 0.00814651
2.746 0.00814649
2.747 0.00814647
2.748 0.00814645
2.749 0.00814643
2.75 0.00814641
2.751 0.00814639
2.752 0.00814637
2.753 0.00814635
2.754 0.00814633
2.755 0.00814631
2.756 0.00814628
2.757 0.00814626
2.758 0.00814624
2.759 0.00814622
2.76 0.0081462
2.761 0.00814618
2.762 0.00814616
2.763 0.00814614
2.764 0.00814612
2.765 0.0081461
2.766 0.00814608
2.767 0.00814606
2.768 0.00814604
2.769 0.00814602
2.77 0.008146
2.771 0.00814598
2.772 0.00814596
2.773 0.00814594
2.774 0.00814592
2.775 0.0081459
2.776 0.00814588
2.777 0.00814586
2.778 0.00814584
2.779 0.00814582
2.78 0.0081458
2.781 0.00814578
2.782 0.00814576
2.783 0.00814574
2.784 0.00814572
2.785 0.0081457
2.786 0.00814568
2.787 0.00814566
2.788 0.00814564
2.789 0.00814562
2.79 0.0081456
2.791 0.00814558
2.792 0.00814556
2.793 0.00814554
2.794 0.00814552
2.795 0.0081455
2.796 0.00814548
2.797 0.00814546
2.798 0.00814544
2.799 0.00814542
2.8 0.0081454
2.801 0.00814538
2.802 0.00814536
2.803 0.00814534
2.804 0.00814532
2.805 0.0081453
2.806 0.00814528
2.807 0.00814526
2.808 0.00814524
2.809 0.00814522
2.81 0.0081452
2.811 0.00814519
2.812 0.00814517
2.813 0.00814515
2.814 0.00814513
2.815 0.00814511
2.816 0.00814509
2.817 0.00814507
2.818 0.00814505
2.819 0.00814503
2.82 0.00814501
2.821 0.00814499
2.822 0.00814497
2.823 0.00814495
2.824 0.00814493
2.825 0.00814492
2.826 0.0081449
2.827 0.00814488
2.828 0.00814486
2.829 0.00814484
2.83 0.00814482
2.831 0.0081448
2.832 0.00814478
2.833 0.00814476
2.834 0.00814474
2.835 0.00814472
2.836 0.00814471
2.837 0.00814469
2.838 0.00814467
2.839 0.00814465
2.84 0.00814463
2.841 0.00814461
2.842 0.00814459
2.843 0.00814457
2.844 0.00814455
2.845 0.00814454
2.846 0.00814452
2.847 0.0081445
2.848 0.00814448
2.849 0.00814446
2.85 0.00814444
2.851 0.00814442
2.852 0.00814441
2.853 0.00814439
2.854 0.00814437
2.855 0.00814435
2.856 0.00814433
2.857 0.00814431
2.858 0.00814429
2.859 0.00814428
2.86 0.00814426
2.861 0.00814424
2.862 0.00814422
2.863 0.0081442
2.864 0.00814418
2.865 0.00814417
2.866 0.00814415
2.867 0.00814413
2.868 0.00814411
2.869 0.00814409
2.87 0.00814407
2.871 0.00814406
2.872 0.00814404
2.873 0.00814402
2.874 0.008144
2.875 0.00814398
2.876 0.00814397
2.877 0.00814395
2.878 0.00814393
2.879 0.00814391
2.88 0.00814389
2.881 0.00814388
2.882 0.00814386
2.883 0.00814384
2.884 0.00814382
2.885 0.0081438
2.886 0.00814379
2.887 0.00814377
2.888 0.00814375
2.889 0.00814373
2.89 0.00814371
2.891 0.0081437
2.892 0.00814368
2.893 0.00814366
2.894 0.00814364
2.895 0.00814363
2.896 0.00814361
2.897 0.00814359
2.898 0.00814357
2.899 0.00814356
2.9 0.00814354
2.901 0.00814352
2.902 0.0081435
2.903 0.00814349
2.904 0.00814347
2.905 0.00814345
2.906 0.00814343
2.907 0.00814342
2.908 0.0081434
2.909 0.00814338
2.91 0.00814336
2.911 0.00814335
2.912 0.00814333
2.913 0.00814331
2.914 0.00814329
2.915 0.00814328
2.916 0.00814326
2.917 0.00814324
2.918 0.00814323
2.919 0.00814321
2.92 0.00814319
2.921 0.00814317
2.922 0.00814316
2.923 0.00814314
2.924 0.00814312
2.925 0.00814311
2.926 0.00814309
2.927 0.00814307
2.928 0.00814305
2.929 0.00814304
2.93 0.00814302
2.931 0.008143
2.932 0.00814299
2.933 0.00814297
2.934 0.00814295
2.935 0.00814294
2.936 0.00814292
2.937 0.0081429
2.938 0.00814289
2.939 0.00814287
2.94 0.00814285
2.941 0.00814284
2.942 0.00814282
2.943 0.0081428
2.944 0.00814279
2.945 0.00814277
2.946 0.00814275
2.947 0.00814274
2.948 0.00814272
2.949 0.0081427
2.95 0.00814269
2.951 0.00814267
2.952 0.00814265
2.953 0.00814264
2.954 0.00814262
2.955 0.0081426
2.956 0.00814259
2.957 0.00814257
2.958 0.00814256
2.959 0.00814254
2.96 0.00814252
2.961 0.00814251
2.962 0.00814249
2.963 0.00814247
2.964 0.00814246
2.965 0.00814244
2.966 0.00814243
2.967 0.00814241
2.968 0.00814239
2.969 0.00814238
2.97 0.00814236
2.971 0.00814234
2.972 0.00814233
2.973 0.00814231
2.974 0.0081423
2.975 0.00814228
2.976 0.00814226
2.977 0.00814225
2.978 0.00814223
2.979 0.00814222
2.98 0.0081422
2.981 0.00814219
2.982 0.00814217
2.983 0.00814215
2.984 0.00814214
2.985 0.00814212
2.986 0.00814211
2.987 0.00814209
2.988 0.00814207
2.989 0.00814206
2.99 0.00814204
2.991 0.00814203
2.992 0.00814201
2.993 0.008142
2.994 0.00814198
2.995 0.00814197
2.996 0.00814195
2.997 0.00814193
2.998 0.00814192
2.999 0.0081419
