0 0.127499
0.001 0.127497
0.002 0.127495
0.003 0.127492
0.004 0.127488
0.005 0.127484
0.006 0.12748
0.007 0.127475
0.008 0.127469
0.009 0.127464
0.01 0.127457
0.011 0.127451
0.012 0.127444
0.013 0.127436
0.014 0.127429
0.015 0.127421
0.016 0.127412
0.017 0.127403
0.018 0.127394
0.019 0.127385
0.02 0.127375
0.021 0.127366
0.022 0.127355
0.023 0.127345
0.024 0.127334
0.025 0.127323
0.026 0.127312
0.027 0.1273
0.028 0.127289
0.029 0.127277
0.03 0.127264
0.031 0.127252
0.032 0.127239
0.033 0.127226
0.034 0.127213
0.035 0.1272
0.036 0.127186
0.037 0.127173
0.038 0.127159
0.039 0.127145
0.04 0.12713
0.041 0.127116
0.042 0.127101
0.043 0.127086
0.044 0.127071
0.045 0.127056
0.046 0.127041
0.047 0.127025
0.048 0.127009
0.049 0.126994
0.05 0.126977
0.051 0.126961
0.052 0.126945
0.053 0.126928
0.054 0.126912
0.055 0.126895
0.056 0.126878
0.057 0.126861
0.058 0.126844
0.059 0.126826
0.06 0.126809
0.061 0.126791
0.062 0.126773
0.063 0.126755
0.064 0.126737
0.065 0.126719
0.066 0.126701
0.067 0.126682
0.068 0.126664
0.069 0.126645
0.07 0.126626
0.071 0.126607
0.072 0.126588
0.073 0.126569
0.074 0.12655
0.075 0.12653
0.076 0.126511
0.077 0.126491
0.078 0.126472
0.079 0.126452
0.08 0.126432
0.081 0.126412
0.082 0.126392
0.083 0.126371
0.084 0.126351
0.085 0.126331
0.086 0.12631
0.087 0.126289
0.088 0.126269
0.089 0.126248
0.09 0.126227
0.091 0.126206
0.092 0.126185
0.093 0.126163
0.094 0.126142
0.095 0.126121
0.096 0.126099
0.097 0.126078
0.098 0.126056
0.099 0.126034
0.1 0.126012
0.101 0.125991
0.102 0.125969
0.103 0.125946
0.104 0.125924
0.105 0.125902
0.106 0.12588
0.107 0.125857
0.108 0.125835
0.109 0.125812
0.11 0.12579
0.111 0.125767
0.112 0.125744
0.113 0.125721
0.114 0.125698
0.115 0.125675
0.116 0.125652
0.117 0.125629
0.118 0.125606
0.119 0.125582
0.12 0.125559
0.121 0.125536
0.122 0.125512
0.123 0.125489
0.124 0.125465
0.125 0.125441
0.126 0.125417
0.127 0.125394
0.128 0.12537
0.129 0.125346
0.13 0.125322
0.131 0.125298
0.132 0.125273
0.133 0.125249
0.134 0.125225
0.135 0.1252
0.136 0.125176
0.137 0.125152
0.138 0.125127
0.139 0.125102
0.14 0.125078
0.141 0.125053
0.142 0.125028
0.143 0.125004
0.144 0.124979
0.145 0.124954
0.146 0.124929
0.147 0.124904
0.148 0.124879
0.149 0.124853
0.15 0.124828
0.151 0.124803
0.152 0.124778
0.153 0.124752
0.154 0.124727
0.155 0.124701
0.156 0.124676
0.157 0.12465
0.158 0.124624
0.159 0.124599
0.16 0.124573
0.161 0.124547
0.162 0.124521
0.163 0.124496
0.164 0.12447
0.165 0.124444
0.166 0.124418
0.167 0.124392
0.168 0.124365
0.169 0.124339
0.17 0.124313
0.171 0.124287
0.172 0.124261
0.173 0.124234
0.174 0.124208
0.175 0.124181
0.176 0.124155
0.177 0.124128
0.178 0.124102
0.179 0.124075
0.18 0.124049
0.181 0.124022
0.182 0.123995
0.183 0.123968
0.184 0.123941
0.185 0.123915
0.186 0.123888
0.187 0.123861
0.188 0.123834
0.189 0.123807
0.19 0.12378
0.191 0.123753
0.192 0.123725
0.193 0.123698
0.194 0.123671
0.195 0.123644
0.196 0.123616
0.197 0.123589
0.198 0.123562
0.199 0.123534
0.2 0.123507
0.201 0.123479
0.202 0.123452
0.203 0.123424
0.204 0.123396
0.205 0.123369
0.206 0.123341
0.207 0.123313
0.208 0.123286
0.209 0.123258
0.21 0.12323
0.211 0.123202
0.212 0.123174
0.213 0.123146
0.214 0.123118
0.215 0.12309
0.216 0.123062
0.217 0.123034
0.218 0.123006
0.219 0.122978
0.22 0.12295
0.221 0.122922
0.222 0.122894
0.223 0.122865
0.224 0.122837
0.225 0.122809
0.226 0.12278
0.227 0.122752
0.228 0.122724
0.229 0.122695
0.23 0.122667
0.231 0.122638
0.232 0.12261
0.233 0.122581
0.234 0.122552
0.235 0.122524
0.236 0.122495
0.237 0.122466
0.238 0.122438
0.239 0.122409
0.24 0.12238
0.241 0.122351
0.242 0.122322
0.243 0.122294
0.244 0.122265
0.245 0.122236
0.246 0.122207
0.247 0.122178
0.248 0.122149
0.249 0.12212
0.25 0.122091
0.251 0.122062
0.252 0.122033
0.253 0.122003
0.254 0.121974
0.255 0.121945
0.256 0.121916
0.257 0.121887
0.258 0.121857
0.259 0.121828
0.26 0.121799
0.261 0.121769
0.262 0.12174
0.263 0.121711
0.264 0.121681
0.265 0.121652
0.266 0.121622
0.267 0.121593
0.268 0.121563
0.269 0.121534
0.27 0.121504
0.271 0.121474
0.272 0.121445
0.273 0.121415
0.274 0.121385
0.275 0.121356
0.276 0.121326
0.277 0.121296
0.278 0.121267
0.279 0.121237
0.28 0.121207
0.281 0.121177
0.282 0.121147
0.283 0.121117
0.284 0.121087
0.285 0.121058
0.286 0.121028
0.287 0.120998
0.288 0.120968
0.289 0.120938
0.29 0.120908
0.291 0.120878
0.292 0.120847
0.293 0.120817
0.294 0.120787
0.295 0.120757
0.296 0.120727
0.297 0.120697
0.298 0.120667
0.299 0.120636
0.3 0.120606
0.301 0.120576
0.302 0.120546
0.303 0.120515
0.304 0.120485
0.305 0.120455
0.306 0.120424
0.307 0.120394
0.308 0.120363
0.309 0.120333
0.31 0.120302
0.311 0.120272
0.312 0.120242
0.313 0.120211
0.314 0.120181
0.315 0.12015
0.316 0.120119
0.317 0.120089
0.318 0.120058
0.319 0.120028
0.32 0.119997
0.321 0.119966
0.322 0.119936
0.323 0.119905
0.324 0.119874
0.325 0.119844
0.326 0.119813
0.327 0.119782
0.328 0.119751
0.329 0.11972
0.33 0.11969
0.331 0.119659
0.332 0.119628
0.333 0.119597
0.334 0.119566
0.335 0.119535
0.336 0.119504
0.337 0.119474
0.338 0.119443
0.339 0.119412
0.34 0.119381
0.341 0.11935
0.342 0.119319
0.343 0.119288
0.344 0.119256
0.345 0.119225
0.346 0.119194
0.347 0.119163
0.348 0.119132
0.349 0.119101
0.35 0.11907
0.351 0.119039
0.352 0.119007
0.353 0.118976
0.354 0.118945
0.355 0.118914
0.356 0.118883
0.357 0.118851
0.358 0.11882
0.359 0.118789
0.36 0.118758
0.361 0.118726
0.362 0.118695
0.363 0.118664
0.364 0.118632
0.365 0.118601
0.366 0.118569
0.367 0.118538
0.368 0.118507
0.369 0.118475
0.37 0.118444
0.371 0.118412
0.372 0.118381
0.373 0.118349
0.374 0.118318
0.375 0.118286
0.376 0.118255
0.377 0.118223
0.378 0.118192
0.379 0.11816
0.38 0.118129
0.381 0.118097
0.382 0.118065
0.383 0.118034
0.384 0.118002
0.385 0.11797
0.386 0.117939
0.387 0.117907
0.388 0.117875
0.389 0.117844
0.39 0.117812
0.391 0.11778
0.392 0.117748
0.393 0.117717
0.394 0.117685
0.395 0.117653
0.396 0.117621
0.397 0.11759
0.398 0.117558
0.399 0.117526
0.4 0.117494
0.401 0.117462
0.402 0.11743
0.403 0.117398
0.404 0.117367
0.405 0.117335
0.406 0.117303
0.407 0.117271
0.408 0.117239
0.409 0.117207
0.41 0.117175
0.411 0.117143
0.412 0.117111
0.413 0.117079
0.414 0.117047
0.415 0.117015
0.416 0.116983
0.417 0.116951
0.418 0.116919
0.419 0.116887
0.42 0.116855
0.421 0.116823
0.422 0.116791
0.423 0.116758
0.424 0.116726
0.425 0.116694
0.426 0.116662
0.427 0.11663
0.428 0.116598
0.429 0.116566
0.43 0.116533
0.431 0.116501
0.432 0.116469
0.433 0.116437
0.434 0.116405
0.435 0.116372
0.436 0.11634
0.437 0.116308
0.438 0.116275
0.439 0.116243
0.44 0.116211
0.441 0.116179
0.442 0.116146
0.443 0.116114
0.444 0.116082
0.445 0.116049
0.446 0.116017
0.447 0.115985
0.448 0.115952
0.449 0.11592
0.45 0.115887
0.451 0.115855
0.452 0.115823
0.453 0.11579
0.454 0.115758
0.455 0.115725
0.456 0.115693
0.457 0.11566
0.458 0.115628
0.459 0.115595
0.46 0.115563
0.461 0.115531
0.462 0.115498
0.463 0.115465
0.464 0.115433
0.465 0.1154
0.466 0.115368
0.467 0.115335
0.468 0.115303
0.469 0.11527
0.47 0.115238
0.471 0.115205
0.472 0.115172
0.473 0.11514
0.474 0.115107
0.475 0.115075
0.476 0.115042
0.477 0.115009
0.478 0.114977
0.479 0.114944
0.48 0.114911
0.481 0.114879
0.482 0.114846
0.483 0.114813
0.484 0.114781
0.485 0.114748
0.486 0.114715
0.487 0.114683
0.488 0.11465
0.489 0.114617
0.49 0.114584
0.491 0.114552
0.492 0.114519
0.493 0.114486
0.494 0.114453
0.495 0.114421
0.496 0.114388
0.497 0.114355
0.498 0.114322
0.499 0.114289
0.5 0.114257
0.501 0.114224
0.502 0.114191
0.503 0.114158
0.504 0.114125
0.505 0.114092
0.506 0.114059
0.507 0.114027
0.508 0.113994
0.509 0.113961
0.51 0.113928
0.511 0.113895
0.512 0.113862
0.513 0.113829
0.514 0.113796
0.515 0.113763
0.516 0.11373
0.517 0.113697
0.518 0.113664
0.519 0.113631
0.52 0.113598
0.521 0.113565
0.522 0.113532
0.523 0.113499
0.524 0.113466
0.525 0.113433
0.526 0.1134
0.527 0.113367
0.528 0.113334
0.529 0.113301
0.53 0.113268
0.531 0.113235
0.532 0.113202
0.533 0.113169
0.534 0.113136
0.535 0.113103
0.536 0.11307
0.537 0.113037
0.538 0.113004
0.539 0.112971
0.54 0.112938
0.541 0.112905
0.542 0.112871
0.543 0.112838
0.544 0.112805
0.545 0.112772
0.546 0.112739
0.547 0.112706
0.548 0.112673
0.549 0.112639
0.55 0.112606
0.551 0.112573
0.552 0.11254
0.553 0.112507
0.554 0.112474
0.555 0.11244
0.556 0.112407
0.557 0.112374
0.558 0.112341
0.559 0.112307
0.56 0.112274
0.561 0.112241
0.562 0.112208
0.563 0.112175
0.564 0.112141
0.565 0.112108
0.566 0.112075
0.567 0.112042
0.568 0.112008
0.569 0.111975
0.57 0.111942
0.571 0.111908
0.572 0.111875
0.573 0.111842
0.574 0.111809
0.575 0.111775
0.576 0.111742
0.577 0.111709
0.578 0.111675
0.579 0.111642
0.58 0.111609
0.581 0.111575
0.582 0.111542
0.583 0.111509
0.584 0.111475
0.585 0.111442
0.586 0.111408
0.587 0.111375
0.588 0.111342
0.589 0.111308
0.59 0.111275
0.591 0.111242
0.592 0.111208
0.593 0.111175
0.594 0.111141
0.595 0.111108
0.596 0.111074
0.597 0.111041
0.598 0.111008
0.599 0.110974
0.6 0.110941
0.601 0.110907
0.602 0.110874
0.603 0.11084
0.604 0.110807
0.605 0.110774
0.606 0.11074
0.607 0.110707
0.608 0.110673
0.609 0.11064
0.61 0.110606
0.611 0.110573
0.612 0.110539
0.613 0.110506
0.614 0.110472
0.615 0.110439
0.616 0.110405
0.617 0.110372
0.618 0.110338
0.619 0.110305
0.62 0.110271
0.621 0.110238
0.622 0.110204
0.623 0.11017
0.624 0.110137
0.625 0.110103
0.626 0.11007
0.627 0.110036
0.628 0.110003
0.629 0.109969
0.63 0.109936
0.631 0.109902
0.632 0.109868
0.633 0.109835
0.634 0.109801
0.635 0.109768
0.636 0.109734
0.637 0.1097
0.638 0.109667
0.639 0.109633
0.64 0.1096
0.641 0.109566
0.642 0.109532
0.643 0.109499
0.644 0.109465
0.645 0.109431
0.646 0.109398
0.647 0.109364
0.648 0.109331
0.649 0.109297
0.65 0.109263
0.651 0.10923
0.652 0.109196
0.653 0.109162
0.654 0.109129
0.655 0.109095
0.656 0.109061
0.657 0.109027
0.658 0.108994
0.659 0.10896
0.66 0.108926
0.661 0.108893
0.662 0.108859
0.663 0.108825
0.664 0.108792
0.665 0.108758
0.666 0.108724
0.667 0.10869
0.668 0.108657
0.669 0.108623
0.67 0.108589
0.671 0.108556
0.672 0.108522
0.673 0.108488
0.674 0.108454
0.675 0.108421
0.676 0.108387
0.677 0.108353
0.678 0.108319
0.679 0.108286
0.68 0.108252
0.681 0.108218
0.682 0.108184
0.683 0.108151
0.684 0.108117
0.685 0.108083
0.686 0.108049
0.687 0.108015
0.688 0.107982
0.689 0.107948
0.69 0.107914
0.691 0.10788
0.692 0.107846
0.693 0.107813
0.694 0.107779
0.695 0.107745
0.696 0.107711
0.697 0.107677
0.698 0.107644
0.699 0.10761
0.7 0.107576
0.701 0.107542
0.702 0.107508
0.703 0.107474
0.704 0.107441
0.705 0.107407
0.706 0.107373
0.707 0.107339
0.708 0.107305
0.709 0.107271
0.71 0.107237
0.711 0.107204
0.712 0.10717
0.713 0.107136
0.714 0.107102
0.715 0.107068
0.716 0.107034
0.717 0.107
0.718 0.106966
0.719 0.106933
0.72 0.106899
0.721 0.106865
0.722 0.106831
0.723 0.106797
0.724 0.106763
0.725 0.106729
0.726 0.106695
0.727 0.106661
0.728 0.106627
0.729 0.106594
0.73 0.10656
0.731 0.106526
0.732 0.106492
0.733 0.106458
0.734 0.106424
0.735 0.10639
0.736 0.106356
0.737 0.106322
0.738 0.106288
0.739 0.106254
0.74 0.10622
0.741 0.106186
0.742 0.106152
0.743 0.106119
0.744 0.106085
0.745 0.106051
0.746 0.106017
0.747 0.105983
0.748 0.105949
0.749 0.105915
0.75 0.105881
0.751 0.105847
0.752 0.105813
0.753 0.105779
0.754 0.105745
0.755 0.105711
0.756 0.105677
0.757 0.105643
0.758 0.105609
0.759 0.105575
0.76 0.105541
0.761 0.105507
0.762 0.105473
0.763 0.105439
0.764 0.105405
0.765 0.105371
0.766 0.105337
0.767 0.105303
0.768 0.105269
0.769 0.105235
0.77 0.105201
0.771 0.105167
0.772 0.105133
0.773 0.105099
0.774 0.105065
0.775 0.105031
0.776 0.104997
0.777 0.104963
0.778 0.104929
0.779 0.104895
0.78 0.104861
0.781 0.104827
0.782 0.104793
0.783 0.104758
0.784 0.104724
0.785 0.10469
0.786 0.104656
0.787 0.104622
0.788 0.104588
0.789 0.104554
0.79 0.10452
0.791 0.104486
0.792 0.104452
0.793 0.104418
0.794 0.104384
0.795 0.10435
0.796 0.104316
0.797 0.104282
0.798 0.104248
0.799 0.104213
0.8 0.104179
0.801 0.104145
0.802 0.104111
0.803 0.104077
0.804 0.104043
0.805 0.104009
0.806 0.103975
0.807 0.103941
0.808 0.103907
0.809 0.103873
0.81 0.103838
0.811 0.103804
0.812 0.10377
0.813 0.103736
0.814 0.103702
0.815 0.103668
0.816 0.103634
0.817 0.1036
0.818 0.103566
0.819 0.103531
0.82 0.103497
0.821 0.103463
0.822 0.103429
0.823 0.103395
0.824 0.103361
0.825 0.103327
0.826 0.103293
0.827 0.103258
0.828 0.103224
0.829 0.10319
0.83 0.103156
0.831 0.103122
0.832 0.103088
0.833 0.103054
0.834 0.103019
0.835 0.102985
0.836 0.102951
0.837 0.102917
0.838 0.102883
0.839 0.102849
0.84 0.102815
0.841 0.10278
0.842 0.102746
0.843 0.102712
0.844 0.102678
0.845 0.102644
0.846 0.10261
0.847 0.102575
0.848 0.102541
0.849 0.102507
0.85 0.102473
0.851 0.102439
0.852 0.102405
0.853 0.10237
0.854 0.102336
0.855 0.102302
0.856 0.102268
0.857 0.102234
0.858 0.1022
0.859 0.102165
0.86 0.102131
0.861 0.102097
0.862 0.102063
0.863 0.102029
0.864 0.101994
0.865 0.10196
0.866 0.101926
0.867 0.101892
0.868 0.101858
0.869 0.101823
0.87 0.101789
0.871 0.101755
0.872 0.101721
0.873 0.101687
0.874 0.101652
0.875 0.101618
0.876 0.101584
0.877 0.10155
0.878 0.101516
0.879 0.101481
0.88 0.101447
0.881 0.101413
0.882 0.101379
0.883 0.101344
0.884 0.10131
0.885 0.101276
0.886 0.101242
0.887 0.101208
0.888 0.101173
0.889 0.101139
0.89 0.101105
0.891 0.101071
0.892 0.101036
0.893 0.101002
0.894 0.100968
0.895 0.100934
0.896 0.100899
0.897 0.100865
0.898 0.100831
0.899 0.100797
0.9 0.100762
0.901 0.100728
0.902 0.100694
0.903 0.10066
0.904 0.100626
0.905 0.100591
0.906 0.100557
0.907 0.100523
0.908 0.100489
0.909 0.100454
0.91 0.10042
0.911 0.100386
0.912 0.100351
0.913 0.100317
0.914 0.100283
0.915 0.100249
0.916 0.100214
0.917 0.10018
0.918 0.100146
0.919 0.100112
0.92 0.100077
0.921 0.100043
0.922 0.100009
0.923 0.0999745
0.924 0.0999403
0.925 0.099906
0.926 0.0998717
0.927 0.0998374
0.928 0.0998032
0.929 0.0997689
0.93 0.0997346
0.931 0.0997003
0.932 0.099666
0.933 0.0996318
0.934 0.0995975
0.935 0.0995632
0.936 0.0995289
0.937 0.0994946
0.938 0.0994603
0.939 0.099426
0.94 0.0993917
0.941 0.0993574
0.942 0.0993231
0.943 0.0992889
0.944 0.0992546
0.945 0.0992203
0.946 0.0991859
0.947 0.0991516
0.948 0.0991173
0.949 0.099083
0.95 0.0990487
0.951 0.0990144
0.952 0.0989801
0.953 0.0989458
0.954 0.0989115
0.955 0.0988772
0.956 0.0988429
0.957 0.0988086
0.958 0.0987743
0.959 0.09874
0.96 0.0987057
0.961 0.0986714
0.962 0.098637
0.963 0.0986027
0.964 0.0985684
0.965 0.0985341
0.966 0.0984998
0.967 0.0984655
0.968 0.0984311
0.969 0.0983968
0.97 0.0983625
0.971 0.0983282
0.972 0.0982939
0.973 0.0982595
0.974 0.0982252
0.975 0.0981909
0.976 0.0981565
0.977 0.0981222
0.978 0.0980879
0.979 0.0980535
0.98 0.0980192
0.981 0.0979849
0.982 0.0979505
0.983 0.0979162
0.984 0.0978818
0.985 0.0978475
0.986 0.0978132
0.987 0.0977789
0.988 0.0977445
0.989 0.0977102
0.99 0.0976758
0.991 0.0976415
0.992 0.0976072
0.993 0.0975728
0.994 0.0975385
0.995 0.0975041
0.996 0.0974698
0.997 0.0974354
0.998 0.0974011
0.999 0.0973667
1 0.0973324
1.001 0.0972981
1.002 0.0972637
1.003 0.0972293
1.004 0.097195
1.005 0.0971606
1.006 0.0971263
1.007 0.0970919
1.008 0.0970576
1.009 0.0970232
1.01 0.0969888
1.011 0.0969545
1.012 0.0969201
1.013 0.0968857
1.014 0.0968514
1.015 0.096817
1.016 0.0967827
1.017 0.0967483
1.018 0.0967139
1.019 0.0966796
1.02 0.0966452
1.021 0.0966108
1.022 0.0965765
1.023 0.0965421
1.024 0.0965077
1.025 0.0964734
1.026 0.096439
1.027 0.0964046
1.028 0.0963703
1.029 0.0963359
1.03 0.0963015
1.031 0.0962671
1.032 0.0962328
1.033 0.0961984
1.034 0.096164
1.035 0.0961296
1.036 0.0960953
1.037 0.0960609
1.038 0.0960265
1.039 0.0959921
1.04 0.0959577
1.041 0.0959234
1.042 0.095889
1.043 0.0958546
1.044 0.0958202
1.045 0.0957858
1.046 0.0957514
1.047 0.095717
1.048 0.0956826
1.049 0.0956483
1.05 0.0956139
1.051 0.0955795
1.052 0.0955451
1.053 0.0955107
1.054 0.0954763
1.055 0.0954419
1.056 0.0954075
1.057 0.0953731
1.058 0.0953388
1.059 0.0953044
1.06 0.09527
1.061 0.0952356
1.062 0.0952012
1.063 0.0951668
1.064 0.0951324
1.065 0.095098
1.066 0.0950636
1.067 0.0950292
1.068 0.0949948
1.069 0.0949604
1.07 0.094926
1.071 0.0948916
1.072 0.0948572
1.073 0.0948228
1.074 0.0947884
1.075 0.094754
1.076 0.0947196
1.077 0.0946851
1.078 0.0946507
1.079 0.0946163
1.08 0.0945819
1.081 0.0945475
1.082 0.0945131
1.083 0.0944787
1.084 0.0944443
1.085 0.0944099
1.086 0.0943755
1.087 0.0943411
1.088 0.0943067
1.089 0.0942723
1.09 0.0942378
1.091 0.0942034
1.092 0.094169
1.093 0.0941346
1.094 0.0941002
1.095 0.0940658
1.096 0.0940314
1.097 0.0939969
1.098 0.0939625
1.099 0.0939281
1.1 0.0938937
1.101 0.0938593
1.102 0.0938249
1.103 0.0937904
1.104 0.093756
1.105 0.0937216
1.106 0.0936872
1.107 0.0936527
1.108 0.0936183
1.109 0.0935839
1.11 0.0935495
1.111 0.093515
1.112 0.0934806
1.113 0.0934462
1.114 0.0934118
1.115 0.0933773
1.116 0.0933429
1.117 0.0933085
1.118 0.093274
1.119 0.0932396
1.12 0.0932052
1.121 0.0931708
1.122 0.0931363
1.123 0.0931019
1.124 0.0930675
1.125 0.093033
1.126 0.0929986
1.127 0.0929642
1.128 0.0929298
1.129 0.0928953
1.13 0.0928609
1.131 0.0928265
1.132 0.092792
1.133 0.0927576
1.134 0.0927231
1.135 0.0926887
1.136 0.0926543
1.137 0.0926198
1.138 0.0925854
1.139 0.0925509
1.14 0.0925165
1.141 0.0924821
1.142 0.0924476
1.143 0.0924132
1.144 0.0923787
1.145 0.0923443
1.146 0.0923098
1.147 0.0922754
1.148 0.092241
1.149 0.0922065
1.15 0.0921721
1.151 0.0921376
1.152 0.0921032
1.153 0.0920688
1.154 0.0920343
1.155 0.0919999
1.156 0.0919654
1.157 0.091931
1.158 0.0918965
1.159 0.0918621
1.16 0.0918276
1.161 0.0917932
1.162 0.0917588
1.163 0.0917243
1.164 0.0916899
1.165 0.0916554
1.166 0.091621
1.167 0.0915865
1.168 0.091552
1.169 0.0915176
1.17 0.0914831
1.171 0.0914487
1.172 0.0914142
1.173 0.0913798
1.174 0.0913453
1.175 0.0913108
1.176 0.0912764
1.177 0.0912419
1.178 0.0912075
1.179 0.091173
1.18 0.0911386
1.181 0.0911041
1.182 0.0910697
1.183 0.0910352
1.184 0.0910007
1.185 0.0909663
1.186 0.0909318
1.187 0.0908974
1.188 0.0908629
1.189 0.0908285
1.19 0.090794
1.191 0.0907595
1.192 0.0907251
1.193 0.0906906
1.194 0.0906562
1.195 0.0906217
1.196 0.0905873
1.197 0.0905528
1.198 0.0905183
1.199 0.0904839
1.2 0.0904494
1.201 0.0904149
1.202 0.0903805
1.203 0.090346
1.204 0.0903115
1.205 0.0902771
1.206 0.0902426
1.207 0.0902081
1.208 0.0901736
1.209 0.0901392
1.21 0.0901047
1.211 0.0900702
1.212 0.0900358
1.213 0.0900013
1.214 0.0899668
1.215 0.0899324
1.216 0.0898979
1.217 0.0898634
1.218 0.089829
1.219 0.0897945
1.22 0.08976
1.221 0.0897256
1.222 0.0896911
1.223 0.0896566
1.224 0.0896222
1.225 0.0895877
1.226 0.0895532
1.227 0.0895187
1.228 0.0894843
1.229 0.0894498
1.23 0.0894153
1.231 0.0893808
1.232 0.0893464
1.233 0.0893119
1.234 0.0892774
1.235 0.0892429
1.236 0.0892084
1.237 0.089174
1.238 0.0891395
1.239 0.089105
1.24 0.0890705
1.241 0.0890361
1.242 0.0890016
1.243 0.0889671
1.244 0.0889326
1.245 0.0888981
1.246 0.0888637
1.247 0.0888292
1.248 0.0887947
1.249 0.0887602
1.25 0.0887258
1.251 0.0886913
1.252 0.0886568
1.253 0.0886223
1.254 0.0885878
1.255 0.0885534
1.256 0.0885189
1.257 0.0884844
1.258 0.0884499
1.259 0.0884154
1.26 0.088381
1.261 0.0883465
1.262 0.088312
1.263 0.0882775
1.264 0.088243
1.265 0.0882085
1.266 0.088174
1.267 0.0881396
1.268 0.0881051
1.269 0.0880706
1.27 0.0880361
1.271 0.0880016
1.272 0.0879671
1.273 0.0879326
1.274 0.0878981
1.275 0.0878636
1.276 0.0878292
1.277 0.0877947
1.278 0.0877602
1.279 0.0877257
1.28 0.0876912
1.281 0.0876567
1.282 0.0876223
1.283 0.0875878
1.284 0.0875533
1.285 0.0875188
1.286 0.0874843
1.287 0.0874498
1.288 0.0874153
1.289 0.0873808
1.29 0.0873464
1.291 0.0873119
1.292 0.0872774
1.293 0.0872429
1.294 0.0872084
1.295 0.0871739
1.296 0.0871394
1.297 0.0871049
1.298 0.0870704
1.299 0.0870359
1.3 0.0870014
1.301 0.0869669
1.302 0.0869324
1.303 0.0868979
1.304 0.0868634
1.305 0.0868289
1.306 0.0867945
1.307 0.08676
1.308 0.0867255
1.309 0.086691
1.31 0.0866565
1.311 0.086622
1.312 0.0865875
1.313 0.086553
1.314 0.0865185
1.315 0.086484
1.316 0.0864495
1.317 0.086415
1.318 0.0863805
1.319 0.086346
1.32 0.0863115
1.321 0.086277
1.322 0.0862425
1.323 0.0862081
1.324 0.0861736
1.325 0.0861391
1.326 0.0861046
1.327 0.0860701
1.328 0.0860356
1.329 0.0860011
1.33 0.0859666
1.331 0.0859321
1.332 0.0858975
1.333 0.085863
1.334 0.0858285
1.335 0.085794
1.336 0.0857595
1.337 0.085725
1.338 0.0856905
1.339 0.085656
1.34 0.0856215
1.341 0.085587
1.342 0.0855525
1.343 0.085518
1.344 0.0854835
1.345 0.085449
1.346 0.0854145
1.347 0.08538
1.348 0.0853455
1.349 0.085311
1.35 0.0852765
1.351 0.085242
1.352 0.0852075
1.353 0.085173
1.354 0.0851385
1.355 0.085104
1.356 0.0850695
1.357 0.085035
1.358 0.0850005
1.359 0.084966
1.36 0.0849315
1.361 0.084897
1.362 0.0848625
1.363 0.084828
1.364 0.0847935
1.365 0.084759
1.366 0.0847244
1.367 0.0846899
1.368 0.0846554
1.369 0.0846209
1.37 0.0845864
1.371 0.0845519
1.372 0.0845174
1.373 0.0844829
1.374 0.0844484
1.375 0.0844139
1.376 0.0843794
1.377 0.0843449
1.378 0.0843104
1.379 0.0842759
1.38 0.0842414
1.381 0.0842069
1.382 0.0841723
1.383 0.0841378
1.384 0.0841033
1.385 0.0840688
1.386 0.0840343
1.387 0.0839998
1.388 0.0839653
1.389 0.0839308
1.39 0.0838963
1.391 0.0838618
1.392 0.0838273
1.393 0.0837928
1.394 0.0837582
1.395 0.0837237
1.396 0.0836892
1.397 0.0836547
1.398 0.0836202
1.399 0.0835857
1.4 0.0835511
1.401 0.0835166
1.402 0.0834821
1.403 0.0834476
1.404 0.0834131
1.405 0.0833786
1.406 0.0833441
1.407 0.0833096
1.408 0.0832751
1.409 0.0832405
1.41 0.083206
1.411 0.0831715
1.412 0.083137
1.413 0.0831025
1.414 0.083068
1.415 0.0830335
1.416 0.082999
1.417 0.0829644
1.418 0.0829299
1.419 0.0828954
1.42 0.0828609
1.421 0.0828264
1.422 0.0827919
1.423 0.0827574
1.424 0.0827228
1.425 0.0826883
1.426 0.0826538
1.427 0.0826193
1.428 0.0825848
1.429 0.0825502
1.43 0.0825157
1.431 0.0824812
1.432 0.0824467
1.433 0.0824122
1.434 0.0823776
1.435 0.0823431
1.436 0.0823086
1.437 0.0822741
1.438 0.0822396
1.439 0.0822051
1.44 0.0821706
1.441 0.082136
1.442 0.0821015
1.443 0.082067
1.444 0.0820325
1.445 0.081998
1.446 0.0819635
1.447 0.081929
1.448 0.0818944
1.449 0.0818599
1.45 0.0818254
1.451 0.0817909
1.452 0.0817564
1.453 0.0817219
1.454 0.0816874
1.455 0.0816528
1.456 0.0816183
1.457 0.0815838
1.458 0.0815493
1.459 0.0815148
1.46 0.0814802
1.461 0.0814457
1.462 0.0814112
1.463 0.0813767
1.464 0.0813421
1.465 0.0813076
1.466 0.0812731
1.467 0.0812386
1.468 0.081204
1.469 0.0811695
1.47 0.081135
1.471 0.0811005
1.472 0.081066
1.473 0.0810315
1.474 0.0809969
1.475 0.0809624
1.476 0.0809279
1.477 0.0808934
1.478 0.0808589
1.479 0.0808243
1.48 0.0807898
1.481 0.0807553
1.482 0.0807208
1.483 0.0806862
1.484 0.0806517
1.485 0.0806172
1.486 0.0805827
1.487 0.0805482
1.488 0.0805136
1.489 0.0804791
1.49 0.0804446
1.491 0.0804101
1.492 0.0803755
1.493 0.080341
1.494 0.0803065
1.495 0.080272
1.496 0.0802374
1.497 0.0802029
1.498 0.0801684
1.499 0.0801338
1.5 0.0800993
1.501 0.0800648
1.502 0.0800303
1.503 0.0799958
1.504 0.0799612
1.505 0.0799267
1.506 0.0798922
1.507 0.0798577
1.508 0.0798232
1.509 0.0797886
1.51 0.0797541
1.511 0.0797196
1.512 0.0796851
1.513 0.0796505
1.514 0.079616
1.515 0.0795815
1.516 0.079547
1.517 0.0795125
1.518 0.0794779
1.519 0.0794434
1.52 0.0794089
1.521 0.0793743
1.522 0.0793398
1.523 0.0793053
1.524 0.0792708
1.525 0.0792362
1.526 0.0792017
1.527 0.0791672
1.528 0.0791326
1.529 0.0790981
1.53 0.0790636
1.531 0.079029
1.532 0.0789945
1.533 0.07896
1.534 0.0789255
1.535 0.0788909
1.536 0.0788564
1.537 0.0788219
1.538 0.0787874
1.539 0.0787528
1.54 0.0787183
1.541 0.0786838
1.542 0.0786493
1.543 0.0786147
1.544 0.0785802
1.545 0.0785457
1.546 0.0785112
1.547 0.0784766
1.548 0.0784421
1.549 0.0784076
1.55 0.0783731
1.551 0.0783385
1.552 0.078304
1.553 0.0782695
1.554 0.0782349
1.555 0.0782004
1.556 0.0781659
1.557 0.0781313
1.558 0.0780968
1.559 0.0780623
1.56 0.0780277
1.561 0.0779932
1.562 0.0779587
1.563 0.0779241
1.564 0.0778896
1.565 0.0778551
1.566 0.0778206
1.567 0.077786
1.568 0.0777515
1.569 0.077717
1.57 0.0776824
1.571 0.0776479
1.572 0.0776134
1.573 0.0775789
1.574 0.0775443
1.575 0.0775098
1.576 0.0774753
1.577 0.0774408
1.578 0.0774062
1.579 0.0773717
1.58 0.0773372
1.581 0.0773026
1.582 0.0772681
1.583 0.0772336
1.584 0.0771991
1.585 0.0771645
1.586 0.07713
1.587 0.0770954
1.588 0.0770609
1.589 0.0770264
1.59 0.0769918
1.591 0.0769573
1.592 0.0769228
1.593 0.0768882
1.594 0.0768537
1.595 0.0768192
1.596 0.0767846
1.597 0.0767501
1.598 0.0767156
1.599 0.076681
1.6 0.0766465
1.601 0.076612
1.602 0.0765774
1.603 0.0765429
1.604 0.0765084
1.605 0.0764739
1.606 0.0764393
1.607 0.0764048
1.608 0.0763702
1.609 0.0763357
1.61 0.0763012
1.611 0.0762667
1.612 0.0762321
1.613 0.0761976
1.614 0.0761631
1.615 0.0761285
1.616 0.076094
1.617 0.0760595
1.618 0.0760249
1.619 0.0759904
1.62 0.0759559
1.621 0.0759213
1.622 0.0758868
1.623 0.0758523
1.624 0.0758177
1.625 0.0757832
1.626 0.0757487
1.627 0.0757141
1.628 0.0756796
1.629 0.0756451
1.63 0.0756105
1.631 0.075576
1.632 0.0755415
1.633 0.0755069
1.634 0.0754724
1.635 0.0754379
1.636 0.0754034
1.637 0.0753688
1.638 0.0753343
1.639 0.0752997
1.64 0.0752652
1.641 0.0752307
1.642 0.0751962
1.643 0.0751616
1.644 0.0751271
1.645 0.0750926
1.646 0.075058
1.647 0.0750235
1.648 0.074989
1.649 0.0749544
1.65 0.0749199
1.651 0.0748853
1.652 0.0748508
1.653 0.0748163
1.654 0.0747817
1.655 0.0747472
1.656 0.0747127
1.657 0.0746781
1.658 0.0746436
1.659 0.074609
1.66 0.0745745
1.661 0.07454
1.662 0.0745054
1.663 0.0744709
1.664 0.0744364
1.665 0.0744018
1.666 0.0743673
1.667 0.0743328
1.668 0.0742983
1.669 0.0742637
1.67 0.0742292
1.671 0.0741946
1.672 0.0741601
1.673 0.0741256
1.674 0.074091
1.675 0.0740565
1.676 0.074022
1.677 0.0739874
1.678 0.0739529
1.679 0.0739184
1.68 0.0738838
1.681 0.0738493
1.682 0.0738148
1.683 0.0737802
1.684 0.0737457
1.685 0.0737112
1.686 0.0736766
1.687 0.0736421
1.688 0.0736075
1.689 0.073573
1.69 0.0735385
1.691 0.0735039
1.692 0.0734694
1.693 0.0734348
1.694 0.0734003
1.695 0.0733658
1.696 0.0733312
1.697 0.0732967
1.698 0.0732622
1.699 0.0732276
1.7 0.0731931
1.701 0.0731586
1.702 0.073124
1.703 0.0730895
1.704 0.073055
1.705 0.0730204
1.706 0.0729859
1.707 0.0729514
1.708 0.0729168
1.709 0.0728823
1.71 0.0728478
1.711 0.0728132
1.712 0.0727787
1.713 0.0727441
1.714 0.0727096
1.715 0.0726751
1.716 0.0726405
1.717 0.072606
1.718 0.0725714
1.719 0.0725369
1.72 0.0725024
1.721 0.0724678
1.722 0.0724333
1.723 0.0723987
1.724 0.0723642
1.725 0.0723297
1.726 0.0722951
1.727 0.0722606
1.728 0.0722261
1.729 0.0721915
1.73 0.072157
1.731 0.0721224
1.732 0.0720879
1.733 0.0720534
1.734 0.0720188
1.735 0.0719843
1.736 0.0719498
1.737 0.0719152
1.738 0.0718807
1.739 0.0718462
1.74 0.0718116
1.741 0.0717771
1.742 0.0717426
1.743 0.071708
1.744 0.0716735
1.745 0.071639
1.746 0.0716044
1.747 0.0715699
1.748 0.0715353
1.749 0.0715008
1.75 0.0714662
1.751 0.0714317
1.752 0.0713972
1.753 0.0713626
1.754 0.0713281
1.755 0.0712935
1.756 0.071259
1.757 0.0712245
1.758 0.0711899
1.759 0.0711554
1.76 0.0711209
1.761 0.0710863
1.762 0.0710518
1.763 0.0710172
1.764 0.0709827
1.765 0.0709482
1.766 0.0709136
1.767 0.0708791
1.768 0.0708445
1.769 0.07081
1.77 0.0707755
1.771 0.0707409
1.772 0.0707064
1.773 0.0706719
1.774 0.0706373
1.775 0.0706028
1.776 0.0705683
1.777 0.0705337
1.778 0.0704992
1.779 0.0704646
1.78 0.0704301
1.781 0.0703955
1.782 0.070361
1.783 0.0703265
1.784 0.0702919
1.785 0.0702574
1.786 0.0702228
1.787 0.0701883
1.788 0.0701537
1.789 0.0701192
1.79 0.0700847
1.791 0.0700501
1.792 0.0700156
1.793 0.069981
1.794 0.0699465
1.795 0.069912
1.796 0.0698774
1.797 0.0698429
1.798 0.0698084
1.799 0.0697738
1.8 0.0697393
1.801 0.0697047
1.802 0.0696702
1.803 0.0696357
1.804 0.0696011
1.805 0.0695666
1.806 0.0695321
1.807 0.0694975
1.808 0.069463
1.809 0.0694284
1.81 0.0693939
1.811 0.0693594
1.812 0.0693248
1.813 0.0692903
1.814 0.0692557
1.815 0.0692212
1.816 0.0691866
1.817 0.0691521
1.818 0.0691176
1.819 0.069083
1.82 0.0690485
1.821 0.0690139
1.822 0.0689794
1.823 0.0689449
1.824 0.0689103
1.825 0.0688758
1.826 0.0688412
1.827 0.0688067
1.828 0.0687722
1.829 0.0687376
1.83 0.0687031
1.831 0.0686686
1.832 0.068634
1.833 0.0685995
1.834 0.0685649
1.835 0.0685304
1.836 0.0684959
1.837 0.0684613
1.838 0.0684268
1.839 0.0683923
1.84 0.0683577
1.841 0.0683232
1.842 0.0682886
1.843 0.0682541
1.844 0.0682195
1.845 0.068185
1.846 0.0681505
1.847 0.0681159
1.848 0.0680814
1.849 0.0680468
1.85 0.0680123
1.851 0.0679777
1.852 0.0679432
1.853 0.0679086
1.854 0.0678741
1.855 0.0678396
1.856 0.067805
1.857 0.0677705
1.858 0.067736
1.859 0.0677014
1.86 0.0676669
1.861 0.0676324
1.862 0.0675978
1.863 0.0675633
1.864 0.0675287
1.865 0.0674942
1.866 0.0674596
1.867 0.0674251
1.868 0.0673906
1.869 0.067356
1.87 0.0673215
1.871 0.067287
1.872 0.0672524
1.873 0.0672179
1.874 0.0671834
1.875 0.0671488
1.876 0.0671143
1.877 0.0670797
1.878 0.0670452
1.879 0.0670106
1.88 0.0669761
1.881 0.0669415
1.882 0.066907
1.883 0.0668725
1.884 0.0668379
1.885 0.0668034
1.886 0.0667688
1.887 0.0667343
1.888 0.0666998
1.889 0.0666652
1.89 0.0666307
1.891 0.0665961
1.892 0.0665616
1.893 0.0665271
1.894 0.0664925
1.895 0.066458
1.896 0.0664234
1.897 0.0663889
1.898 0.0663544
1.899 0.0663198
1.9 0.0662853
1.901 0.0662507
1.902 0.0662162
1.903 0.0661817
1.904 0.0661471
1.905 0.0661126
1.906 0.0660781
1.907 0.0660435
1.908 0.066009
1.909 0.0659744
1.91 0.0659399
1.911 0.0659053
1.912 0.0658708
1.913 0.0658362
1.914 0.0658017
1.915 0.0657672
1.916 0.0657326
1.917 0.0656981
1.918 0.0656635
1.919 0.065629
1.92 0.0655945
1.921 0.0655599
1.922 0.0655254
1.923 0.0654908
1.924 0.0654563
1.925 0.0654218
1.926 0.0653872
1.927 0.0653527
1.928 0.0653181
1.929 0.0652836
1.93 0.0652491
1.931 0.0652145
1.932 0.06518
1.933 0.0651455
1.934 0.0651109
1.935 0.0650764
1.936 0.0650418
1.937 0.0650073
1.938 0.0649728
1.939 0.0649382
1.94 0.0649037
1.941 0.0648691
1.942 0.0648346
1.943 0.0648
1.944 0.0647655
1.945 0.064731
1.946 0.0646964
1.947 0.0646619
1.948 0.0646273
1.949 0.0645928
1.95 0.0645582
1.951 0.0645237
1.952 0.0644892
1.953 0.0644546
1.954 0.0644201
1.955 0.0643855
1.956 0.064351
1.957 0.0643165
1.958 0.0642819
1.959 0.0642474
1.96 0.0642129
1.961 0.0641783
1.962 0.0641438
1.963 0.0641092
1.964 0.0640747
1.965 0.0640402
1.966 0.0640056
1.967 0.0639711
1.968 0.0639365
1.969 0.063902
1.97 0.0638675
1.971 0.0638329
1.972 0.0637984
1.973 0.0637638
1.974 0.0637293
1.975 0.0636947
1.976 0.0636602
1.977 0.0636256
1.978 0.0635911
1.979 0.0635566
1.98 0.063522
1.981 0.0634875
1.982 0.0634529
1.983 0.0634184
1.984 0.0633838
1.985 0.0633493
1.986 0.0633148
1.987 0.0632802
1.988 0.0632457
1.989 0.0632112
1.99 0.0631766
1.991 0.0631421
1.992 0.0631076
1.993 0.063073
1.994 0.0630385
1.995 0.0630039
1.996 0.0629694
1.997 0.0629349
1.998 0.0629003
1.999 0.0628658
2 0.0628313
2.001 0.0627967
2.002 0.0627622
2.003 0.0627276
2.004 0.0626931
2.005 0.0626585
2.006 0.062624
2.007 0.0625895
2.008 0.0625549
2.009 0.0625204
2.01 0.0624858
2.011 0.0624513
2.012 0.0624167
2.013 0.0623822
2.014 0.0623477
2.015 0.0623131
2.016 0.0622786
2.017 0.0622441
2.018 0.0622095
2.019 0.062175
2.02 0.0621404
2.021 0.0621059
2.022 0.0620714
2.023 0.0620368
2.024 0.0620023
2.025 0.0619678
2.026 0.0619332
2.027 0.0618987
2.028 0.0618641
2.029 0.0618296
2.03 0.0617951
2.031 0.0617605
2.032 0.061726
2.033 0.0616915
2.034 0.0616569
2.035 0.0616224
2.036 0.0615878
2.037 0.0615533
2.038 0.0615188
2.039 0.0614842
2.04 0.0614497
2.041 0.0614151
2.042 0.0613806
2.043 0.061346
2.044 0.0613115
2.045 0.061277
2.046 0.0612424
2.047 0.0612079
2.048 0.0611733
2.049 0.0611388
2.05 0.0611043
2.051 0.0610697
2.052 0.0610352
2.053 0.0610007
2.054 0.0609661
2.055 0.0609316
2.056 0.0608971
2.057 0.0608625
2.058 0.060828
2.059 0.0607934
2.06 0.0607589
2.061 0.0607244
2.062 0.0606898
2.063 0.0606553
2.064 0.0606208
2.065 0.0605862
2.066 0.0605517
2.067 0.0605172
2.068 0.0604826
2.069 0.0604481
2.07 0.0604135
2.071 0.060379
2.072 0.0603445
2.073 0.0603099
2.074 0.0602754
2.075 0.0602408
2.076 0.0602063
2.077 0.0601718
2.078 0.0601372
2.079 0.0601027
2.08 0.0600682
2.081 0.0600336
2.082 0.0599991
2.083 0.0599645
2.084 0.05993
2.085 0.0598955
2.086 0.0598609
2.087 0.0598264
2.088 0.0597919
2.089 0.0597573
2.09 0.0597228
2.091 0.0596883
2.092 0.0596537
2.093 0.0596192
2.094 0.0595847
2.095 0.0595501
2.096 0.0595156
2.097 0.0594811
2.098 0.0594465
2.099 0.059412
2.1 0.0593774
2.101 0.0593429
2.102 0.0593084
2.103 0.0592738
2.104 0.0592393
2.105 0.0592047
2.106 0.0591702
2.107 0.0591357
2.108 0.0591011
2.109 0.0590666
2.11 0.0590321
2.111 0.0589975
2.112 0.058963
2.113 0.0589285
2.114 0.0588939
2.115 0.0588594
2.116 0.0588249
2.117 0.0587903
2.118 0.0587558
2.119 0.0587213
2.12 0.0586867
2.121 0.0586522
2.122 0.0586177
2.123 0.0585831
2.124 0.0585486
2.125 0.0585141
2.126 0.0584795
2.127 0.058445
2.128 0.0584105
2.129 0.0583759
2.13 0.0583414
2.131 0.0583069
2.132 0.0582723
2.133 0.0582378
2.134 0.0582032
2.135 0.0581687
2.136 0.0581342
2.137 0.0580996
2.138 0.0580651
2.139 0.0580306
2.14 0.057996
2.141 0.0579615
2.142 0.0579269
2.143 0.0578924
2.144 0.0578579
2.145 0.0578234
2.146 0.0577888
2.147 0.0577543
2.148 0.0577197
2.149 0.0576852
2.15 0.0576507
2.151 0.0576162
2.152 0.0575816
2.153 0.0575471
2.154 0.0575126
2.155 0.057478
2.156 0.0574435
2.157 0.057409
2.158 0.0573744
2.159 0.0573399
2.16 0.0573054
2.161 0.0572708
2.162 0.0572363
2.163 0.0572018
2.164 0.0571672
2.165 0.0571327
2.166 0.0570982
2.167 0.0570636
2.168 0.0570291
2.169 0.0569945
2.17 0.05696
2.171 0.0569255
2.172 0.0568909
2.173 0.0568564
2.174 0.0568219
2.175 0.0567873
2.176 0.0567528
2.177 0.0567183
2.178 0.0566838
2.179 0.0566492
2.18 0.0566147
2.181 0.0565802
2.182 0.0565456
2.183 0.0565111
2.184 0.0564766
2.185 0.0564421
2.186 0.0564075
2.187 0.056373
2.188 0.0563385
2.189 0.0563039
2.19 0.0562694
2.191 0.0562349
2.192 0.0562004
2.193 0.0561658
2.194 0.0561313
2.195 0.0560968
2.196 0.0560622
2.197 0.0560277
2.198 0.0559932
2.199 0.0559586
2.2 0.0559241
2.201 0.0558896
2.202 0.055855
2.203 0.0558205
2.204 0.055786
2.205 0.0557515
2.206 0.0557169
2.207 0.0556824
2.208 0.0556479
2.209 0.0556133
2.21 0.0555788
2.211 0.0555443
2.212 0.0555098
2.213 0.0554752
2.214 0.0554407
2.215 0.0554062
2.216 0.0553717
2.217 0.0553371
2.218 0.0553026
2.219 0.0552681
2.22 0.0552335
2.221 0.055199
2.222 0.0551645
2.223 0.05513
2.224 0.0550954
2.225 0.0550609
2.226 0.0550264
2.227 0.0549919
2.228 0.0549573
2.229 0.0549228
2.23 0.0548883
2.231 0.0548538
2.232 0.0548192
2.233 0.0547847
2.234 0.0547502
2.235 0.0547156
2.236 0.0546811
2.237 0.0546466
2.238 0.054612
2.239 0.0545775
2.24 0.054543
2.241 0.0545085
2.242 0.054474
2.243 0.0544394
2.244 0.0544049
2.245 0.0543704
2.246 0.0543359
2.247 0.0543013
2.248 0.0542668
2.249 0.0542323
2.25 0.0541978
2.251 0.0541632
2.252 0.0541287
2.253 0.0540942
2.254 0.0540597
2.255 0.0540252
2.256 0.0539906
2.257 0.0539561
2.258 0.0539216
2.259 0.0538871
2.26 0.0538525
2.261 0.053818
2.262 0.0537835
2.263 0.053749
2.264 0.0537144
2.265 0.0536799
2.266 0.0536454
2.267 0.0536109
2.268 0.0535763
2.269 0.0535418
2.27 0.0535073
2.271 0.0534727
2.272 0.0534382
2.273 0.0534037
2.274 0.0533692
2.275 0.0533347
2.276 0.0533001
2.277 0.0532656
2.278 0.0532311
2.279 0.0531966
2.28 0.0531621
2.281 0.0531276
2.282 0.053093
2.283 0.0530585
2.284 0.053024
2.285 0.0529895
2.286 0.052955
2.287 0.0529204
2.288 0.0528859
2.289 0.0528514
2.29 0.0528169
2.291 0.0527824
2.292 0.0527478
2.293 0.0527133
2.294 0.0526788
2.295 0.0526443
2.296 0.0526097
2.297 0.0525752
2.298 0.0525407
2.299 0.0525062
2.3 0.0524717
2.301 0.0524371
2.302 0.0524026
2.303 0.0523681
2.304 0.0523336
2.305 0.0522991
2.306 0.0522646
2.307 0.05223
2.308 0.0521955
2.309 0.052161
2.31 0.0521265
2.311 0.052092
2.312 0.0520575
2.313 0.052023
2.314 0.0519884
2.315 0.0519539
2.316 0.0519194
2.317 0.0518849
2.318 0.0518504
2.319 0.0518159
2.32 0.0517814
2.321 0.0517468
2.322 0.0517123
2.323 0.0516778
2.324 0.0516433
2.325 0.0516088
2.326 0.0515743
2.327 0.0515397
2.328 0.0515052
2.329 0.0514707
2.33 0.0514362
2.331 0.0514017
2.332 0.0513672
2.333 0.0513326
2.334 0.0512981
2.335 0.0512636
2.336 0.0512291
2.337 0.0511946
2.338 0.0511601
2.339 0.0511256
2.34 0.051091
2.341 0.0510565
2.342 0.051022
2.343 0.0509875
2.344 0.050953
2.345 0.0509185
2.346 0.050884
2.347 0.0508495
2.348 0.050815
2.349 0.0507805
2.35 0.050746
2.351 0.0507114
2.352 0.0506769
2.353 0.0506424
2.354 0.0506079
2.355 0.0505734
2.356 0.0505389
2.357 0.0505044
2.358 0.0504699
2.359 0.0504354
2.36 0.0504009
2.361 0.0503664
2.362 0.0503319
2.363 0.0502973
2.364 0.0502628
2.365 0.0502283
2.366 0.0501938
2.367 0.0501593
2.368 0.0501248
2.369 0.0500903
2.37 0.0500558
2.371 0.0500213
2.372 0.0499868
2.373 0.0499523
2.374 0.0499178
2.375 0.0498833
2.376 0.0498488
2.377 0.0498143
2.378 0.0497798
2.379 0.0497453
2.38 0.0497108
2.381 0.0496763
2.382 0.0496418
2.383 0.0496073
2.384 0.0495728
2.385 0.0495383
2.386 0.0495038
2.387 0.0494693
2.388 0.0494348
2.389 0.0494003
2.39 0.0493658
2.391 0.0493313
2.392 0.0492968
2.393 0.0492623
2.394 0.0492278
2.395 0.0491932
2.396 0.0491587
2.397 0.0491242
2.398 0.0490897
2.399 0.0490552
2.4 0.0490207
2.401 0.0489863
2.402 0.0489518
2.403 0.0489173
2.404 0.0488828
2.405 0.0488483
2.406 0.0488138
2.407 0.0487793
2.408 0.0487448
2.409 0.0487103
2.41 0.0486758
2.411 0.0486413
2.412 0.0486068
2.413 0.0485723
2.414 0.0485378
2.415 0.0485034
2.416 0.0484689
2.417 0.0484344
2.418 0.0483999
2.419 0.0483654
2.42 0.0483309
2.421 0.0482964
2.422 0.0482619
2.423 0.0482274
2.424 0.0481929
2.425 0.0481584
2.426 0.0481239
2.427 0.0480894
2.428 0.0480549
2.429 0.0480205
2.43 0.047986
2.431 0.0479515
2.432 0.047917
2.433 0.0478825
2.434 0.047848
2.435 0.0478135
2.436 0.047779
2.437 0.0477446
2.438 0.0477101
2.439 0.0476756
2.44 0.0476411
2.441 0.0476066
2.442 0.0475721
2.443 0.0475376
2.444 0.0475032
2.445 0.0474687
2.446 0.0474342
2.447 0.0473997
2.448 0.0473652
2.449 0.0473307
2.45 0.0472963
2.451 0.0472618
2.452 0.0472273
2.453 0.0471928
2.454 0.0471583
2.455 0.0471239
2.456 0.0470894
2.457 0.0470549
2.458 0.0470204
2.459 0.0469859
2.46 0.0469514
2.461 0.046917
2.462 0.0468825
2.463 0.046848
2.464 0.0468135
2.465 0.046779
2.466 0.0467446
2.467 0.0467101
2.468 0.0466756
2.469 0.0466411
2.47 0.0466067
2.471 0.0465722
2.472 0.0465377
2.473 0.0465033
2.474 0.0464688
2.475 0.0464343
2.476 0.0463998
2.477 0.0463653
2.478 0.0463309
2.479 0.0462964
2.48 0.0462619
2.481 0.0462275
2.482 0.046193
2.483 0.0461585
2.484 0.0461241
2.485 0.0460896
2.486 0.0460551
2.487 0.0460206
2.488 0.0459862
2.489 0.0459517
2.49 0.0459172
2.491 0.0458828
2.492 0.0458483
2.493 0.0458138
2.494 0.0457793
2.495 0.0457449
2.496 0.0457104
2.497 0.0456759
2.498 0.0456415
2.499 0.045607
2.5 0.0455726
2.501 0.0455381
2.502 0.0455036
2.503 0.0454692
2.504 0.0454347
2.505 0.0454003
2.506 0.0453658
2.507 0.0453314
2.508 0.0452969
2.509 0.0452624
2.51 0.045228
2.511 0.0451935
2.512 0.0451591
2.513 0.0451246
2.514 0.0450902
2.515 0.0450557
2.516 0.0450213
2.517 0.0449868
2.518 0.0449524
2.519 0.0449179
2.52 0.0448834
2.521 0.044849
2.522 0.0448145
2.523 0.0447801
2.524 0.0447456
2.525 0.0447112
2.526 0.0446767
2.527 0.0446423
2.528 0.0446078
2.529 0.0445733
2.53 0.0445389
2.531 0.0445045
2.532 0.04447
2.533 0.0444356
2.534 0.0444011
2.535 0.0443667
2.536 0.0443322
2.537 0.0442978
2.538 0.0442634
2.539 0.0442289
2.54 0.0441945
2.541 0.04416
2.542 0.0441256
2.543 0.0440911
2.544 0.0440567
2.545 0.0440223
2.546 0.0439878
2.547 0.0439534
2.548 0.043919
2.549 0.0438845
2.55 0.0438501
2.551 0.0438156
2.552 0.0437812
2.553 0.0437468
2.554 0.0437123
2.555 0.0436779
2.556 0.0436434
2.557 0.043609
2.558 0.0435746
2.559 0.0435401
2.56 0.0435057
2.561 0.0434713
2.562 0.0434368
2.563 0.0434024
2.564 0.043368
2.565 0.0433336
2.566 0.0432991
2.567 0.0432647
2.568 0.0432303
2.569 0.0431959
2.57 0.0431614
2.571 0.043127
2.572 0.0430926
2.573 0.0430582
2.574 0.0430238
2.575 0.0429893
2.576 0.0429549
2.577 0.0429205
2.578 0.0428861
2.579 0.0428517
2.58 0.0428173
2.581 0.0427828
2.582 0.0427484
2.583 0.042714
2.584 0.0426796
2.585 0.0426452
2.586 0.0426107
2.587 0.0425763
2.588 0.0425419
2.589 0.0425075
2.59 0.0424731
2.591 0.0424387
2.592 0.0424043
2.593 0.0423698
2.594 0.0423354
2.595 0.042301
2.596 0.0422666
2.597 0.0422322
2.598 0.0421978
2.599 0.0421634
2.6 0.042129
2.601 0.0420946
2.602 0.0420602
2.603 0.0420258
2.604 0.0419914
2.605 0.041957
2.606 0.0419226
2.607 0.0418882
2.608 0.0418538
2.609 0.0418194
2.61 0.041785
2.611 0.0417506
2.612 0.0417162
2.613 0.0416819
2.614 0.0416475
2.615 0.0416131
2.616 0.0415787
2.617 0.0415443
2.618 0.0415099
2.619 0.0414755
2.62 0.0414411
2.621 0.0414067
2.622 0.0413723
2.623 0.0413379
2.624 0.0413035
2.625 0.0412691
2.626 0.0412348
2.627 0.0412004
2.628 0.041166
2.629 0.0411316
2.63 0.0410973
2.631 0.0410629
2.632 0.0410285
2.633 0.0409941
2.634 0.0409598
2.635 0.0409254
2.636 0.040891
2.637 0.0408566
2.638 0.0408223
2.639 0.0407879
2.64 0.0407535
2.641 0.0407192
2.642 0.0406848
2.643 0.0406504
2.644 0.0406161
2.645 0.0405817
2.646 0.0405473
2.647 0.040513
2.648 0.0404786
2.649 0.0404442
2.65 0.0404099
2.651 0.0403755
2.652 0.0403412
2.653 0.0403068
2.654 0.0402724
2.655 0.0402381
2.656 0.0402037
2.657 0.0401694
2.658 0.040135
2.659 0.0401007
2.66 0.0400663
2.661 0.040032
2.662 0.0399976
2.663 0.0399633
2.664 0.0399289
2.665 0.0398946
2.666 0.0398602
2.667 0.0398259
2.668 0.0397916
2.669 0.0397572
2.67 0.0397229
2.671 0.0396885
2.672 0.0396542
2.673 0.0396199
2.674 0.0395855
2.675 0.0395512
2.676 0.0395169
2.677 0.0394825
2.678 0.0394482
2.679 0.0394139
2.68 0.0393795
2.681 0.0393452
2.682 0.0393109
2.683 0.0392766
2.684 0.0392422
2.685 0.0392079
2.686 0.0391736
2.687 0.0391392
2.688 0.0391049
2.689 0.0390706
2.69 0.0390363
2.691 0.039002
2.692 0.0389677
2.693 0.0389334
2.694 0.038899
2.695 0.0388647
2.696 0.0388304
2.697 0.0387961
2.698 0.0387618
2.699 0.0387275
2.7 0.0386932
2.701 0.0386589
2.702 0.0386246
2.703 0.0385903
2.704 0.038556
2.705 0.0385217
2.706 0.0384874
2.707 0.0384531
2.708 0.0384188
2.709 0.0383845
2.71 0.0383502
2.711 0.0383159
2.712 0.0382816
2.713 0.0382473
2.714 0.0382131
2.715 0.0381788
2.716 0.0381445
2.717 0.0381102
2.718 0.0380759
2.719 0.0380416
2.72 0.0380073
2.721 0.0379731
2.722 0.0379388
2.723 0.0379045
2.724 0.0378702
2.725 0.037836
2.726 0.0378017
2.727 0.0377674
2.728 0.0377332
2.729 0.0376989
2.73 0.0376646
2.731 0.0376304
2.732 0.0375961
2.733 0.0375619
2.734 0.0375276
2.735 0.0374933
2.736 0.0374591
2.737 0.0374248
2.738 0.0373906
2.739 0.0373563
2.74 0.0373221
2.741 0.0372879
2.742 0.0372536
2.743 0.0372194
2.744 0.0371851
2.745 0.0371509
2.746 0.0371166
2.747 0.0370824
2.748 0.0370482
2.749 0.0370139
2.75 0.0369797
2.751 0.0369454
2.752 0.0369112
2.753 0.036877
2.754 0.0368427
2.755 0.0368085
2.756 0.0367743
2.757 0.0367401
2.758 0.0367059
2.759 0.0366716
2.76 0.0366374
2.761 0.0366032
2.762 0.036569
2.763 0.0365348
2.764 0.0365006
2.765 0.0364664
2.766 0.0364322
2.767 0.036398
2.768 0.0363638
2.769 0.0363296
2.77 0.0362954
2.771 0.0362612
2.772 0.036227
2.773 0.0361928
2.774 0.0361586
2.775 0.0361244
2.776 0.0360902
2.777 0.036056
2.778 0.0360219
2.779 0.0359877
2.78 0.0359535
2.781 0.0359193
2.782 0.0358851
2.783 0.0358509
2.784 0.0358168
2.785 0.0357826
2.786 0.0357484
2.787 0.0357143
2.788 0.0356801
2.789 0.0356459
2.79 0.0356118
2.791 0.0355776
2.792 0.0355435
2.793 0.0355093
2.794 0.0354752
2.795 0.035441
2.796 0.0354069
2.797 0.0353727
2.798 0.0353386
2.799 0.0353044
2.8 0.0352703
2.801 0.0352362
2.802 0.035202
2.803 0.0351679
2.804 0.0351338
2.805 0.0350996
2.806 0.0350655
2.807 0.0350314
2.808 0.0349973
2.809 0.0349632
2.81 0.034929
2.811 0.0348949
2.812 0.0348608
2.813 0.0348267
2.814 0.0347926
2.815 0.0347585
2.816 0.0347243
2.817 0.0346902
2.818 0.0346561
2.819 0.034622
2.82 0.0345879
2.821 0.0345538
2.822 0.0345198
2.823 0.0344857
2.824 0.0344516
2.825 0.0344175
2.826 0.0343834
2.827 0.0343493
2.828 0.0343153
2.829 0.0342812
2.83 0.0342471
2.831 0.0342131
2.832 0.034179
2.833 0.0341449
2.834 0.0341109
2.835 0.0340768
2.836 0.0340428
2.837 0.0340087
2.838 0.0339747
2.839 0.0339406
2.84 0.0339066
2.841 0.0338725
2.842 0.0338385
2.843 0.0338044
2.844 0.0337704
2.845 0.0337364
2.846 0.0337023
2.847 0.0336683
2.848 0.0336343
2.849 0.0336002
2.85 0.0335662
2.851 0.0335322
2.852 0.0334982
2.853 0.0334642
2.854 0.0334302
2.855 0.0333962
2.856 0.0333622
2.857 0.0333282
2.858 0.0332942
2.859 0.0332602
2.86 0.0332262
2.861 0.0331922
2.862 0.0331582
2.863 0.0331242
2.864 0.0330902
2.865 0.0330563
2.866 0.0330223
2.867 0.0329883
2.868 0.0329544
2.869 0.0329204
2.87 0.0328864
2.871 0.0328525
2.872 0.0328185
2.873 0.0327846
2.874 0.0327506
2.875 0.0327167
2.876 0.0326827
2.877 0.0326488
2.878 0.0326148
2.879 0.0325809
2.88 0.032547
2.881 0.032513
2.882 0.0324791
2.883 0.0324452
2.884 0.0324112
2.885 0.0323773
2.886 0.0323434
2.887 0.0323095
2.888 0.0322756
2.889 0.0322417
2.89 0.0322078
2.891 0.0321739
2.892 0.03214
2.893 0.0321061
2.894 0.0320722
2.895 0.0320384
2.896 0.0320045
2.897 0.0319706
2.898 0.0319367
2.899 0.0319029
2.9 0.031869
2.901 0.0318351
2.902 0.0318013
2.903 0.0317674
2.904 0.0317336
2.905 0.0316997
2.906 0.0316659
2.907 0.031632
2.908 0.0315982
2.909 0.0315644
2.91 0.0315305
2.911 0.0314967
2.912 0.0314629
2.913 0.031429
2.914 0.0313952
2.915 0.0313614
2.916 0.0313276
2.917 0.0312938
2.918 0.03126
2.919 0.0312262
2.92 0.0311924
2.921 0.0311586
2.922 0.0311248
2.923 0.031091
2.924 0.0310573
2.925 0.0310235
2.926 0.0309897
2.927 0.030956
2.928 0.0309222
2.929 0.0308884
2.93 0.0308547
2.931 0.0308209
2.932 0.0307872
2.933 0.0307535
2.934 0.0307197
2.935 0.030686
2.936 0.0306523
2.937 0.0306185
2.938 0.0305848
2.939 0.0305511
2.94 0.0305174
2.941 0.0304837
2.942 0.0304499
2.943 0.0304162
2.944 0.0303826
2.945 0.0303488
2.946 0.0303151
2.947 0.0302815
2.948 0.0302478
2.949 0.0302141
2.95 0.0301804
2.951 0.0301468
2.952 0.0301131
2.953 0.0300794
2.954 0.0300458
2.955 0.0300121
2.956 0.0299785
2.957 0.0299449
2.958 0.0299112
2.959 0.0298776
2.96 0.029844
2.961 0.0298104
2.962 0.0297767
2.963 0.0297431
2.964 0.0297095
2.965 0.0296759
2.966 0.0296423
2.967 0.0296087
2.968 0.0295751
2.969 0.0295416
2.97 0.029508
2.971 0.0294744
2.972 0.0294408
2.973 0.0294073
2.974 0.0293737
2.975 0.0293402
2.976 0.0293066
2.977 0.0292731
2.978 0.0292395
2.979 0.029206
2.98 0.0291724
2.981 0.0291389
2.982 0.0291054
2.983 0.0290719
2.984 0.0290384
2.985 0.0290049
2.986 0.0289714
2.987 0.0289379
2.988 0.0289044
2.989 0.0288709
2.99 0.0288374
2.991 0.028804
2.992 0.0287705
2.993 0.0287371
2.994 0.0287036
2.995 0.0286701
2.996 0.0286367
2.997 0.0286033
2.998 0.0285698
2.999 0.0285364
3 0.028503
3.001 0.0284696
3.002 0.0284362
3.003 0.0284028
3.004 0.0283694
3.005 0.028336
3.006 0.0283026
3.007 0.0282692
3.008 0.0282358
3.009 0.0282025
3.01 0.0281691
3.011 0.0281357
3.012 0.0281024
3.013 0.028069
3.014 0.0280357
3.015 0.0280023
3.016 0.027969
3.017 0.0279357
3.018 0.0279024
3.019 0.027869
3.02 0.0278357
3.021 0.0278025
3.022 0.0277692
3.023 0.0277359
3.024 0.0277026
3.025 0.0276693
3.026 0.0276361
3.027 0.0276028
3.028 0.0275696
3.029 0.0275363
3.03 0.0275031
3.031 0.0274698
3.032 0.0274366
3.033 0.0274034
3.034 0.0273702
3.035 0.027337
3.036 0.0273038
3.037 0.0272706
3.038 0.0272374
3.039 0.0272042
3.04 0.0271711
3.041 0.0271379
3.042 0.0271047
3.043 0.0270716
3.044 0.0270384
3.045 0.0270053
3.046 0.0269721
3.047 0.026939
3.048 0.0269059
3.049 0.0268728
3.05 0.0268397
3.051 0.0268066
3.052 0.0267735
3.053 0.0267404
3.054 0.0267073
3.055 0.0266743
3.056 0.0266412
3.057 0.0266082
3.058 0.0265751
3.059 0.0265421
3.06 0.0265091
3.061 0.026476
3.062 0.026443
3.063 0.02641
3.064 0.026377
3.065 0.026344
3.066 0.026311
3.067 0.0262781
3.068 0.0262451
3.069 0.0262121
3.07 0.0261792
3.071 0.0261462
3.072 0.0261133
3.073 0.0260804
3.074 0.0260474
3.075 0.0260145
3.076 0.0259816
3.077 0.0259487
3.078 0.0259158
3.079 0.0258829
3.08 0.0258501
3.081 0.0258172
3.082 0.0257843
3.083 0.0257515
3.084 0.0257186
3.085 0.0256858
3.086 0.025653
3.087 0.0256202
3.088 0.0255874
3.089 0.0255546
3.09 0.0255218
3.091 0.025489
3.092 0.0254562
3.093 0.0254235
3.094 0.0253907
3.095 0.025358
3.096 0.0253253
3.097 0.0252925
3.098 0.0252598
3.099 0.0252271
3.1 0.0251944
3.101 0.0251617
3.102 0.025129
3.103 0.0250964
3.104 0.0250637
3.105 0.0250311
3.106 0.0249984
3.107 0.0249658
3.108 0.0249331
3.109 0.0249005
3.11 0.0248679
3.111 0.0248353
3.112 0.0248027
3.113 0.0247701
3.114 0.0247376
3.115 0.024705
3.116 0.0246724
3.117 0.0246399
3.118 0.0246073
3.119 0.0245748
3.12 0.0245423
3.121 0.0245098
3.122 0.0244773
3.123 0.0244448
3.124 0.0244124
3.125 0.0243799
3.126 0.0243475
3.127 0.024315
3.128 0.0242826
3.129 0.0242502
3.13 0.0242178
3.131 0.0241854
3.132 0.024153
3.133 0.0241206
3.134 0.0240882
3.135 0.0240559
3.136 0.0240235
3.137 0.0239912
3.138 0.0239589
3.139 0.0239266
3.14 0.0238943
3.141 0.023862
3.142 0.0238297
3.143 0.0237974
3.144 0.0237651
3.145 0.0237329
3.146 0.0237006
3.147 0.0236684
3.148 0.0236362
3.149 0.023604
3.15 0.0235718
3.151 0.0235396
3.152 0.0235074
3.153 0.0234752
3.154 0.0234431
3.155 0.023411
3.156 0.0233788
3.157 0.0233467
3.158 0.0233146
3.159 0.0232825
3.16 0.0232505
3.161 0.0232184
3.162 0.0231864
3.163 0.0231543
3.164 0.0231223
3.165 0.0230903
3.166 0.0230583
3.167 0.0230263
3.168 0.0229943
3.169 0.0229623
3.17 0.0229304
3.171 0.0228984
3.172 0.0228665
3.173 0.0228346
3.174 0.0228027
3.175 0.0227708
3.176 0.0227389
3.177 0.022707
3.178 0.0226752
3.179 0.0226433
3.18 0.0226115
3.181 0.0225797
3.182 0.0225479
3.183 0.0225161
3.184 0.0224843
3.185 0.0224525
3.186 0.0224208
3.187 0.022389
3.188 0.0223573
3.189 0.0223256
3.19 0.0222939
3.191 0.0222622
3.192 0.0222305
3.193 0.0221989
3.194 0.0221672
3.195 0.0221356
3.196 0.022104
3.197 0.0220724
3.198 0.0220408
3.199 0.0220092
3.2 0.0219777
3.201 0.0219461
3.202 0.0219146
3.203 0.0218831
3.204 0.0218516
3.205 0.0218201
3.206 0.0217886
3.207 0.0217572
3.208 0.0217258
3.209 0.0216943
3.21 0.0216629
3.211 0.0216315
3.212 0.0216001
3.213 0.0215687
3.214 0.0215374
3.215 0.0215061
3.216 0.0214747
3.217 0.0214434
3.218 0.0214121
3.219 0.0213808
3.22 0.0213496
3.221 0.0213183
3.222 0.0212871
3.223 0.0212559
3.224 0.0212247
3.225 0.0211935
3.226 0.0211623
3.227 0.0211312
3.228 0.0211
3.229 0.0210689
3.23 0.0210378
3.231 0.0210067
3.232 0.0209756
3.233 0.0209446
3.234 0.0209136
3.235 0.0208825
3.236 0.0208515
3.237 0.0208205
3.238 0.0207896
3.239 0.0207586
3.24 0.0207277
3.241 0.0206967
3.242 0.0206658
3.243 0.020635
3.244 0.0206041
3.245 0.0205732
3.246 0.0205424
3.247 0.0205116
3.248 0.0204808
3.249 0.02045
3.25 0.0204192
3.251 0.0203885
3.252 0.0203577
3.253 0.020327
3.254 0.0202963
3.255 0.0202656
3.256 0.020235
3.257 0.0202043
3.258 0.0201737
3.259 0.0201431
3.26 0.0201125
3.261 0.0200819
3.262 0.0200514
3.263 0.0200208
3.264 0.0199903
3.265 0.0199598
3.266 0.0199294
3.267 0.0198989
3.268 0.0198685
3.269 0.0198381
3.27 0.0198077
3.271 0.0197773
3.272 0.0197469
3.273 0.0197166
3.274 0.0196862
3.275 0.0196559
3.276 0.0196257
3.277 0.0195954
3.278 0.0195652
3.279 0.019535
3.28 0.0195048
3.281 0.0194746
3.282 0.0194444
3.283 0.0194143
3.284 0.0193841
3.285 0.019354
3.286 0.0193239
3.287 0.0192939
3.288 0.0192638
3.289 0.0192338
3.29 0.0192038
3.291 0.0191738
3.292 0.0191439
3.293 0.0191139
3.294 0.019084
3.295 0.0190541
3.296 0.0190242
3.297 0.0189944
3.298 0.0189646
3.299 0.0189348
3.3 0.018905
3.301 0.0188752
3.302 0.0188455
3.303 0.0188157
3.304 0.018786
3.305 0.0187564
3.306 0.0187267
3.307 0.0186971
3.308 0.0186675
3.309 0.0186379
3.31 0.0186083
3.311 0.0185788
3.312 0.0185493
3.313 0.0185198
3.314 0.0184903
3.315 0.0184608
3.316 0.0184314
3.317 0.018402
3.318 0.0183726
3.319 0.0183433
3.32 0.0183139
3.321 0.0182846
3.322 0.0182553
3.323 0.0182261
3.324 0.0181968
3.325 0.0181676
3.326 0.0181384
3.327 0.0181092
3.328 0.0180801
3.329 0.0180509
3.33 0.0180218
3.331 0.0179928
3.332 0.0179637
3.333 0.0179347
3.334 0.0179057
3.335 0.0178767
3.336 0.0178478
3.337 0.0178189
3.338 0.01779
3.339 0.0177611
3.34 0.0177323
3.341 0.0177034
3.342 0.0176746
3.343 0.0176459
3.344 0.0176171
3.345 0.0175884
3.346 0.0175597
3.347 0.0175311
3.348 0.0175024
3.349 0.0174738
3.35 0.0174452
3.351 0.0174167
3.352 0.0173881
3.353 0.0173596
3.354 0.0173311
3.355 0.0173027
3.356 0.0172743
3.357 0.0172459
3.358 0.0172175
3.359 0.0171892
3.36 0.0171608
3.361 0.0171325
3.362 0.0171043
3.363 0.017076
3.364 0.0170478
3.365 0.0170196
3.366 0.0169915
3.367 0.0169634
3.368 0.0169353
3.369 0.0169072
3.37 0.0168791
3.371 0.0168511
3.372 0.0168231
3.373 0.0167952
3.374 0.0167673
3.375 0.0167394
3.376 0.0167115
3.377 0.0166837
3.378 0.0166559
3.379 0.0166281
3.38 0.0166003
3.381 0.0165726
3.382 0.0165449
3.383 0.0165173
3.384 0.0164897
3.385 0.0164621
3.386 0.0164345
3.387 0.0164069
3.388 0.0163794
3.389 0.0163519
3.39 0.0163245
3.391 0.0162971
3.392 0.0162697
3.393 0.0162423
3.394 0.016215
3.395 0.0161878
3.396 0.0161605
3.397 0.0161333
3.398 0.0161061
3.399 0.0160789
3.4 0.0160518
3.401 0.0160247
3.402 0.0159976
3.403 0.0159705
3.404 0.0159435
3.405 0.0159166
3.406 0.0158896
3.407 0.0158627
3.408 0.0158358
3.409 0.0158089
3.41 0.0157821
3.411 0.0157553
3.412 0.0157286
3.413 0.0157019
3.414 0.0156752
3.415 0.0156486
3.416 0.015622
3.417 0.0155954
3.418 0.0155688
3.419 0.0155423
3.42 0.0155158
3.421 0.0154894
3.422 0.015463
3.423 0.0154366
3.424 0.0154103
3.425 0.015384
3.426 0.0153577
3.427 0.0153315
3.428 0.0153052
3.429 0.0152791
3.43 0.0152529
3.431 0.0152268
3.432 0.0152008
3.433 0.0151748
3.434 0.0151488
3.435 0.0151228
3.436 0.0150969
3.437 0.0150711
3.438 0.0150452
3.439 0.0150194
3.44 0.0149936
3.441 0.0149679
3.442 0.0149422
3.443 0.0149165
3.444 0.0148909
3.445 0.0148653
3.446 0.0148397
3.447 0.0148142
3.448 0.0147887
3.449 0.0147633
3.45 0.0147379
3.451 0.0147125
3.452 0.0146872
3.453 0.0146619
3.454 0.0146366
3.455 0.0146114
3.456 0.0145862
3.457 0.0145611
3.458 0.014536
3.459 0.0145109
3.46 0.0144859
3.461 0.0144609
3.462 0.014436
3.463 0.0144111
3.464 0.0143862
3.465 0.0143614
3.466 0.0143366
3.467 0.0143119
3.468 0.0142872
3.469 0.0142625
3.47 0.0142379
3.471 0.0142133
3.472 0.0141887
3.473 0.0141642
3.474 0.0141397
3.475 0.0141153
3.476 0.0140909
3.477 0.0140666
3.478 0.0140423
3.479 0.014018
3.48 0.0139938
3.481 0.0139697
3.482 0.0139455
3.483 0.0139214
3.484 0.0138974
3.485 0.0138734
3.486 0.0138494
3.487 0.0138255
3.488 0.0138016
3.489 0.0137777
3.49 0.0137539
3.491 0.0137302
3.492 0.0137064
3.493 0.0136827
3.494 0.0136591
3.495 0.0136355
3.496 0.013612
3.497 0.0135884
3.498 0.013565
3.499 0.0135415
3.5 0.0135182
3.501 0.0134948
3.502 0.0134715
3.503 0.0134483
3.504 0.0134251
3.505 0.013402
3.506 0.0133789
3.507 0.0133558
3.508 0.0133328
3.509 0.0133098
3.51 0.0132869
3.511 0.013264
3.512 0.0132411
3.513 0.0132183
3.514 0.0131956
3.515 0.0131729
3.516 0.0131502
3.517 0.0131276
3.518 0.013105
3.519 0.0130824
3.52 0.0130599
3.521 0.0130375
3.522 0.0130151
3.523 0.0129928
3.524 0.0129705
3.525 0.0129482
3.526 0.012926
3.527 0.0129039
3.528 0.0128818
3.529 0.0128597
3.53 0.0128377
3.531 0.0128157
3.532 0.0127938
3.533 0.0127719
3.534 0.0127501
3.535 0.0127283
3.536 0.0127065
3.537 0.0126848
3.538 0.0126632
3.539 0.0126416
3.54 0.01262
3.541 0.0125985
3.542 0.0125771
3.543 0.0125557
3.544 0.0125343
3.545 0.012513
3.546 0.0124917
3.547 0.0124705
3.548 0.0124493
3.549 0.0124282
3.55 0.0124071
3.551 0.0123861
3.552 0.0123651
3.553 0.0123442
3.554 0.0123233
3.555 0.0123025
3.556 0.0122818
3.557 0.012261
3.558 0.0122404
3.559 0.0122197
3.56 0.0121992
3.561 0.0121786
3.562 0.0121582
3.563 0.0121377
3.564 0.0121174
3.565 0.012097
3.566 0.0120768
3.567 0.0120566
3.568 0.0120364
3.569 0.0120163
3.57 0.0119962
3.571 0.0119761
3.572 0.0119562
3.573 0.0119362
3.574 0.0119164
3.575 0.0118965
3.576 0.0118768
3.577 0.0118571
3.578 0.0118374
3.579 0.0118178
3.58 0.0117983
3.581 0.0117788
3.582 0.0117593
3.583 0.0117399
3.584 0.0117206
3.585 0.0117013
3.586 0.011682
3.587 0.0116628
3.588 0.0116437
3.589 0.0116246
3.59 0.0116055
3.591 0.0115865
3.592 0.0115676
3.593 0.0115487
3.594 0.0115299
3.595 0.0115111
3.596 0.0114924
3.597 0.0114737
3.598 0.011455
3.599 0.0114365
3.6 0.0114179
3.601 0.0113995
3.602 0.011381
3.603 0.0113627
3.604 0.0113443
3.605 0.0113261
3.606 0.0113079
3.607 0.0112897
3.608 0.0112716
3.609 0.0112536
3.61 0.0112356
3.611 0.0112177
3.612 0.0111998
3.613 0.011182
3.614 0.0111642
3.615 0.0111465
3.616 0.0111288
3.617 0.0111112
3.618 0.0110936
3.619 0.0110761
3.62 0.0110587
3.621 0.0110413
3.622 0.0110239
3.623 0.0110066
3.624 0.0109894
3.625 0.0109722
3.626 0.0109551
3.627 0.010938
3.628 0.010921
3.629 0.010904
3.63 0.0108871
3.631 0.0108702
3.632 0.0108534
3.633 0.0108367
3.634 0.0108199
3.635 0.0108033
3.636 0.0107867
3.637 0.0107702
3.638 0.0107537
3.639 0.0107373
3.64 0.0107209
3.641 0.0107046
3.642 0.0106884
3.643 0.0106722
3.644 0.010656
3.645 0.01064
3.646 0.0106239
3.647 0.0106079
3.648 0.010592
3.649 0.0105761
3.65 0.0105603
3.651 0.0105445
3.652 0.0105288
3.653 0.0105131
3.654 0.0104975
3.655 0.010482
3.656 0.0104664
3.657 0.010451
3.658 0.0104356
3.659 0.0104202
3.66 0.010405
3.661 0.0103897
3.662 0.0103745
3.663 0.0103594
3.664 0.0103443
3.665 0.0103293
3.666 0.0103144
3.667 0.0102994
3.668 0.0102846
3.669 0.0102698
3.67 0.010255
3.671 0.0102403
3.672 0.0102257
3.673 0.0102111
3.674 0.0101966
3.675 0.0101821
3.676 0.0101677
3.677 0.0101533
3.678 0.010139
3.679 0.0101247
3.68 0.0101106
3.681 0.0100964
3.682 0.0100823
3.683 0.0100683
3.684 0.0100543
3.685 0.0100404
3.686 0.0100265
3.687 0.0100127
3.688 0.00999888
3.689 0.00998515
3.69 0.00997147
3.691 0.00995785
3.692 0.00994428
3.693 0.00993076
3.694 0.00991729
3.695 0.00990389
3.696 0.00989054
3.697 0.00987724
3.698 0.00986401
3.699 0.00985083
3.7 0.0098377
3.701 0.00982463
3.702 0.00981161
3.703 0.00979863
3.704 0.00978571
3.705 0.00977285
3.706 0.00976004
3.707 0.00974729
3.708 0.00973459
3.709 0.00972193
3.71 0.00970932
3.711 0.00969675
3.712 0.00968426
3.713 0.00967182
3.714 0.00965943
3.715 0.0096471
3.716 0.00963483
3.717 0.00962262
3.718 0.00961046
3.719 0.00959836
3.72 0.00958632
3.721 0.00957431
3.722 0.00956238
3.723 0.00955048
3.724 0.00953864
3.725 0.00952684
3.726 0.0095151
3.727 0.0095034
3.728 0.00949175
3.729 0.00948014
3.73 0.00946859
3.731 0.00945709
3.732 0.00944563
3.733 0.00943421
3.734 0.00942284
3.735 0.00941152
3.736 0.00940025
3.737 0.00938903
3.738 0.00937784
3.739 0.0093667
3.74 0.00935561
3.741 0.00934457
3.742 0.00933359
3.743 0.00932267
3.744 0.0093118
3.745 0.00930098
3.746 0.00929021
3.747 0.0092795
3.748 0.00926883
3.749 0.00925821
3.75 0.00924764
3.751 0.00923712
3.752 0.00922665
3.753 0.00921622
3.754 0.00920585
3.755 0.00919552
3.756 0.00918525
3.757 0.00917501
3.758 0.00916481
3.759 0.00915465
3.76 0.00914453
3.761 0.00913446
3.762 0.00912443
3.763 0.00911445
3.764 0.00910452
3.765 0.00909464
3.766 0.00908481
3.767 0.00907503
3.768 0.0090653
3.769 0.00905562
3.77 0.009046
3.771 0.00903642
3.772 0.0090269
3.773 0.00901741
3.774 0.00900798
3.775 0.00899859
3.776 0.00898924
3.777 0.00897993
3.778 0.00897067
3.779 0.00896146
3.78 0.00895229
3.781 0.00894316
3.782 0.00893408
3.783 0.00892504
3.784 0.00891604
3.785 0.00890708
3.786 0.00889815
3.787 0.00888928
3.788 0.00888044
3.789 0.00887164
3.79 0.00886289
3.791 0.00885418
3.792 0.00884552
3.793 0.0088369
3.794 0.00882832
3.795 0.00881979
3.796 0.0088113
3.797 0.00880286
3.798 0.00879447
3.799 0.00878613
3.8 0.00877784
3.801 0.00876961
3.802 0.00876143
3.803 0.00875329
3.804 0.00874521
3.805 0.00873717
3.806 0.00872917
3.807 0.00872122
3.808 0.00871332
3.809 0.00870546
3.81 0.00869764
3.811 0.00868987
3.812 0.00868214
3.813 0.00867445
3.814 0.00866681
3.815 0.0086592
3.816 0.00865164
3.817 0.00864412
3.818 0.00863663
3.819 0.00862917
3.82 0.00862175
3.821 0.00861435
3.822 0.00860699
3.823 0.00859964
3.824 0.00859233
3.825 0.00858506
3.826 0.00857783
3.827 0.00857064
3.828 0.00856349
3.829 0.00855638
3.83 0.00854932
3.831 0.0085423
3.832 0.00853533
3.833 0.00852841
3.834 0.00852152
3.835 0.00851469
3.836 0.0085079
3.837 0.00850115
3.838 0.00849445
3.839 0.00848778
3.84 0.00848115
3.841 0.00847456
3.842 0.008468
3.843 0.00846148
3.844 0.008455
3.845 0.00844854
3.846 0.00844212
3.847 0.00843572
3.848 0.00842935
3.849 0.00842301
3.85 0.0084167
3.851 0.00841043
3.852 0.00840419
3.853 0.00839798
3.854 0.0083918
3.855 0.00838566
3.856 0.00837954
3.857 0.00837345
3.858 0.0083674
3.859 0.00836138
3.86 0.00835538
3.861 0.00834942
3.862 0.00834348
3.863 0.00833757
3.864 0.00833169
3.865 0.00832584
3.866 0.00832001
3.867 0.00831422
3.868 0.00830845
3.869 0.00830271
3.87 0.008297
3.871 0.00829132
3.872 0.00828567
3.873 0.00828004
3.874 0.00827443
3.875 0.00826884
3.876 0.00826328
3.877 0.00825773
3.878 0.00825222
3.879 0.00824675
3.88 0.0082413
3.881 0.00823588
3.882 0.0082305
3.883 0.00822516
3.884 0.00821985
3.885 0.00821458
3.886 0.00820935
3.887 0.00820416
3.888 0.008199
3.889 0.00819388
3.89 0.00818879
3.891 0.00818372
3.892 0.00817868
3.893 0.00817368
3.894 0.00816871
3.895 0.00816377
3.896 0.00815887
3.897 0.00815399
3.898 0.00814914
3.899 0.00814433
3.9 0.00813953
3.901 0.00813477
3.902 0.00813003
3.903 0.00812531
3.904 0.00812062
3.905 0.00811595
3.906 0.0081113
3.907 0.00810668
3.908 0.00810207
3.909 0.00809749
3.91 0.00809293
3.911 0.00808839
3.912 0.00808387
3.913 0.00807936
3.914 0.00807486
3.915 0.00807038
3.916 0.0080659
3.917 0.00806144
3.918 0.00805699
3.919 0.00805255
3.92 0.00804812
3.921 0.0080437
3.922 0.00803929
3.923 0.0080349
3.924 0.00803053
3.925 0.00802618
3.926 0.00802184
3.927 0.00801753
3.928 0.00801324
3.929 0.00800898
3.93 0.00800475
3.931 0.00800055
3.932 0.00799637
3.933 0.00799222
3.934 0.00798811
3.935 0.00798402
3.936 0.00797997
3.937 0.00797596
3.938 0.00797197
3.939 0.00796802
3.94 0.0079641
3.941 0.00796022
3.942 0.00795637
3.943 0.00795255
3.944 0.00794876
3.945 0.007945
3.946 0.00794126
3.947 0.00793756
3.948 0.00793389
3.949 0.00793024
3.95 0.00792662
3.951 0.00792303
3.952 0.00791946
3.953 0.00791592
3.954 0.0079124
3.955 0.00790891
3.956 0.00790545
3.957 0.00790201
3.958 0.0078986
3.959 0.00789521
3.96 0.00789184
3.961 0.00788849
3.962 0.00788517
3.963 0.00788187
3.964 0.0078786
3.965 0.00787534
3.966 0.00787211
3.967 0.00786891
3.968 0.00786573
3.969 0.00786259
3.97 0.00785948
3.971 0.0078564
3.972 0.00785335
3.973 0.00785034
3.974 0.00784736
3.975 0.00784441
3.976 0.0078415
3.977 0.00783862
3.978 0.00783577
3.979 0.00783296
3.98 0.00783017
3.981 0.00782742
3.982 0.0078247
3.983 0.00782201
3.984 0.00781935
3.985 0.00781672
3.986 0.00781413
3.987 0.00781156
3.988 0.00780903
3.989 0.00780652
3.99 0.00780404
3.991 0.00780159
3.992 0.00779916
3.993 0.00779677
3.994 0.0077944
3.995 0.00779206
3.996 0.00778975
3.997 0.00778748
3.998 0.00778524
3.999 0.00778303
4 0.00778085
4.001 0.00777871
4.002 0.0077766
4.003 0.00777452
4.004 0.00777247
4.005 0.00777045
4.006 0.00776846
4.007 0.0077665
4.008 0.00776457
4.009 0.00776267
4.01 0.0077608
4.011 0.00775896
4.012 0.00775715
4.013 0.00775537
4.014 0.00775361
4.015 0.00775188
4.016 0.00775018
4.017 0.0077485
4.018 0.00774685
4.019 0.00774522
4.02 0.00774362
4.021 0.00774205
4.022 0.0077405
4.023 0.00773898
4.024 0.00773748
4.025 0.007736
4.026 0.00773455
4.027 0.00773311
4.028 0.0077317
4.029 0.00773031
4.03 0.00772894
4.031 0.00772759
4.032 0.00772625
4.033 0.00772494
4.034 0.00772364
4.035 0.00772237
4.036 0.00772111
4.037 0.00771986
4.038 0.00771864
4.039 0.00771743
4.04 0.00771624
4.041 0.00771506
4.042 0.00771391
4.043 0.00771277
4.044 0.00771164
4.045 0.00771054
4.046 0.00770946
4.047 0.00770839
4.048 0.00770734
4.049 0.00770631
4.05 0.0077053
4.051 0.0077043
4.052 0.00770333
4.053 0.00770237
4.054 0.00770143
4.055 0.00770051
4.056 0.00769961
4.057 0.00769872
4.058 0.00769785
4.059 0.00769699
4.06 0.00769615
4.061 0.00769532
4.062 0.00769451
4.063 0.00769372
4.064 0.00769294
4.065 0.00769217
4.066 0.00769142
4.067 0.00769069
4.068 0.00768997
4.069 0.00768927
4.07 0.00768858
4.071 0.00768791
4.072 0.00768724
4.073 0.0076866
4.074 0.00768596
4.075 0.00768534
4.076 0.00768473
4.077 0.00768413
4.078 0.00768355
4.079 0.00768298
4.08 0.00768241
4.081 0.00768186
4.082 0.00768132
4.083 0.00768079
4.084 0.00768027
4.085 0.00767976
4.086 0.00767926
4.087 0.00767877
4.088 0.00767829
4.089 0.00767782
4.09 0.00767735
4.091 0.0076769
4.092 0.00767645
4.093 0.00767601
4.094 0.00767558
4.095 0.00767516
4.096 0.00767474
4.097 0.00767434
4.098 0.00767394
4.099 0.00767354
4.1 0.00767316
4.101 0.00767278
4.102 0.00767241
4.103 0.00767205
4.104 0.00767169
4.105 0.00767134
4.106 0.00767099
4.107 0.00767066
4.108 0.00767032
4.109 0.00767
4.11 0.00766968
4.111 0.00766936
4.112 0.00766906
4.113 0.00766875
4.114 0.00766846
4.115 0.00766816
4.116 0.00766788
4.117 0.0076676
4.118 0.00766732
4.119 0.00766705
4.12 0.00766678
4.121 0.00766652
4.122 0.00766627
4.123 0.00766602
4.124 0.00766578
4.125 0.00766554
4.126 0.0076653
4.127 0.00766508
4.128 0.00766485
4.129 0.00766463
4.13 0.00766442
4.131 0.0076642
4.132 0.007664
4.133 0.00766379
4.134 0.00766359
4.135 0.0076634
4.136 0.00766321
4.137 0.00766302
4.138 0.00766283
4.139 0.00766265
4.14 0.00766247
4.141 0.0076623
4.142 0.00766213
4.143 0.00766196
4.144 0.0076618
4.145 0.00766163
4.146 0.00766147
4.147 0.00766132
4.148 0.00766117
4.149 0.00766101
4.15 0.00766087
4.151 0.00766072
4.152 0.00766058
4.153 0.00766044
4.154 0.0076603
4.155 0.00766017
4.156 0.00766004
4.157 0.00765991
4.158 0.00765978
4.159 0.00765965
4.16 0.00765953
4.161 0.00765941
4.162 0.00765929
4.163 0.00765917
4.164 0.00765906
4.165 0.00765895
4.166 0.00765883
4.167 0.00765873
4.168 0.00765862
4.169 0.00765852
4.17 0.00765841
4.171 0.00765831
4.172 0.00765821
4.173 0.00765811
4.174 0.00765802
4.175 0.00765792
4.176 0.00765783
4.177 0.00765774
4.178 0.00765765
4.179 0.00765756
4.18 0.00765748
4.181 0.00765739
4.182 0.00765731
4.183 0.00765723
4.184 0.00765714
4.185 0.00765707
4.186 0.00765699
4.187 0.00765691
4.188 0.00765684
4.189 0.00765676
4.19 0.00765669
4.191 0.00765662
4.192 0.00765655
4.193 0.00765648
4.194 0.00765641
4.195 0.00765634
4.196 0.00765628
4.197 0.00765621
4.198 0.00765615
4.199 0.00765609
4.2 0.00765603
4.201 0.00765597
4.202 0.00765591
4.203 0.00765585
4.204 0.00765579
4.205 0.00765574
4.206 0.00765568
4.207 0.00765563
4.208 0.00765557
4.209 0.00765552
4.21 0.00765547
4.211 0.00765542
4.212 0.00765537
4.213 0.00765532
4.214 0.00765527
4.215 0.00765522
4.216 0.00765518
4.217 0.00765513
4.218 0.00765508
4.219 0.00765504
4.22 0.007655
4.221 0.00765495
4.222 0.00765491
4.223 0.00765487
4.224 0.00765483
4.225 0.00765479
4.226 0.00765475
4.227 0.00765471
4.228 0.00765467
4.229 0.00765463
4.23 0.0076546
4.231 0.00765456
4.232 0.00765452
4.233 0.00765449
4.234 0.00765445
4.235 0.00765442
4.236 0.00765438
4.237 0.00765435
4.238 0.00765432
4.239 0.00765429
4.24 0.00765426
4.241 0.00765422
4.242 0.00765419
4.243 0.00765416
4.244 0.00765413
4.245 0.0076541
4.246 0.00765408
4.247 0.00765405
4.248 0.00765402
4.249 0.00765399
4.25 0.00765396
4.251 0.00765394
4.252 0.00765391
4.253 0.00765389
4.254 0.00765386
4.255 0.00765384
4.256 0.00765381
4.257 0.00765379
4.258 0.00765376
4.259 0.00765374
4.26 0.00765372
4.261 0.00765369
4.262 0.00765367
4.263 0.00765365
4.264 0.00765363
4.265 0.0076536
4.266 0.00765358
4.267 0.00765356
4.268 0.00765354
4.269 0.00765352
4.27 0.0076535
4.271 0.00765348
4.272 0.00765346
4.273 0.00765344
4.274 0.00765342
4.275 0.00765341
4.276 0.00765339
4.277 0.00765337
4.278 0.00765335
4.279 0.00765333
4.28 0.00765332
4.281 0.0076533
4.282 0.00765328
4.283 0.00765327
4.284 0.00765325
4.285 0.00765323
4.286 0.00765322
4.287 0.0076532
4.288 0.00765319
4.289 0.00765317
4.29 0.00765316
4.291 0.00765314
4.292 0.00765313
4.293 0.00765311
4.294 0.0076531
4.295 0.00765308
4.296 0.00765307
4.297 0.00765306
4.298 0.00765304
4.299 0.00765303
4.3 0.00765302
4.301 0.007653
4.302 0.00765299
4.303 0.00765298
4.304 0.00765297
4.305 0.00765295
4.306 0.00765294
4.307 0.00765293
4.308 0.00765292
4.309 0.00765291
4.31 0.00765289
4.311 0.00765288
4.312 0.00765287
4.313 0.00765286
4.314 0.00765285
4.315 0.00765284
4.316 0.00765283
4.317 0.00765282
4.318 0.00765281
4.319 0.0076528
4.32 0.00765278
4.321 0.00765277
4.322 0.00765276
4.323 0.00765275
4.324 0.00765274
4.325 0.00765273
4.326 0.00765272
4.327 0.00765271
4.328 0.0076527
4.329 0.0076527
4.33 0.00765269
4.331 0.00765268
4.332 0.00765267
4.333 0.00765266
4.334 0.00765265
4.335 0.00765264
4.336 0.00765263
4.337 0.00765262
4.338 0.00765261
4.339 0.0076526
4.34 0.0076526
4.341 0.00765259
4.342 0.00765258
4.343 0.00765257
4.344 0.00765256
4.345 0.00765255
4.346 0.00765255
4.347 0.00765254
4.348 0.00765253
4.349 0.00765252
4.35 0.00765251
4.351 0.00765251
4.352 0.0076525
4.353 0.00765249
4.354 0.00765248
4.355 0.00765248
4.356 0.00765247
4.357 0.00765246
4.358 0.00765245
4.359 0.00765245
4.36 0.00765244
4.361 0.00765243
4.362 0.00765243
4.363 0.00765242
4.364 0.00765241
4.365 0.00765241
4.366 0.0076524
4.367 0.00765239
4.368 0.00765239
4.369 0.00765238
4.37 0.00765237
4.371 0.00765237
4.372 0.00765236
4.373 0.00765236
4.374 0.00765235
4.375 0.00765234
4.376 0.00765234
4.377 0.00765233
4.378 0.00765233
4.379 0.00765232
4.38 0.00765231
4.381 0.00765231
4.382 0.0076523
4.383 0.0076523
4.384 0.00765229
4.385 0.00765229
4.386 0.00765228
4.387 0.00765227
4.388 0.00765227
4.389 0.00765226
4.39 0.00765226
4.391 0.00765225
4.392 0.00765225
4.393 0.00765224
4.394 0.00765224
4.395 0.00765223
4.396 0.00765223
4.397 0.00765222
4.398 0.00765222
4.399 0.00765221
4.4 0.00765221
4.401 0.0076522
4.402 0.0076522
4.403 0.00765219
4.404 0.00765219
4.405 0.00765218
4.406 0.00765218
4.407 0.00765217
4.408 0.00765217
4.409 0.00765216
4.41 0.00765216
4.411 0.00765215
4.412 0.00765215
4.413 0.00765215
4.414 0.00765214
4.415 0.00765214
4.416 0.00765213
4.417 0.00765213
4.418 0.00765212
4.419 0.00765212
4.42 0.00765211
4.421 0.00765211
4.422 0.00765211
4.423 0.0076521
4.424 0.0076521
4.425 0.00765209
4.426 0.00765209
4.427 0.00765208
4.428 0.00765208
4.429 0.00765208
4.43 0.00765207
4.431 0.00765207
4.432 0.00765206
4.433 0.00765206
4.434 0.00765206
4.435 0.00765205
4.436 0.00765205
4.437 0.00765204
4.438 0.00765204
4.439 0.00765204
4.44 0.00765203
4.441 0.00765203
4.442 0.00765202
4.443 0.00765202
4.444 0.00765202
4.445 0.00765201
4.446 0.00765201
4.447 0.00765201
4.448 0.007652
4.449 0.007652
4.45 0.00765199
4.451 0.00765199
4.452 0.00765199
4.453 0.00765198
4.454 0.00765198
4.455 0.00765198
4.456 0.00765197
4.457 0.00765197
4.458 0.00765197
4.459 0.00765196
4.46 0.00765196
4.461 0.00765196
4.462 0.00765195
4.463 0.00765195
4.464 0.00765194
4.465 0.00765194
4.466 0.00765194
4.467 0.00765193
4.468 0.00765193
4.469 0.00765193
4.47 0.00765192
4.471 0.00765192
4.472 0.00765192
4.473 0.00765191
4.474 0.00765191
4.475 0.00765191
4.476 0.0076519
4.477 0.0076519
4.478 0.0076519
4.479 0.00765189
4.48 0.00765189
4.481 0.00765189
4.482 0.00765188
4.483 0.00765188
4.484 0.00765188
4.485 0.00765187
4.486 0.00765187
4.487 0.00765187
4.488 0.00765187
4.489 0.00765186
4.49 0.00765186
4.491 0.00765186
4.492 0.00765185
4.493 0.00765185
4.494 0.00765185
4.495 0.00765184
4.496 0.00765184
4.497 0.00765184
4.498 0.00765183
4.499 0.00765183
