0 0.127499
0.001 0.127496
0.002 0.127493
0.003 0.127489
0.004 0.127484
0.005 0.127479
0.006 0.127472
0.007 0.127465
0.008 0.127457
0.009 0.127448
0.01 0.127438
0.011 0.127428
0.012 0.127417
0.013 0.127405
0.014 0.127392
0.015 0.127379
0.016 0.127365
0.017 0.12735
0.018 0.127335
0.019 0.127319
0.02 0.127302
0.021 0.127285
0.022 0.127267
0.023 0.127248
0.024 0.127229
0.025 0.127209
0.026 0.127188
0.027 0.127167
0.028 0.127146
0.029 0.127123
0.03 0.1271
0.031 0.127077
0.032 0.127052
0.033 0.127028
0.034 0.127002
0.035 0.126976
0.036 0.12695
0.037 0.126923
0.038 0.126895
0.039 0.126867
0.04 0.126838
0.041 0.126809
0.042 0.126779
0.043 0.126748
0.044 0.126717
0.045 0.126686
0.046 0.126654
0.047 0.126621
0.048 0.126588
0.049 0.126554
0.05 0.12652
0.051 0.126485
0.052 0.12645
0.053 0.126414
0.054 0.126378
0.055 0.126341
0.056 0.126304
0.057 0.126267
0.058 0.126228
0.059 0.12619
0.06 0.126151
0.061 0.126111
0.062 0.126071
0.063 0.126031
0.064 0.12599
0.065 0.125948
0.066 0.125906
0.067 0.125864
0.068 0.125821
0.069 0.125778
0.07 0.125734
0.071 0.12569
0.072 0.125645
0.073 0.1256
0.074 0.125554
0.075 0.125508
0.076 0.125462
0.077 0.125415
0.078 0.125368
0.079 0.12532
0.08 0.125272
0.081 0.125223
0.082 0.125174
0.083 0.125125
0.084 0.125075
0.085 0.125025
0.086 0.124974
0.087 0.124923
0.088 0.124871
0.089 0.12482
0.09 0.124767
0.091 0.124715
0.092 0.124661
0.093 0.124608
0.094 0.124554
0.095 0.1245
0.096 0.124445
0.097 0.12439
0.098 0.124334
0.099 0.124278
0.1 0.124222
0.101 0.124165
0.102 0.124108
0.103 0.124051
0.104 0.123993
0.105 0.123934
0.106 0.123876
0.107 0.123817
0.108 0.123758
0.109 0.123698
0.11 0.123638
0.111 0.123578
0.112 0.123517
0.113 0.123456
0.114 0.123394
0.115 0.123332
0.116 0.12327
0.117 0.123208
0.118 0.123145
0.119 0.123081
0.12 0.123018
0.121 0.122954
0.122 0.12289
0.123 0.122825
0.124 0.12276
0.125 0.122695
0.126 0.122629
0.127 0.122563
0.128 0.122497
0.129 0.12243
0.13 0.122363
0.131 0.122296
0.132 0.122228
0.133 0.12216
0.134 0.122092
0.135 0.122023
0.136 0.121954
0.137 0.121885
0.138 0.121815
0.139 0.121745
0.14 0.121675
0.141 0.121605
0.142 0.121534
0.143 0.121463
0.144 0.121391
0.145 0.121319
0.146 0.121247
0.147 0.121175
0.148 0.121102
0.149 0.121029
0.15 0.120956
0.151 0.120882
0.152 0.120808
0.153 0.120734
0.154 0.12066
0.155 0.120585
0.156 0.12051
0.157 0.120435
0.158 0.120359
0.159 0.120283
0.16 0.120207
0.161 0.12013
0.162 0.120054
0.163 0.119976
0.164 0.119899
0.165 0.119821
0.166 0.119743
0.167 0.119665
0.168 0.119587
0.169 0.119508
0.17 0.119429
0.171 0.11935
0.172 0.11927
0.173 0.11919
0.174 0.11911
0.175 0.11903
0.176 0.118949
0.177 0.118868
0.178 0.118787
0.179 0.118705
0.18 0.118624
0.181 0.118542
0.182 0.118459
0.183 0.118377
0.184 0.118294
0.185 0.118211
0.186 0.118128
0.187 0.118045
0.188 0.117961
0.189 0.117877
0.19 0.117793
0.191 0.117708
0.192 0.117623
0.193 0.117538
0.194 0.117453
0.195 0.117367
0.196 0.117282
0.197 0.117196
0.198 0.11711
0.199 0.117023
0.2 0.116937
0.201 0.11685
0.202 0.116762
0.203 0.116675
0.204 0.116587
0.205 0.116499
0.206 0.116411
0.207 0.116323
0.208 0.116234
0.209 0.116146
0.21 0.116057
0.211 0.115968
0.212 0.115878
0.213 0.115789
0.214 0.115699
0.215 0.115609
0.216 0.115518
0.217 0.115428
0.218 0.115337
0.219 0.115246
0.22 0.115155
0.221 0.115064
0.222 0.114972
0.223 0.11488
0.224 0.114788
0.225 0.114696
0.226 0.114604
0.227 0.114511
0.228 0.114418
0.229 0.114325
0.23 0.114232
0.231 0.114138
0.232 0.114045
0.233 0.113951
0.234 0.113857
0.235 0.113763
0.236 0.113669
0.237 0.113574
0.238 0.113479
0.239 0.113384
0.24 0.113289
0.241 0.113193
0.242 0.113098
0.243 0.113002
0.244 0.112906
0.245 0.11281
0.246 0.112714
0.247 0.112617
0.248 0.11252
0.249 0.112424
0.25 0.112327
0.251 0.112229
0.252 0.112132
0.253 0.112034
0.254 0.111936
0.255 0.111838
0.256 0.11174
0.257 0.111642
0.258 0.111543
0.259 0.111445
0.26 0.111346
0.261 0.111247
0.262 0.111148
0.263 0.111048
0.264 0.110949
0.265 0.110849
0.266 0.110749
0.267 0.110649
0.268 0.110549
0.269 0.110448
0.27 0.110348
0.271 0.110247
0.272 0.110146
0.273 0.110045
0.274 0.109944
0.275 0.109843
0.276 0.109741
0.277 0.109639
0.278 0.109538
0.279 0.109436
0.28 0.109334
0.281 0.109231
0.282 0.109129
0.283 0.109026
0.284 0.108924
0.285 0.108821
0.286 0.108718
0.287 0.108614
0.288 0.108511
0.289 0.108408
0.29 0.108304
0.291 0.1082
0.292 0.108096
0.293 0.107992
0.294 0.107888
0.295 0.107784
0.296 0.107679
0.297 0.107574
0.298 0.10747
0.299 0.107365
0.3 0.10726
0.301 0.107155
0.302 0.10705
0.303 0.106944
0.304 0.106839
0.305 0.106733
0.306 0.106627
0.307 0.106521
0.308 0.106415
0.309 0.106308
0.31 0.106202
0.311 0.106096
0.312 0.105989
0.313 0.105882
0.314 0.105775
0.315 0.105668
0.316 0.105561
0.317 0.105454
0.318 0.105346
0.319 0.105239
0.32 0.105131
0.321 0.105024
0.322 0.104916
0.323 0.104808
0.324 0.1047
0.325 0.104591
0.326 0.104483
0.327 0.104374
0.328 0.104266
0.329 0.104157
0.33 0.104048
0.331 0.103939
0.332 0.10383
0.333 0.103721
0.334 0.103611
0.335 0.103502
0.336 0.103392
0.337 0.103283
0.338 0.103173
0.339 0.103063
0.34 0.102953
0.341 0.102843
0.342 0.102733
0.343 0.102622
0.344 0.102512
0.345 0.102401
0.346 0.102291
0.347 0.10218
0.348 0.102069
0.349 0.101958
0.35 0.101847
0.351 0.101736
0.352 0.101625
0.353 0.101513
0.354 0.101402
0.355 0.10129
0.356 0.101178
0.357 0.101067
0.358 0.100955
0.359 0.100843
0.36 0.100731
0.361 0.100618
0.362 0.100506
0.363 0.100394
0.364 0.100281
0.365 0.100169
0.366 0.100056
0.367 0.0999433
0.368 0.0998304
0.369 0.0997174
0.37 0.0996043
0.371 0.0994912
0.372 0.0993779
0.373 0.0992646
0.374 0.0991512
0.375 0.0990376
0.376 0.0989239
0.377 0.0988101
0.378 0.0986963
0.379 0.0985824
0.38 0.0984685
0.381 0.0983545
0.382 0.0982405
0.383 0.0981263
0.384 0.098012
0.385 0.0978976
0.386 0.0977831
0.387 0.0976684
0.388 0.0975536
0.389 0.0974388
0.39 0.097324
0.391 0.0972091
0.392 0.0970942
0.393 0.0969791
0.394 0.096864
0.395 0.0967487
0.396 0.0966333
0.397 0.0965179
0.398 0.0964025
0.399 0.0962869
0.4 0.0961714
0.401 0.0960558
0.402 0.0959401
0.403 0.0958242
0.404 0.0957083
0.405 0.0955922
0.406 0.0954761
0.407 0.0953599
0.408 0.0952437
0.409 0.0951274
0.41 0.0950111
0.411 0.0948947
0.412 0.0947782
0.413 0.0946617
0.414 0.094545
0.415 0.0944282
0.416 0.0943113
0.417 0.0941944
0.418 0.0940774
0.419 0.0939605
0.42 0.0938435
0.421 0.0937264
0.422 0.0936092
0.423 0.0934919
0.424 0.0933745
0.425 0.093257
0.426 0.0931394
0.427 0.0930219
0.428 0.0929043
0.429 0.0927866
0.43 0.092669
0.431 0.0925512
0.432 0.0924333
0.433 0.0923153
0.434 0.0921973
0.435 0.0920792
0.436 0.0919611
0.437 0.0918429
0.438 0.0917247
0.439 0.0916064
0.44 0.0914881
0.441 0.0913697
0.442 0.0912511
0.443 0.0911324
0.444 0.0910137
0.445 0.0908949
0.446 0.090776
0.447 0.0906572
0.448 0.0905384
0.449 0.0904195
0.45 0.0903005
0.451 0.0901814
0.452 0.0900623
0.453 0.0899431
0.454 0.0898238
0.455 0.0897046
0.456 0.0895853
0.457 0.0894661
0.458 0.0893467
0.459 0.0892273
0.46 0.0891077
0.461 0.0889881
0.462 0.0888684
0.463 0.0887486
0.464 0.0886288
0.465 0.0885089
0.466 0.088389
0.467 0.0882691
0.468 0.0881492
0.469 0.0880291
0.47 0.0879089
0.471 0.0877886
0.472 0.0876682
0.473 0.0875478
0.474 0.0874275
0.475 0.0873071
0.476 0.0871868
0.477 0.0870663
0.478 0.0869458
0.479 0.0868252
0.48 0.0867045
0.481 0.0865837
0.482 0.0864629
0.483 0.086342
0.484 0.0862212
0.485 0.0861003
0.486 0.0859794
0.487 0.0858585
0.488 0.0857374
0.489 0.0856163
0.49 0.0854951
0.491 0.0853739
0.492 0.0852528
0.493 0.0851316
0.494 0.0850104
0.495 0.0848892
0.496 0.0847678
0.497 0.0846465
0.498 0.084525
0.499 0.0844035
0.5 0.0842819
0.501 0.0841603
0.502 0.0840386
0.503 0.0839169
0.504 0.0837952
0.505 0.0836734
0.506 0.0835516
0.507 0.0834297
0.508 0.0833077
0.509 0.0831856
0.51 0.0830636
0.511 0.0829415
0.512 0.0828194
0.513 0.0826974
0.514 0.0825752
0.515 0.082453
0.516 0.0823307
0.517 0.0822082
0.518 0.0820857
0.519 0.0819633
0.52 0.0818407
0.521 0.0817182
0.522 0.0815957
0.523 0.0814732
0.524 0.0813505
0.525 0.0812278
0.526 0.081105
0.527 0.0809821
0.528 0.0808593
0.529 0.0807364
0.53 0.0806136
0.531 0.0804908
0.532 0.0803679
0.533 0.0802449
0.534 0.0801219
0.535 0.0799987
0.536 0.0798756
0.537 0.0797523
0.538 0.0796291
0.539 0.0795059
0.54 0.0793827
0.541 0.0792595
0.542 0.0791361
0.543 0.0790127
0.544 0.0788892
0.545 0.0787657
0.546 0.0786421
0.547 0.0785186
0.548 0.0783952
0.549 0.0782717
0.55 0.0781482
0.551 0.0780245
0.552 0.0779009
0.553 0.0777771
0.554 0.0776533
0.555 0.0775295
0.556 0.0774056
0.557 0.0772818
0.558 0.077158
0.559 0.0770341
0.56 0.0769102
0.561 0.0767862
0.562 0.0766621
0.563 0.076538
0.564 0.0764139
0.565 0.0762898
0.566 0.0761658
0.567 0.0760417
0.568 0.0759176
0.569 0.0757934
0.57 0.0756692
0.571 0.0755448
0.572 0.0754204
0.573 0.0752961
0.574 0.0751717
0.575 0.0750474
0.576 0.074923
0.577 0.0747986
0.578 0.0746741
0.579 0.0745496
0.58 0.0744249
0.581 0.0743003
0.582 0.0741757
0.583 0.0740511
0.584 0.0739266
0.585 0.073802
0.586 0.0736773
0.587 0.0735526
0.588 0.0734279
0.589 0.0733031
0.59 0.0731782
0.591 0.0730534
0.592 0.0729286
0.593 0.0728037
0.594 0.0726789
0.595 0.072554
0.596 0.072429
0.597 0.0723041
0.598 0.072179
0.599 0.0720539
0.6 0.071929
0.601 0.071804
0.602 0.0716791
0.603 0.0715541
0.604 0.0714291
0.605 0.071304
0.606 0.0711789
0.607 0.0710537
0.608 0.0709285
0.609 0.0708033
0.61 0.0706781
0.611 0.0705529
0.612 0.0704277
0.613 0.0703024
0.614 0.0701771
0.615 0.0700517
0.616 0.0699263
0.617 0.0698009
0.618 0.0696755
0.619 0.0695502
0.62 0.0694249
0.621 0.0692995
0.622 0.0691741
0.623 0.0690485
0.624 0.068923
0.625 0.0687974
0.626 0.0686717
0.627 0.0685461
0.628 0.0684205
0.629 0.0682949
0.63 0.0681693
0.631 0.0680436
0.632 0.0679178
0.633 0.0677919
0.634 0.0676661
0.635 0.0675402
0.636 0.0674144
0.637 0.0672886
0.638 0.0671628
0.639 0.067037
0.64 0.0669111
0.641 0.0667851
0.642 0.0666591
0.643 0.066533
0.644 0.0664069
0.645 0.0662809
0.646 0.0661548
0.647 0.0660288
0.648 0.0659027
0.649 0.0657766
0.65 0.0656504
0.651 0.0655242
0.652 0.065398
0.653 0.0652718
0.654 0.0651458
0.655 0.0650197
0.656 0.0648935
0.657 0.0647673
0.658 0.0646411
0.659 0.0645148
0.66 0.0643885
0.661 0.0642622
0.662 0.0641358
0.663 0.0640095
0.664 0.0638832
0.665 0.0637569
0.666 0.0636306
0.667 0.0635041
0.668 0.0633776
0.669 0.0632511
0.67 0.0631246
0.671 0.0629981
0.672 0.0628717
0.673 0.0627453
0.674 0.0626189
0.675 0.0624923
0.676 0.0623657
0.677 0.062239
0.678 0.0621123
0.679 0.0619856
0.68 0.0618588
0.681 0.0617321
0.682 0.0616054
0.683 0.0614787
0.684 0.0613519
0.685 0.0612252
0.686 0.0610983
0.687 0.0609713
0.688 0.0608444
0.689 0.0607176
0.69 0.0605908
0.691 0.060464
0.692 0.0603371
0.693 0.0602102
0.694 0.0600833
0.695 0.0599563
0.696 0.0598293
0.697 0.0597023
0.698 0.0595754
0.699 0.0594484
0.7 0.0593215
0.701 0.0591945
0.702 0.0590675
0.703 0.0589404
0.704 0.0588133
0.705 0.0586862
0.706 0.0585591
0.707 0.0584322
0.708 0.0583052
0.709 0.0581781
0.71 0.058051
0.711 0.0579239
0.712 0.0577966
0.713 0.0576694
0.714 0.0575421
0.715 0.0574148
0.716 0.0572876
0.717 0.0571604
0.718 0.0570332
0.719 0.0569059
0.72 0.0567785
0.721 0.0566511
0.722 0.0565236
0.723 0.0563962
0.724 0.0562688
0.725 0.0561415
0.726 0.0560142
0.727 0.0558869
0.728 0.0557595
0.729 0.0556321
0.73 0.0555047
0.731 0.0553772
0.732 0.0552497
0.733 0.0551223
0.734 0.0549949
0.735 0.0548676
0.736 0.0547401
0.737 0.0546126
0.738 0.0544851
0.739 0.0543575
0.74 0.05423
0.741 0.0541025
0.742 0.053975
0.743 0.0538476
0.744 0.0537201
0.745 0.0535926
0.746 0.053465
0.747 0.0533373
0.748 0.0532096
0.749 0.0530818
0.75 0.0529541
0.751 0.0528264
0.752 0.0526988
0.753 0.0525711
0.754 0.0524434
0.755 0.0523156
0.756 0.0521878
0.757 0.05206
0.758 0.0519324
0.759 0.0518047
0.76 0.0516771
0.761 0.0515495
0.762 0.0514218
0.763 0.051294
0.764 0.0511662
0.765 0.0510384
0.766 0.0509106
0.767 0.0507827
0.768 0.0506549
0.769 0.0505272
0.77 0.0503994
0.771 0.0502715
0.772 0.0501436
0.773 0.0500156
0.774 0.0498876
0.775 0.0497596
0.776 0.0496316
0.777 0.0495037
0.778 0.0493758
0.779 0.0492479
0.78 0.0491199
0.781 0.0489918
0.782 0.0488637
0.783 0.0487356
0.784 0.0486076
0.785 0.0484795
0.786 0.0483515
0.787 0.0482235
0.788 0.0480954
0.789 0.0479673
0.79 0.0478392
0.791 0.047711
0.792 0.0475829
0.793 0.0474548
0.794 0.0473268
0.795 0.0471988
0.796 0.0470708
0.797 0.0469427
0.798 0.0468145
0.799 0.0466863
0.8 0.046558
0.801 0.0464297
0.802 0.0463015
0.803 0.0461733
0.804 0.0460451
0.805 0.0459169
0.806 0.0457887
0.807 0.0456603
0.808 0.0455319
0.809 0.0454035
0.81 0.0452752
0.811 0.0451468
0.812 0.0450186
0.813 0.0448903
0.814 0.0447621
0.815 0.0446338
0.816 0.0445054
0.817 0.0443771
0.818 0.0442487
0.819 0.0441203
0.82 0.043992
0.821 0.0438637
0.822 0.0437354
0.823 0.0436071
0.824 0.0434786
0.825 0.0433502
0.826 0.0432217
0.827 0.0430932
0.828 0.0429648
0.829 0.0428365
0.83 0.0427082
0.831 0.0425798
0.832 0.0424513
0.833 0.0423228
0.834 0.0421943
0.835 0.0420658
0.836 0.0419373
0.837 0.0418088
0.838 0.0416804
0.839 0.0415519
0.84 0.0414235
0.841 0.041295
0.842 0.0411664
0.843 0.0410379
0.844 0.0409093
0.845 0.0407809
0.846 0.0406525
0.847 0.0405241
0.848 0.0403957
0.849 0.0402672
0.85 0.0401386
0.851 0.04001
0.852 0.0398814
0.853 0.0397527
0.854 0.039624
0.855 0.0394954
0.856 0.0393669
0.857 0.0392383
0.858 0.0391097
0.859 0.038981
0.86 0.0388523
0.861 0.0387237
0.862 0.0385951
0.863 0.0384666
0.864 0.0383382
0.865 0.0382097
0.866 0.0380811
0.867 0.0379525
0.868 0.0378238
0.869 0.0376952
0.87 0.0375665
0.871 0.0374378
0.872 0.0373091
0.873 0.0371806
0.874 0.037052
0.875 0.0369233
0.876 0.0367946
0.877 0.0366657
0.878 0.0365369
0.879 0.0364082
0.88 0.0362795
0.881 0.0361508
0.882 0.0360222
0.883 0.0358935
0.884 0.0357647
0.885 0.0356359
0.886 0.0355072
0.887 0.0353784
0.888 0.0352496
0.889 0.0351209
0.89 0.0349922
0.891 0.0348635
0.892 0.0347348
0.893 0.034606
0.894 0.0344772
0.895 0.0343483
0.896 0.0342195
0.897 0.0340907
0.898 0.033962
0.899 0.0338333
0.9 0.0337046
0.901 0.0335758
0.902 0.033447
0.903 0.0333181
0.904 0.0331892
0.905 0.0330603
0.906 0.0329314
0.907 0.0328026
0.908 0.0326738
0.909 0.032545
0.91 0.0324162
0.911 0.0322873
0.912 0.0321585
0.913 0.0320296
0.914 0.0319008
0.915 0.0317721
0.916 0.0316434
0.917 0.0315148
0.918 0.031386
0.919 0.0312572
0.92 0.0311283
0.921 0.0309994
0.922 0.0308705
0.923 0.0307417
0.924 0.0306129
0.925 0.0304841
0.926 0.0303553
0.927 0.0302265
0.928 0.0300976
0.929 0.0299687
0.93 0.0298398
0.931 0.0297111
0.932 0.0295823
0.933 0.0294535
0.934 0.0293248
0.935 0.0291961
0.936 0.0290673
0.937 0.0289385
0.938 0.0288097
0.939 0.0286809
0.94 0.0285521
0.941 0.0284233
0.942 0.0282946
0.943 0.0281659
0.944 0.0280371
0.945 0.0279083
0.946 0.0277795
0.947 0.0276506
0.948 0.0275217
0.949 0.0273929
0.95 0.0272642
0.951 0.0271355
0.952 0.0270069
0.953 0.0268781
0.954 0.0267494
0.955 0.0266206
0.956 0.0264918
0.957 0.0263631
0.958 0.0262345
0.959 0.0261058
0.96 0.0259772
0.961 0.0258486
0.962 0.0257199
0.963 0.0255912
0.964 0.0254624
0.965 0.0253337
0.966 0.0252051
0.967 0.0250766
0.968 0.0249481
0.969 0.0248195
0.97 0.0246909
0.971 0.0245623
0.972 0.0244336
0.973 0.0243049
0.974 0.0241763
0.975 0.0240477
0.976 0.0239192
0.977 0.0237907
0.978 0.0236622
0.979 0.0235336
0.98 0.0234051
0.981 0.0232765
0.982 0.023148
0.983 0.0230196
0.984 0.0228913
0.985 0.022763
0.986 0.0226347
0.987 0.0225064
0.988 0.022378
0.989 0.0222496
0.99 0.0221212
0.991 0.0219928
0.992 0.0218644
0.993 0.0217361
0.994 0.0216079
0.995 0.0214797
0.996 0.0213515
0.997 0.0212232
0.998 0.0210949
0.999 0.0209666
1 0.0208384
1.001 0.0207103
1.002 0.0205822
1.003 0.0204542
1.004 0.0203262
1.005 0.0201983
1.006 0.0200703
1.007 0.0199423
1.008 0.0198143
1.009 0.0196864
1.01 0.0195586
1.011 0.0194308
1.012 0.0193031
1.013 0.0191754
1.014 0.0190477
1.015 0.0189199
1.016 0.0187922
1.017 0.0186646
1.018 0.018537
1.019 0.0184096
1.02 0.0182822
1.021 0.0181549
1.022 0.0180275
1.023 0.0179001
1.024 0.0177727
1.025 0.0176454
1.026 0.0175181
1.027 0.0173908
1.028 0.0172637
1.029 0.0171367
1.03 0.0170098
1.031 0.0168828
1.032 0.0167559
1.033 0.016629
1.034 0.0165023
1.035 0.0163756
1.036 0.0162492
1.037 0.0161229
1.038 0.0159966
1.039 0.0158703
1.04 0.0157441
1.041 0.015618
1.042 0.015492
1.043 0.015366
1.044 0.0152401
1.045 0.0151144
1.046 0.0149888
1.047 0.0148633
1.048 0.0147379
1.049 0.0146125
1.05 0.0144872
1.051 0.014362
1.052 0.014237
1.053 0.0141122
1.054 0.0139876
1.055 0.0138631
1.056 0.0137387
1.057 0.0136144
1.058 0.0134903
1.059 0.0133662
1.06 0.0132423
1.061 0.0131185
1.062 0.0129949
1.063 0.0128716
1.064 0.0127485
1.065 0.0126257
1.066 0.0125029
1.067 0.0123803
1.068 0.0122578
1.069 0.0121355
1.07 0.0120136
1.071 0.011892
1.072 0.0117707
1.073 0.0116498
1.074 0.0115291
1.075 0.0114086
1.076 0.0112884
1.077 0.0111684
1.078 0.0110489
1.079 0.0109297
1.08 0.0108108
1.081 0.0106925
1.082 0.0105745
1.083 0.0104571
1.084 0.0103399
1.085 0.0102232
1.086 0.0101069
1.087 0.00999101
1.088 0.00987566
1.089 0.00976097
1.09 0.00964702
1.091 0.00953387
1.092 0.00942146
1.093 0.0093098
1.094 0.00919879
1.095 0.00908864
1.096 0.00897941
1.097 0.00887112
1.098 0.00876385
1.099 0.00865764
1.1 0.00855255
1.101 0.00844882
1.102 0.00834666
1.103 0.00824623
1.104 0.00814797
1.105 0.00805218
1.106 0.00795985
1.107 0.00787163
1.108 0.00778827
1.109 0.0077108
1.11 0.00764017
1.111 0.00757714
1.112 0.00752231
1.113 0.00747616
1.114 0.00749285
1.115 0.00749785
1.116 0.00749936
1.117 0.0075078
1.118 0.00752592
1.119 0.00755068
1.12 0.00757899
1.121 0.00761004
1.122 0.00764392
1.123 0.00768065
1.124 0.00771984
1.125 0.00776075
1.126 0.00780306
1.127 0.0078463
1.128 0.00789003
1.129 0.00793398
1.13 0.00797743
1.131 0.00802023
1.132 0.00806228
1.133 0.00810336
1.134 0.0081431
1.135 0.0081814
1.136 0.00821822
1.137 0.00825356
1.138 0.00828733
1.139 0.00831944
1.14 0.00834978
1.141 0.0083784
1.142 0.00840538
1.143 0.00843075
1.144 0.00845454
1.145 0.00847676
1.146 0.00849739
1.147 0.00851647
1.148 0.00853403
1.149 0.00855014
1.15 0.00856481
1.151 0.00857806
1.152 0.00858993
1.153 0.0086005
1.154 0.00860979
1.155 0.00861786
1.156 0.00862473
1.157 0.00863042
1.158 0.00863496
1.159 0.00863837
1.16 0.00864069
1.161 0.00864194
1.162 0.00864215
1.163 0.00864134
1.164 0.00863955
1.165 0.00863679
1.166 0.00863308
1.167 0.00862845
1.168 0.00862292
1.169 0.00861651
1.17 0.00860924
1.171 0.00860112
1.172 0.00859221
1.173 0.00858252
1.174 0.00857206
1.175 0.00856084
1.176 0.00854888
1.177 0.00853623
1.178 0.00852289
1.179 0.00850887
1.18 0.00849421
1.181 0.00847893
1.182 0.00846304
1.183 0.00844662
1.184 0.00842969
1.185 0.00841228
1.186 0.00839441
1.187 0.00837609
1.188 0.00835737
1.189 0.00833831
1.19 0.00831895
1.191 0.00829938
1.192 0.00827965
1.193 0.00825978
1.194 0.00823981
1.195 0.00821985
1.196 0.00819997
1.197 0.00818022
1.198 0.00816065
1.199 0.00814132
1.2 0.0081223
1.201 0.00810375
1.202 0.00808578
1.203 0.00806847
1.204 0.00805189
1.205 0.00803608
1.206 0.00802116
1.207 0.00800719
1.208 0.00799422
1.209 0.00798229
1.21 0.00797144
1.211 0.00796169
1.212 0.00795304
1.213 0.0079455
1.214 0.00793908
1.215 0.00793377
1.216 0.00792954
1.217 0.0079264
1.218 0.00792431
1.219 0.00792323
1.22 0.00792314
1.221 0.007924
1.222 0.00792575
1.223 0.00792833
1.224 0.00793171
1.225 0.00793583
1.226 0.00794064
1.227 0.00794609
1.228 0.00795212
1.229 0.00795867
1.23 0.00796569
1.231 0.00797312
1.232 0.0079809
1.233 0.00798898
1.234 0.0079973
1.235 0.0080058
1.236 0.00801443
1.237 0.00802314
1.238 0.0080319
1.239 0.00804064
1.24 0.00804934
1.241 0.00805794
1.242 0.00806641
1.243 0.00807472
1.244 0.00808283
1.245 0.00809073
1.246 0.00809839
1.247 0.0081058
1.248 0.00811292
1.249 0.0081198
1.25 0.00812644
1.251 0.00813282
1.252 0.00813884
1.253 0.00814448
1.254 0.00814972
1.255 0.00815459
1.256 0.00815905
1.257 0.0081631
1.258 0.00816673
1.259 0.00816994
1.26 0.00817273
1.261 0.00817509
1.262 0.00817703
1.263 0.00817854
1.264 0.00817963
1.265 0.00818031
1.266 0.0081806
1.267 0.00818049
1.268 0.00817999
1.269 0.00817913
1.27 0.00817791
1.271 0.00817634
1.272 0.00817444
1.273 0.00817223
1.274 0.00816971
1.275 0.00816691
1.276 0.00816383
1.277 0.00816051
1.278 0.00815694
1.279 0.00815315
1.28 0.00814916
1.281 0.00814499
1.282 0.00814065
1.283 0.00813616
1.284 0.00813154
1.285 0.00812681
1.286 0.00812201
1.287 0.00811716
1.288 0.00811228
1.289 0.0081074
1.29 0.00810255
1.291 0.00809776
1.292 0.00809305
1.293 0.00808843
1.294 0.00808392
1.295 0.00807955
1.296 0.00807533
1.297 0.00807127
1.298 0.00806738
1.299 0.00806367
