0 0.127499
0.001 0.127496
0.002 0.127494
0.003 0.12749
0.004 0.127486
0.005 0.127481
0.006 0.127475
0.007 0.127468
0.008 0.127461
0.009 0.127454
0.01 0.127445
0.011 0.127436
0.012 0.127427
0.013 0.127416
0.014 0.127406
0.015 0.127394
0.016 0.127382
0.017 0.12737
0.018 0.127357
0.019 0.127343
0.02 0.127329
0.021 0.127315
0.022 0.1273
0.023 0.127284
0.024 0.127268
0.025 0.127252
0.026 0.127235
0.027 0.127217
0.028 0.127199
0.029 0.127181
0.03 0.127162
0.031 0.127142
0.032 0.127123
0.033 0.127102
0.034 0.127082
0.035 0.127061
0.036 0.127039
0.037 0.127017
0.038 0.126995
0.039 0.126972
0.04 0.126949
0.041 0.126925
0.042 0.126901
0.043 0.126877
0.044 0.126852
0.045 0.126827
0.046 0.126801
0.047 0.126775
0.048 0.126749
0.049 0.126723
0.05 0.126696
0.051 0.126668
0.052 0.12664
0.053 0.126612
0.054 0.126584
0.055 0.126555
0.056 0.126526
0.057 0.126497
0.058 0.126467
0.059 0.126437
0.06 0.126406
0.061 0.126375
0.062 0.126344
0.063 0.126313
0.064 0.126281
0.065 0.126249
0.066 0.126216
0.067 0.126184
0.068 0.126151
0.069 0.126117
0.07 0.126083
0.071 0.126049
0.072 0.126015
0.073 0.125981
0.074 0.125946
0.075 0.125911
0.076 0.125875
0.077 0.125839
0.078 0.125803
0.079 0.125767
0.08 0.12573
0.081 0.125693
0.082 0.125656
0.083 0.125619
0.084 0.125581
0.085 0.125543
0.086 0.125505
0.087 0.125466
0.088 0.125428
0.089 0.125389
0.09 0.125349
0.091 0.12531
0.092 0.12527
0.093 0.12523
0.094 0.125189
0.095 0.125149
0.096 0.125108
0.097 0.125067
0.098 0.125025
0.099 0.124984
0.1 0.124942
0.101 0.1249
0.102 0.124857
0.103 0.124815
0.104 0.124772
0.105 0.124729
0.106 0.124686
0.107 0.124642
0.108 0.124598
0.109 0.124554
0.11 0.12451
0.111 0.124466
0.112 0.124421
0.113 0.124376
0.114 0.124331
0.115 0.124286
0.116 0.12424
0.117 0.124194
0.118 0.124148
0.119 0.124102
0.12 0.124056
0.121 0.124009
0.122 0.123962
0.123 0.123915
0.124 0.123868
0.125 0.12382
0.126 0.123772
0.127 0.123725
0.128 0.123676
0.129 0.123628
0.13 0.12358
0.131 0.123531
0.132 0.123482
0.133 0.123433
0.134 0.123384
0.135 0.123334
0.136 0.123284
0.137 0.123234
0.138 0.123184
0.139 0.123134
0.14 0.123084
0.141 0.123033
0.142 0.122982
0.143 0.122931
0.144 0.12288
0.145 0.122828
0.146 0.122777
0.147 0.122725
0.148 0.122673
0.149 0.122621
0.15 0.122569
0.151 0.122516
0.152 0.122463
0.153 0.122411
0.154 0.122358
0.155 0.122304
0.156 0.122251
0.157 0.122197
0.158 0.122144
0.159 0.12209
0.16 0.122036
0.161 0.121982
0.162 0.121927
0.163 0.121873
0.164 0.121818
0.165 0.121763
0.166 0.121708
0.167 0.121653
0.168 0.121597
0.169 0.121542
0.17 0.121486
0.171 0.12143
0.172 0.121374
0.173 0.121318
0.174 0.121262
0.175 0.121205
0.176 0.121148
0.177 0.121092
0.178 0.121035
0.179 0.120978
0.18 0.12092
0.181 0.120863
0.182 0.120805
0.183 0.120748
0.184 0.12069
0.185 0.120632
0.186 0.120574
0.187 0.120515
0.188 0.120457
0.189 0.120398
0.19 0.12034
0.191 0.120281
0.192 0.120222
0.193 0.120162
0.194 0.120103
0.195 0.120044
0.196 0.119984
0.197 0.119924
0.198 0.119865
0.199 0.119805
0.2 0.119744
0.201 0.119684
0.202 0.119624
0.203 0.119563
0.204 0.119502
0.205 0.119442
0.206 0.119381
0.207 0.11932
0.208 0.119258
0.209 0.119197
0.21 0.119136
0.211 0.119074
0.212 0.119012
0.213 0.11895
0.214 0.118888
0.215 0.118826
0.216 0.118764
0.217 0.118702
0.218 0.118639
0.219 0.118577
0.22 0.118514
0.221 0.118451
0.222 0.118388
0.223 0.118325
0.224 0.118262
0.225 0.118198
0.226 0.118135
0.227 0.118071
0.228 0.118008
0.229 0.117944
0.23 0.11788
0.231 0.117816
0.232 0.117752
0.233 0.117687
0.234 0.117623
0.235 0.117559
0.236 0.117494
0.237 0.117429
0.238 0.117364
0.239 0.117299
0.24 0.117234
0.241 0.117169
0.242 0.117104
0.243 0.117038
0.244 0.116973
0.245 0.116907
0.246 0.116842
0.247 0.116776
0.248 0.11671
0.249 0.116644
0.25 0.116578
0.251 0.116511
0.252 0.116445
0.253 0.116379
0.254 0.116312
0.255 0.116245
0.256 0.116179
0.257 0.116112
0.258 0.116045
0.259 0.115978
0.26 0.11591
0.261 0.115843
0.262 0.115776
0.263 0.115708
0.264 0.115641
0.265 0.115573
0.266 0.115505
0.267 0.115437
0.268 0.115369
0.269 0.115301
0.27 0.115233
0.271 0.115165
0.272 0.115097
0.273 0.115028
0.274 0.11496
0.275 0.114891
0.276 0.114822
0.277 0.114753
0.278 0.114684
0.279 0.114615
0.28 0.114546
0.281 0.114477
0.282 0.114408
0.283 0.114339
0.284 0.114269
0.285 0.1142
0.286 0.11413
0.287 0.11406
0.288 0.113991
0.289 0.113921
0.29 0.113851
0.291 0.113781
0.292 0.113711
0.293 0.11364
0.294 0.11357
0.295 0.1135
0.296 0.113429
0.297 0.113359
0.298 0.113288
0.299 0.113217
0.3 0.113146
0.301 0.113075
0.302 0.113004
0.303 0.112933
0.304 0.112862
0.305 0.112791
0.306 0.11272
0.307 0.112648
0.308 0.112577
0.309 0.112505
0.31 0.112434
0.311 0.112362
0.312 0.11229
0.313 0.112218
0.314 0.112147
0.315 0.112075
0.316 0.112002
0.317 0.11193
0.318 0.111858
0.319 0.111786
0.32 0.111713
0.321 0.111641
0.322 0.111568
0.323 0.111496
0.324 0.111423
0.325 0.11135
0.326 0.111278
0.327 0.111205
0.328 0.111132
0.329 0.111059
0.33 0.110986
0.331 0.110912
0.332 0.110839
0.333 0.110766
0.334 0.110692
0.335 0.110619
0.336 0.110545
0.337 0.110472
0.338 0.110398
0.339 0.110324
0.34 0.110251
0.341 0.110177
0.342 0.110103
0.343 0.110029
0.344 0.109955
0.345 0.109881
0.346 0.109807
0.347 0.109732
0.348 0.109658
0.349 0.109584
0.35 0.109509
0.351 0.109435
0.352 0.10936
0.353 0.109285
0.354 0.109211
0.355 0.109136
0.356 0.109061
0.357 0.108986
0.358 0.108911
0.359 0.108836
0.36 0.108761
0.361 0.108686
0.362 0.108611
0.363 0.108536
0.364 0.10846
0.365 0.108385
0.366 0.108309
0.367 0.108234
0.368 0.108158
0.369 0.108083
0.37 0.108007
0.371 0.107931
0.372 0.107856
0.373 0.10778
0.374 0.107704
0.375 0.107628
0.376 0.107552
0.377 0.107476
0.378 0.1074
0.379 0.107324
0.38 0.107247
0.381 0.107171
0.382 0.107095
0.383 0.107018
0.384 0.106942
0.385 0.106865
0.386 0.106789
0.387 0.106712
0.388 0.106635
0.389 0.106559
0.39 0.106482
0.391 0.106405
0.392 0.106328
0.393 0.106251
0.394 0.106174
0.395 0.106097
0.396 0.10602
0.397 0.105943
0.398 0.105866
0.399 0.105789
0.4 0.105711
0.401 0.105634
0.402 0.105557
0.403 0.105479
0.404 0.105402
0.405 0.105324
0.406 0.105247
0.407 0.105169
0.408 0.105091
0.409 0.105014
0.41 0.104936
0.411 0.104858
0.412 0.10478
0.413 0.104702
0.414 0.104624
0.415 0.104546
0.416 0.104468
0.417 0.10439
0.418 0.104312
0.419 0.104234
0.42 0.104156
0.421 0.104077
0.422 0.103999
0.423 0.103921
0.424 0.103842
0.425 0.103764
0.426 0.103685
0.427 0.103607
0.428 0.103528
0.429 0.10345
0.43 0.103371
0.431 0.103292
0.432 0.103214
0.433 0.103135
0.434 0.103056
0.435 0.102977
0.436 0.102898
0.437 0.102819
0.438 0.10274
0.439 0.102661
0.44 0.102582
0.441 0.102503
0.442 0.102424
0.443 0.102344
0.444 0.102265
0.445 0.102186
0.446 0.102107
0.447 0.102027
0.448 0.101948
0.449 0.101868
0.45 0.101789
0.451 0.101709
0.452 0.10163
0.453 0.10155
0.454 0.101471
0.455 0.101391
0.456 0.101311
0.457 0.101231
0.458 0.101152
0.459 0.101072
0.46 0.100992
0.461 0.100912
0.462 0.100832
0.463 0.100752
0.464 0.100672
0.465 0.100592
0.466 0.100512
0.467 0.100432
0.468 0.100352
0.469 0.100271
0.47 0.100191
0.471 0.100111
0.472 0.100031
0.473 0.0999502
0.474 0.0998699
0.475 0.0997895
0.476 0.0997091
0.477 0.0996286
0.478 0.0995481
0.479 0.0994676
0.48 0.099387
0.481 0.0993064
0.482 0.0992257
0.483 0.0991451
0.484 0.0990643
0.485 0.0989836
0.486 0.0989028
0.487 0.098822
0.488 0.0987412
0.489 0.0986603
0.49 0.0985794
0.491 0.0984985
0.492 0.0984176
0.493 0.0983366
0.494 0.0982555
0.495 0.0981745
0.496 0.0980934
0.497 0.0980123
0.498 0.0979311
0.499 0.09785
0.5 0.0977688
0.501 0.0976876
0.502 0.0976063
0.503 0.097525
0.504 0.0974437
0.505 0.0973623
0.506 0.097281
0.507 0.0971996
0.508 0.0971181
0.509 0.0970367
0.51 0.0969552
0.511 0.0968736
0.512 0.096792
0.513 0.0967105
0.514 0.0966289
0.515 0.0965472
0.516 0.0964656
0.517 0.0963839
0.518 0.0963021
0.519 0.0962204
0.52 0.0961386
0.521 0.0960568
0.522 0.095975
0.523 0.0958931
0.524 0.0958112
0.525 0.0957293
0.526 0.0956473
0.527 0.0955654
0.528 0.0954834
0.529 0.0954014
0.53 0.0953193
0.531 0.0952373
0.532 0.0951552
0.533 0.0950731
0.534 0.0949909
0.535 0.0949087
0.536 0.0948265
0.537 0.0947443
0.538 0.094662
0.539 0.0945797
0.54 0.0944974
0.541 0.0944151
0.542 0.0943328
0.543 0.0942504
0.544 0.094168
0.545 0.0940856
0.546 0.0940032
0.547 0.0939207
0.548 0.0938382
0.549 0.0937557
0.55 0.0936731
0.551 0.0935906
0.552 0.093508
0.553 0.0934253
0.554 0.0933427
0.555 0.0932601
0.556 0.0931774
0.557 0.0930947
0.558 0.0930119
0.559 0.0929292
0.56 0.0928464
0.561 0.0927637
0.562 0.0926808
0.563 0.092598
0.564 0.0925151
0.565 0.0924322
0.566 0.0923493
0.567 0.0922664
0.568 0.0921835
0.569 0.0921005
0.57 0.0920175
0.571 0.0919345
0.572 0.0918515
0.573 0.0917684
0.574 0.0916854
0.575 0.0916023
0.576 0.0915191
0.577 0.091436
0.578 0.0913528
0.579 0.0912696
0.58 0.0911864
0.581 0.0911032
0.582 0.09102
0.583 0.0909368
0.584 0.0908535
0.585 0.0907702
0.586 0.0906868
0.587 0.0906035
0.588 0.0905202
0.589 0.0904368
0.59 0.0903534
0.591 0.09027
0.592 0.0901865
0.593 0.090103
0.594 0.0900196
0.595 0.0899361
0.596 0.0898526
0.597 0.0897691
0.598 0.0896855
0.599 0.0896019
0.6 0.0895184
0.601 0.0894348
0.602 0.0893512
0.603 0.0892675
0.604 0.0891838
0.605 0.0891001
0.606 0.0890164
0.607 0.0889327
0.608 0.088849
0.609 0.0887653
0.61 0.0886815
0.611 0.0885977
0.612 0.0885139
0.613 0.0884301
0.614 0.0883463
0.615 0.0882624
0.616 0.0881786
0.617 0.0880947
0.618 0.0880108
0.619 0.0879268
0.62 0.0878429
0.621 0.087759
0.622 0.087675
0.623 0.087591
0.624 0.087507
0.625 0.087423
0.626 0.087339
0.627 0.0872549
0.628 0.0871709
0.629 0.0870868
0.63 0.0870027
0.631 0.0869186
0.632 0.0868344
0.633 0.0867503
0.634 0.0866661
0.635 0.086582
0.636 0.0864978
0.637 0.0864136
0.638 0.0863294
0.639 0.0862451
0.64 0.0861609
0.641 0.0860766
0.642 0.0859924
0.643 0.0859081
0.644 0.0858237
0.645 0.0857394
0.646 0.085655
0.647 0.0855707
0.648 0.0854863
0.649 0.0854019
0.65 0.0853175
0.651 0.0852331
0.652 0.0851487
0.653 0.0850643
0.654 0.0849798
0.655 0.0848954
0.656 0.0848109
0.657 0.0847264
0.658 0.0846419
0.659 0.0845573
0.66 0.0844728
0.661 0.0843882
0.662 0.0843037
0.663 0.0842191
0.664 0.0841345
0.665 0.0840499
0.666 0.0839653
0.667 0.0838807
0.668 0.083796
0.669 0.0837113
0.67 0.0836266
0.671 0.0835419
0.672 0.0834572
0.673 0.0833725
0.674 0.0832878
0.675 0.0832031
0.676 0.0831183
0.677 0.0830336
0.678 0.0829488
0.679 0.082864
0.68 0.0827792
0.681 0.0826944
0.682 0.0826096
0.683 0.0825247
0.684 0.0824399
0.685 0.082355
0.686 0.0822702
0.687 0.0821853
0.688 0.0821004
0.689 0.0820155
0.69 0.0819306
0.691 0.0818456
0.692 0.0817607
0.693 0.0816758
0.694 0.0815908
0.695 0.0815058
0.696 0.0814208
0.697 0.0813358
0.698 0.0812508
0.699 0.0811657
0.7 0.0810807
0.701 0.0809957
0.702 0.0809106
0.703 0.0808256
0.704 0.0807405
0.705 0.0806554
0.706 0.0805703
0.707 0.0804852
0.708 0.0804
0.709 0.0803149
0.71 0.0802297
0.711 0.0801445
0.712 0.0800594
0.713 0.0799742
0.714 0.079889
0.715 0.0798038
0.716 0.0797186
0.717 0.0796334
0.718 0.0795482
0.719 0.0794629
0.72 0.0793777
0.721 0.0792924
0.722 0.0792071
0.723 0.0791218
0.724 0.0790365
0.725 0.0789512
0.726 0.0788659
0.727 0.0787806
0.728 0.0786953
0.729 0.07861
0.73 0.0785246
0.731 0.0784392
0.732 0.0783539
0.733 0.0782685
0.734 0.0781831
0.735 0.0780977
0.736 0.0780123
0.737 0.0779269
0.738 0.0778414
0.739 0.077756
0.74 0.0776706
0.741 0.0775851
0.742 0.0774997
0.743 0.0774142
0.744 0.0773287
0.745 0.0772432
0.746 0.0771577
0.747 0.0770722
0.748 0.0769867
0.749 0.0769011
0.75 0.0768156
0.751 0.0767301
0.752 0.0766445
0.753 0.076559
0.754 0.0764734
0.755 0.0763878
0.756 0.0763022
0.757 0.0762166
0.758 0.076131
0.759 0.0760454
0.76 0.0759598
0.761 0.0758741
0.762 0.0757885
0.763 0.0757029
0.764 0.0756172
0.765 0.0755315
0.766 0.0754459
0.767 0.0753602
0.768 0.0752745
0.769 0.0751888
0.77 0.0751031
0.771 0.0750174
0.772 0.0749317
0.773 0.0748459
0.774 0.0747602
0.775 0.0746744
0.776 0.0745887
0.777 0.0745029
0.778 0.0744172
0.779 0.0743314
0.78 0.0742456
0.781 0.0741598
0.782 0.074074
0.783 0.0739882
0.784 0.0739024
0.785 0.0738165
0.786 0.0737307
0.787 0.0736448
0.788 0.073559
0.789 0.0734731
0.79 0.0733873
0.791 0.0733014
0.792 0.0732155
0.793 0.0731297
0.794 0.0730438
0.795 0.0729578
0.796 0.0728719
0.797 0.072786
0.798 0.0727001
0.799 0.0726142
0.8 0.0725282
0.801 0.0724423
0.802 0.0723563
0.803 0.0722704
0.804 0.0721844
0.805 0.0720985
0.806 0.0720125
0.807 0.0719265
0.808 0.0718405
0.809 0.0717545
0.81 0.0716685
0.811 0.0715825
0.812 0.0714965
0.813 0.0714105
0.814 0.0713244
0.815 0.0712384
0.816 0.0711524
0.817 0.0710663
0.818 0.0709803
0.819 0.0708943
0.82 0.0708082
0.821 0.0707221
0.822 0.070636
0.823 0.07055
0.824 0.0704639
0.825 0.0703778
0.826 0.0702917
0.827 0.0702055
0.828 0.0701194
0.829 0.0700333
0.83 0.0699472
0.831 0.069861
0.832 0.0697749
0.833 0.0696887
0.834 0.0696026
0.835 0.0695164
0.836 0.0694303
0.837 0.0693441
0.838 0.0692579
0.839 0.0691717
0.84 0.0690855
0.841 0.0689993
0.842 0.0689131
0.843 0.0688269
0.844 0.0687407
0.845 0.0686545
0.846 0.0685683
0.847 0.0684821
0.848 0.0683958
0.849 0.0683096
0.85 0.0682234
0.851 0.0681371
0.852 0.0680509
0.853 0.0679646
0.854 0.0678783
0.855 0.067792
0.856 0.0677058
0.857 0.0676195
0.858 0.0675332
0.859 0.0674469
0.86 0.0673606
0.861 0.0672743
0.862 0.067188
0.863 0.0671017
0.864 0.0670154
0.865 0.066929
0.866 0.0668427
0.867 0.0667563
0.868 0.06667
0.869 0.0665837
0.87 0.0664973
0.871 0.066411
0.872 0.0663246
0.873 0.0662382
0.874 0.0661519
0.875 0.0660655
0.876 0.0659791
0.877 0.0658927
0.878 0.0658063
0.879 0.0657199
0.88 0.0656335
0.881 0.0655471
0.882 0.0654607
0.883 0.0653743
0.884 0.0652879
0.885 0.0652015
0.886 0.065115
0.887 0.0650286
0.888 0.0649422
0.889 0.0648557
0.89 0.0647693
0.891 0.0646828
0.892 0.0645963
0.893 0.0645099
0.894 0.0644234
0.895 0.064337
0.896 0.0642505
0.897 0.064164
0.898 0.0640775
0.899 0.063991
0.9 0.0639045
0.901 0.0638181
0.902 0.0637315
0.903 0.063645
0.904 0.0635585
0.905 0.063472
0.906 0.0633855
0.907 0.063299
0.908 0.0632124
0.909 0.0631259
0.91 0.0630394
0.911 0.0629528
0.912 0.0628663
0.913 0.0627797
0.914 0.0626932
0.915 0.0626066
0.916 0.0625201
0.917 0.0624335
0.918 0.0623469
0.919 0.0622604
0.92 0.0621738
0.921 0.0620872
0.922 0.0620006
0.923 0.061914
0.924 0.0618275
0.925 0.0617409
0.926 0.0616543
0.927 0.0615677
0.928 0.0614811
0.929 0.0613945
0.93 0.0613078
0.931 0.0612212
0.932 0.0611346
0.933 0.061048
0.934 0.0609613
0.935 0.0608747
0.936 0.0607881
0.937 0.0607014
0.938 0.0606148
0.939 0.0605282
0.94 0.0604415
0.941 0.0603549
0.942 0.0602682
0.943 0.0601815
0.944 0.0600948
0.945 0.0600082
0.946 0.0599215
0.947 0.0598348
0.948 0.0597481
0.949 0.0596614
0.95 0.0595748
0.951 0.0594881
0.952 0.0594014
0.953 0.0593147
0.954 0.059228
0.955 0.0591413
0.956 0.0590546
0.957 0.0589679
0.958 0.0588812
0.959 0.0587945
0.96 0.0587078
0.961 0.058621
0.962 0.0585343
0.963 0.0584475
0.964 0.0583608
0.965 0.0582741
0.966 0.0581873
0.967 0.0581006
0.968 0.0580138
0.969 0.0579271
0.97 0.0578403
0.971 0.0577536
0.972 0.0576668
0.973 0.0575801
0.974 0.0574933
0.975 0.0574065
0.976 0.0573198
0.977 0.057233
0.978 0.0571462
0.979 0.0570594
0.98 0.0569726
0.981 0.0568858
0.982 0.056799
0.983 0.0567122
0.984 0.0566255
0.985 0.0565387
0.986 0.0564519
0.987 0.0563651
0.988 0.0562783
0.989 0.0561915
0.99 0.0561047
0.991 0.0560179
0.992 0.055931
0.993 0.0558442
0.994 0.0557574
0.995 0.0556705
0.996 0.0555837
0.997 0.0554969
0.998 0.05541
0.999 0.0553232
1 0.0552364
1.001 0.0551495
1.002 0.0550627
1.003 0.0549758
1.004 0.054889
1.005 0.0548021
1.006 0.0547153
1.007 0.0546284
1.008 0.0545415
1.009 0.0544547
1.01 0.0543678
1.011 0.0542809
1.012 0.0541941
1.013 0.0541072
1.014 0.0540203
1.015 0.0539334
1.016 0.0538466
1.017 0.0537597
1.018 0.0536728
1.019 0.0535859
1.02 0.053499
1.021 0.0534121
1.022 0.0533252
1.023 0.0532383
1.024 0.0531515
1.025 0.0530645
1.026 0.0529776
1.027 0.0528907
1.028 0.0528038
1.029 0.0527169
1.03 0.05263
1.031 0.052543
1.032 0.0524561
1.033 0.0523692
1.034 0.0522823
1.035 0.0521954
1.036 0.0521085
1.037 0.0520215
1.038 0.0519346
1.039 0.0518477
1.04 0.0517607
1.041 0.0516738
1.042 0.0515868
1.043 0.0514999
1.044 0.0514129
1.045 0.051326
1.046 0.051239
1.047 0.0511521
1.048 0.0510652
1.049 0.0509782
1.05 0.0508913
1.051 0.0508043
1.052 0.0507174
1.053 0.0506304
1.054 0.0505435
1.055 0.0504565
1.056 0.0503695
1.057 0.0502825
1.058 0.0501955
1.059 0.0501086
1.06 0.0500216
1.061 0.0499346
1.062 0.0498476
1.063 0.0497607
1.064 0.0496737
1.065 0.0495867
1.066 0.0494997
1.067 0.0494127
1.068 0.0493258
1.069 0.0492388
1.07 0.0491518
1.071 0.0490647
1.072 0.0489777
1.073 0.0488908
1.074 0.0488038
1.075 0.0487168
1.076 0.0486298
1.077 0.0485428
1.078 0.0484557
1.079 0.0483688
1.08 0.0482818
1.081 0.0481947
1.082 0.0481077
1.083 0.0480207
1.084 0.0479337
1.085 0.0478467
1.086 0.0477596
1.087 0.0476726
1.088 0.0475856
1.089 0.0474986
1.09 0.0474115
1.091 0.0473245
1.092 0.0472375
1.093 0.0471505
1.094 0.0470634
1.095 0.0469764
1.096 0.0468893
1.097 0.0468023
1.098 0.0467153
1.099 0.0466282
1.1 0.0465412
1.101 0.0464542
1.102 0.0463671
1.103 0.0462801
1.104 0.046193
1.105 0.046106
1.106 0.046019
1.107 0.0459319
1.108 0.0458448
1.109 0.0457578
1.11 0.0456707
1.111 0.0455836
1.112 0.0454966
1.113 0.0454095
1.114 0.0453225
1.115 0.0452354
1.116 0.0451483
1.117 0.0450613
1.118 0.0449742
1.119 0.0448872
1.12 0.0448001
1.121 0.044713
1.122 0.0446259
1.123 0.0445389
1.124 0.0444518
1.125 0.0443647
1.126 0.0442777
1.127 0.0441906
1.128 0.0441035
1.129 0.0440164
1.13 0.0439294
1.131 0.0438423
1.132 0.0437552
1.133 0.0436681
1.134 0.043581
1.135 0.043494
1.136 0.0434069
1.137 0.0433198
1.138 0.0432327
1.139 0.0431457
1.14 0.0430586
1.141 0.0429715
1.142 0.0428844
1.143 0.0427973
1.144 0.0427102
1.145 0.0426231
1.146 0.042536
1.147 0.0424489
1.148 0.0423618
1.149 0.0422747
1.15 0.0421877
1.151 0.0421006
1.152 0.0420135
1.153 0.0419264
1.154 0.0418393
1.155 0.0417522
1.156 0.0416651
1.157 0.041578
1.158 0.0414909
1.159 0.0414038
1.16 0.0413167
1.161 0.0412296
1.162 0.0411425
1.163 0.0410554
1.164 0.0409683
1.165 0.0408812
1.166 0.0407941
1.167 0.040707
1.168 0.0406199
1.169 0.0405328
1.17 0.0404457
1.171 0.0403587
1.172 0.0402715
1.173 0.0401844
1.174 0.0400973
1.175 0.0400102
1.176 0.0399231
1.177 0.039836
1.178 0.0397489
1.179 0.0396618
1.18 0.0395747
1.181 0.0394876
1.182 0.0394005
1.183 0.0393134
1.184 0.0392263
1.185 0.0391392
1.186 0.0390521
1.187 0.038965
1.188 0.0388779
1.189 0.0387908
1.19 0.0387037
1.191 0.0386166
1.192 0.0385294
1.193 0.0384423
1.194 0.0383552
1.195 0.0382681
1.196 0.038181
1.197 0.0380939
1.198 0.0380068
1.199 0.0379197
1.2 0.0378326
1.201 0.0377455
1.202 0.0376584
1.203 0.0375713
1.204 0.0374842
1.205 0.0373971
1.206 0.03731
1.207 0.0372229
1.208 0.0371358
1.209 0.0370487
1.21 0.0369616
1.211 0.0368745
1.212 0.0367874
1.213 0.0367003
1.214 0.0366133
1.215 0.0365262
1.216 0.0364391
1.217 0.036352
1.218 0.0362649
1.219 0.0361778
1.22 0.0360908
1.221 0.0360037
1.222 0.0359166
1.223 0.0358295
1.224 0.0357424
1.225 0.0356553
1.226 0.0355682
1.227 0.0354812
1.228 0.0353941
1.229 0.035307
1.23 0.0352199
1.231 0.0351329
1.232 0.0350458
1.233 0.0349587
1.234 0.0348717
1.235 0.0347846
1.236 0.0346975
1.237 0.0346105
1.238 0.0345234
1.239 0.0344364
1.24 0.0343493
1.241 0.0342623
1.242 0.0341752
1.243 0.0340881
1.244 0.0340011
1.245 0.033914
1.246 0.033827
1.247 0.0337399
1.248 0.0336529
1.249 0.0335658
1.25 0.0334788
1.251 0.0333917
1.252 0.0333047
1.253 0.0332177
1.254 0.0331307
1.255 0.0330436
1.256 0.0329566
1.257 0.0328696
1.258 0.0327825
1.259 0.0326955
1.26 0.0326085
1.261 0.0325215
1.262 0.0324344
1.263 0.0323474
1.264 0.0322604
1.265 0.0321734
1.266 0.0320864
1.267 0.0319994
1.268 0.0319124
1.269 0.0318254
1.27 0.0317385
1.271 0.0316515
1.272 0.0315645
1.273 0.0314775
1.274 0.0313905
1.275 0.0313035
1.276 0.0312166
1.277 0.0311296
1.278 0.0310426
1.279 0.0309557
1.28 0.0308687
1.281 0.0307818
1.282 0.0306948
1.283 0.0306079
1.284 0.030521
1.285 0.030434
1.286 0.0303471
1.287 0.0302602
1.288 0.0301732
1.289 0.0300863
1.29 0.0299994
1.291 0.0299125
1.292 0.0298256
1.293 0.0297387
1.294 0.0296518
1.295 0.0295649
1.296 0.029478
1.297 0.0293911
1.298 0.0293043
1.299 0.0292174
1.3 0.0291305
1.301 0.0290436
1.302 0.0289568
1.303 0.02887
1.304 0.0287831
1.305 0.0286963
1.306 0.0286095
1.307 0.0285226
1.308 0.0284358
1.309 0.028349
1.31 0.0282622
1.311 0.0281754
1.312 0.0280886
1.313 0.0280018
1.314 0.027915
1.315 0.0278282
1.316 0.0277414
1.317 0.0276547
1.318 0.027568
1.319 0.0274812
1.32 0.0273945
1.321 0.0273077
1.322 0.027221
1.323 0.0271343
1.324 0.0270476
1.325 0.0269609
1.326 0.0268742
1.327 0.0267875
1.328 0.0267008
1.329 0.0266141
1.33 0.0265275
1.331 0.0264408
1.332 0.0263542
1.333 0.0262675
1.334 0.0261809
1.335 0.0260943
1.336 0.0260077
1.337 0.0259211
1.338 0.0258345
1.339 0.0257479
1.34 0.0256614
1.341 0.0255748
1.342 0.0254883
1.343 0.0254017
1.344 0.0253152
1.345 0.0252287
1.346 0.0251422
1.347 0.0250557
1.348 0.0249693
1.349 0.0248828
1.35 0.0247963
1.351 0.0247099
1.352 0.0246234
1.353 0.024537
1.354 0.0244506
1.355 0.0243642
1.356 0.0242778
1.357 0.0241915
1.358 0.0241051
1.359 0.0240188
1.36 0.0239325
1.361 0.0238462
1.362 0.0237599
1.363 0.0236736
1.364 0.0235873
1.365 0.023501
1.366 0.0234148
1.367 0.0233286
1.368 0.0232424
1.369 0.0231562
1.37 0.0230701
1.371 0.0229839
1.372 0.0228977
1.373 0.0228116
1.374 0.0227255
1.375 0.0226394
1.376 0.0225534
1.377 0.0224673
1.378 0.0223813
1.379 0.0222952
1.38 0.0222093
1.381 0.0221233
1.382 0.0220373
1.383 0.0219514
1.384 0.0218655
1.385 0.0217796
1.386 0.0216937
1.387 0.0216079
1.388 0.021522
1.389 0.0214362
1.39 0.0213504
1.391 0.0212646
1.392 0.0211789
1.393 0.0210932
1.394 0.0210075
1.395 0.0209219
1.396 0.0208363
1.397 0.0207506
1.398 0.020665
1.399 0.0205795
1.4 0.020494
1.401 0.0204085
1.402 0.020323
1.403 0.0202375
1.404 0.0201521
1.405 0.0200667
1.406 0.0199814
1.407 0.019896
1.408 0.0198108
1.409 0.0197255
1.41 0.0196403
1.411 0.0195551
1.412 0.0194699
1.413 0.0193848
1.414 0.0192997
1.415 0.0192146
1.416 0.0191296
1.417 0.0190446
1.418 0.0189596
1.419 0.0188747
1.42 0.0187899
1.421 0.018705
1.422 0.0186202
1.423 0.0185355
1.424 0.0184508
1.425 0.0183661
1.426 0.0182815
1.427 0.0181969
1.428 0.0181123
1.429 0.0180278
1.43 0.0179434
1.431 0.017859
1.432 0.0177747
1.433 0.0176904
1.434 0.0176061
1.435 0.0175219
1.436 0.0174378
1.437 0.0173537
1.438 0.0172696
1.439 0.0171857
1.44 0.0171017
1.441 0.0170179
1.442 0.016934
1.443 0.0168503
1.444 0.0167666
1.445 0.0166829
1.446 0.0165994
1.447 0.0165159
1.448 0.0164324
1.449 0.016349
1.45 0.0162657
1.451 0.0161825
1.452 0.0160994
1.453 0.0160163
1.454 0.0159332
1.455 0.0158503
1.456 0.0157674
1.457 0.0156846
1.458 0.0156019
1.459 0.0155192
1.46 0.0154367
1.461 0.0153543
1.462 0.0152719
1.463 0.0151895
1.464 0.0151073
1.465 0.0150253
1.466 0.0149432
1.467 0.0148613
1.468 0.0147795
1.469 0.0146977
1.47 0.0146161
1.471 0.0145346
1.472 0.0144532
1.473 0.0143719
1.474 0.0142907
1.475 0.0142096
1.476 0.0141286
1.477 0.0140478
1.478 0.0139671
1.479 0.0138865
1.48 0.013806
1.481 0.0137257
1.482 0.0136455
1.483 0.0135654
1.484 0.0134854
1.485 0.0134056
1.486 0.013326
1.487 0.0132465
1.488 0.0131671
1.489 0.0130879
1.49 0.0130089
1.491 0.01293
1.492 0.0128513
1.493 0.0127728
1.494 0.0126944
1.495 0.0126162
1.496 0.0125381
1.497 0.0124603
1.498 0.0123826
1.499 0.0123052
1.5 0.0122279
1.501 0.0121509
1.502 0.012074
1.503 0.0119974
1.504 0.011921
1.505 0.0118448
1.506 0.0117688
1.507 0.0116931
1.508 0.0116176
1.509 0.0115423
1.51 0.0114673
1.511 0.0113926
1.512 0.0113181
1.513 0.0112439
1.514 0.01117
1.515 0.0110963
1.516 0.011023
1.517 0.0109499
1.518 0.0108772
1.519 0.0108048
1.52 0.0107327
1.521 0.010661
1.522 0.0105896
1.523 0.0105186
1.524 0.0104478
1.525 0.0103775
1.526 0.0103076
1.527 0.010238
1.528 0.0101688
1.529 0.0101001
1.53 0.0100318
1.531 0.00996392
1.532 0.00989648
1.533 0.00982952
1.534 0.00976302
1.535 0.00969701
1.536 0.00963152
1.537 0.00956657
1.538 0.00950216
1.539 0.00943827
1.54 0.00937491
1.541 0.00931209
1.542 0.0092499
1.543 0.00918831
1.544 0.00912735
1.545 0.00906704
1.546 0.00900743
1.547 0.00894851
1.548 0.0088903
1.549 0.0088328
1.55 0.00877603
1.551 0.0087201
1.552 0.00866499
1.553 0.00861072
1.554 0.00855728
1.555 0.00850478
1.556 0.00845325
1.557 0.00840266
1.558 0.00835304
1.559 0.0083044
1.56 0.00825677
1.561 0.00821017
1.562 0.0081647
1.563 0.00812039
1.564 0.00807724
1.565 0.00803524
1.566 0.0079944
1.567 0.0079548
1.568 0.0079165
1.569 0.00787948
1.57 0.00784376
1.571 0.00780938
1.572 0.00777634
1.573 0.00774472
1.574 0.00771458
1.575 0.00768596
1.576 0.00765895
1.577 0.00763362
1.578 0.00761
1.579 0.00758813
1.58 0.00756803
1.581 0.00754972
1.582 0.00753317
1.583 0.00751834
1.584 0.00750519
1.585 0.00749364
1.586 0.00749809
1.587 0.00749943
1.588 0.00749983
1.589 0.00750023
1.59 0.00750201
1.591 0.00750461
1.592 0.00750743
1.593 0.00751034
1.594 0.00751349
1.595 0.00751696
1.596 0.00752071
1.597 0.00752468
1.598 0.00752884
1.599 0.00753316
1.6 0.00753763
1.601 0.00754223
1.602 0.00754693
1.603 0.0075517
1.604 0.00755654
1.605 0.00756141
1.606 0.0075663
1.607 0.00757119
1.608 0.00757606
1.609 0.00758089
1.61 0.00758568
1.611 0.0075904
1.612 0.00759504
1.613 0.00759959
1.614 0.00760403
1.615 0.00760834
1.616 0.00761253
1.617 0.00761658
1.618 0.00762049
1.619 0.00762425
1.62 0.00762785
1.621 0.00763128
1.622 0.00763456
1.623 0.00763765
1.624 0.00764057
1.625 0.00764332
1.626 0.00764589
1.627 0.0076483
1.628 0.00765054
1.629 0.00765263
1.63 0.00765457
1.631 0.00765637
1.632 0.00765803
1.633 0.00765957
1.634 0.00766099
1.635 0.00766229
1.636 0.00766348
1.637 0.00766457
1.638 0.00766556
1.639 0.00766646
1.64 0.00766727
1.641 0.007668
1.642 0.00766865
1.643 0.00766922
1.644 0.00766972
1.645 0.00767015
1.646 0.00767051
1.647 0.00767081
1.648 0.00767104
1.649 0.00767123
1.65 0.00767136
1.651 0.00767145
1.652 0.00767149
1.653 0.0076715
1.654 0.00767147
1.655 0.0076714
1.656 0.00767131
1.657 0.00767119
1.658 0.00767105
1.659 0.00767089
1.66 0.00767072
1.661 0.00767053
1.662 0.00767032
1.663 0.00767011
1.664 0.00766989
1.665 0.00766966
1.666 0.00766943
1.667 0.0076692
1.668 0.00766896
1.669 0.00766873
1.67 0.0076685
1.671 0.00766827
1.672 0.00766804
1.673 0.00766782
1.674 0.00766761
1.675 0.0076674
1.676 0.0076672
1.677 0.00766702
1.678 0.00766684
1.679 0.00766667
1.68 0.00766652
1.681 0.00766638
1.682 0.00766625
1.683 0.00766614
1.684 0.00766604
1.685 0.00766595
1.686 0.00766587
1.687 0.00766581
1.688 0.00766576
1.689 0.00766572
1.69 0.0076657
1.691 0.00766569
1.692 0.00766569
1.693 0.0076657
1.694 0.00766573
1.695 0.00766576
1.696 0.00766581
1.697 0.00766586
1.698 0.00766593
1.699 0.007666
1.7 0.00766608
1.701 0.00766618
1.702 0.00766628
1.703 0.00766638
1.704 0.0076665
1.705 0.00766662
1.706 0.00766675
1.707 0.00766688
1.708 0.00766702
1.709 0.00766717
1.71 0.00766732
1.711 0.00766747
1.712 0.00766763
1.713 0.00766779
1.714 0.00766796
1.715 0.00766812
1.716 0.00766829
1.717 0.00766846
1.718 0.00766862
1.719 0.00766878
1.72 0.00766894
1.721 0.0076691
1.722 0.00766925
1.723 0.0076694
1.724 0.00766954
1.725 0.00766968
1.726 0.00766981
1.727 0.00766995
1.728 0.00767008
1.729 0.0076702
1.73 0.00767032
1.731 0.00767044
1.732 0.00767055
1.733 0.00767067
1.734 0.00767077
1.735 0.00767088
1.736 0.00767098
1.737 0.00767108
1.738 0.00767117
1.739 0.00767126
1.74 0.00767135
1.741 0.00767144
1.742 0.00767153
1.743 0.00767161
1.744 0.00767169
1.745 0.00767177
1.746 0.00767184
1.747 0.00767192
1.748 0.00767199
1.749 0.00767206
1.75 0.00767213
1.751 0.0076722
1.752 0.00767226
1.753 0.00767233
1.754 0.00767239
1.755 0.00767245
1.756 0.00767251
1.757 0.00767257
1.758 0.00767263
1.759 0.00767269
1.76 0.00767274
1.761 0.0076728
1.762 0.00767285
1.763 0.00767291
1.764 0.00767296
1.765 0.00767301
1.766 0.00767307
1.767 0.00767312
1.768 0.00767317
1.769 0.00767322
1.77 0.00767327
1.771 0.00767332
1.772 0.00767337
1.773 0.00767342
1.774 0.00767347
1.775 0.00767352
1.776 0.00767356
1.777 0.00767361
1.778 0.00767366
1.779 0.00767371
1.78 0.00767375
1.781 0.0076738
1.782 0.00767384
1.783 0.00767388
1.784 0.00767391
1.785 0.00767394
1.786 0.00767397
1.787 0.00767398
1.788 0.00767399
1.789 0.007674
1.79 0.007674
1.791 0.00767399
1.792 0.00767397
1.793 0.00767395
1.794 0.00767393
1.795 0.00767389
1.796 0.00767385
1.797 0.00767381
1.798 0.00767376
1.799 0.0076737
1.8 0.00767364
1.801 0.00767357
1.802 0.0076735
1.803 0.00767343
1.804 0.00767336
1.805 0.00767329
1.806 0.00767322
1.807 0.00767315
1.808 0.00767308
1.809 0.00767301
1.81 0.00767294
1.811 0.00767288
1.812 0.00767282
1.813 0.00767276
1.814 0.0076727
1.815 0.00767264
1.816 0.00767259
1.817 0.00767254
1.818 0.00767249
1.819 0.00767244
1.82 0.0076724
1.821 0.00767236
1.822 0.00767233
1.823 0.00767229
1.824 0.00767226
1.825 0.00767224
1.826 0.00767221
1.827 0.00767219
1.828 0.00767217
1.829 0.00767216
1.83 0.00767215
1.831 0.00767214
1.832 0.00767213
1.833 0.00767213
1.834 0.00767213
1.835 0.00767213
1.836 0.00767213
1.837 0.00767214
1.838 0.00767214
1.839 0.00767215
1.84 0.00767217
1.841 0.00767218
1.842 0.0076722
1.843 0.00767222
1.844 0.00767224
1.845 0.00767226
1.846 0.00767228
1.847 0.00767231
1.848 0.00767233
1.849 0.00767236
1.85 0.00767239
1.851 0.00767242
1.852 0.00767245
1.853 0.00767248
1.854 0.00767251
1.855 0.00767255
1.856 0.00767258
1.857 0.00767261
1.858 0.00767265
1.859 0.00767269
1.86 0.00767272
1.861 0.00767276
1.862 0.0076728
1.863 0.00767283
1.864 0.00767287
1.865 0.00767291
1.866 0.00767295
1.867 0.00767299
1.868 0.00767303
1.869 0.00767306
1.87 0.0076731
1.871 0.00767314
1.872 0.00767318
1.873 0.00767322
1.874 0.00767326
1.875 0.00767329
1.876 0.00767333
1.877 0.00767337
1.878 0.00767341
1.879 0.00767344
1.88 0.00767348
1.881 0.00767352
1.882 0.00767355
1.883 0.00767359
1.884 0.00767363
1.885 0.00767366
1.886 0.0076737
1.887 0.00767373
1.888 0.00767376
1.889 0.0076738
1.89 0.00767382
1.891 0.00767385
1.892 0.00767387
1.893 0.00767388
1.894 0.00767389
1.895 0.0076739
1.896 0.0076739
1.897 0.00767389
1.898 0.00767388
1.899 0.00767386
1.9 0.00767384
1.901 0.00767382
1.902 0.00767379
1.903 0.00767375
1.904 0.00767371
1.905 0.00767366
1.906 0.00767361
1.907 0.00767356
1.908 0.00767351
1.909 0.00767346
1.91 0.0076734
1.911 0.00767335
1.912 0.00767329
1.913 0.00767324
1.914 0.00767318
1.915 0.00767313
1.916 0.00767308
1.917 0.00767303
1.918 0.00767298
1.919 0.00767293
1.92 0.00767288
1.921 0.00767284
1.922 0.00767279
1.923 0.00767275
1.924 0.00767271
1.925 0.00767268
1.926 0.00767264
1.927 0.00767261
1.928 0.00767258
1.929 0.00767255
1.93 0.00767252
1.931 0.0076725
1.932 0.00767248
1.933 0.00767246
1.934 0.00767244
1.935 0.00767243
1.936 0.00767241
1.937 0.0076724
1.938 0.00767239
1.939 0.00767238
1.94 0.00767238
1.941 0.00767238
1.942 0.00767237
1.943 0.00767237
1.944 0.00767238
1.945 0.00767238
1.946 0.00767238
1.947 0.00767239
1.948 0.0076724
1.949 0.00767241
1.95 0.00767242
1.951 0.00767243
1.952 0.00767244
1.953 0.00767246
1.954 0.00767247
1.955 0.00767249
1.956 0.00767251
1.957 0.00767252
1.958 0.00767254
1.959 0.00767256
1.96 0.00767258
1.961 0.0076726
1.962 0.00767262
1.963 0.00767265
1.964 0.00767267
1.965 0.00767269
1.966 0.00767272
1.967 0.00767274
1.968 0.00767276
1.969 0.00767279
1.97 0.00767281
1.971 0.00767284
1.972 0.00767286
1.973 0.00767289
1.974 0.00767291
1.975 0.00767294
1.976 0.00767296
1.977 0.00767299
1.978 0.00767302
1.979 0.00767304
1.98 0.00767307
1.981 0.00767309
1.982 0.00767312
1.983 0.00767314
1.984 0.00767317
1.985 0.00767319
1.986 0.00767322
1.987 0.00767324
1.988 0.00767327
1.989 0.00767329
1.99 0.00767332
1.991 0.00767334
1.992 0.00767337
1.993 0.00767339
1.994 0.00767341
1.995 0.00767344
1.996 0.00767346
1.997 0.00767348
1.998 0.00767351
1.999 0.00767353
2 0.00767355
2.001 0.00767357
2.002 0.0076736
2.003 0.00767362
2.004 0.00767364
2.005 0.00767366
2.006 0.00767368
2.007 0.0076737
2.008 0.00767372
2.009 0.00767374
2.01 0.00767376
2.011 0.00767378
2.012 0.00767379
2.013 0.0076738
2.014 0.0076738
2.015 0.0076738
2.016 0.0076738
2.017 0.00767379
2.018 0.00767378
2.019 0.00767377
2.02 0.00767375
2.021 0.00767373
2.022 0.0076737
2.023 0.00767367
2.024 0.00767363
2.025 0.0076736
2.026 0.00767356
2.027 0.00767352
2.028 0.00767348
2.029 0.00767344
2.03 0.0076734
2.031 0.00767336
2.032 0.00767332
2.033 0.00767328
2.034 0.00767325
2.035 0.00767321
2.036 0.00767317
2.037 0.00767314
2.038 0.0076731
2.039 0.00767307
2.04 0.00767303
2.041 0.007673
2.042 0.00767297
2.043 0.00767295
2.044 0.00767292
2.045 0.00767289
2.046 0.00767287
2.047 0.00767285
2.048 0.00767283
2.049 0.00767281
2.05 0.00767279
2.051 0.00767278
2.052 0.00767276
2.053 0.00767275
2.054 0.00767274
2.055 0.00767273
2.056 0.00767272
2.057 0.00767271
2.058 0.00767271
2.059 0.0076727
2.06 0.0076727
2.061 0.0076727
2.062 0.0076727
2.063 0.0076727
2.064 0.0076727
2.065 0.00767271
2.066 0.00767271
2.067 0.00767272
2.068 0.00767272
2.069 0.00767273
2.07 0.00767274
2.071 0.00767275
2.072 0.00767276
2.073 0.00767277
2.074 0.00767278
2.075 0.00767279
2.076 0.0076728
2.077 0.00767282
2.078 0.00767283
2.079 0.00767285
2.08 0.00767286
2.081 0.00767288
2.082 0.00767289
2.083 0.00767291
2.084 0.00767292
2.085 0.00767294
2.086 0.00767296
2.087 0.00767297
2.088 0.00767299
2.089 0.00767301
2.09 0.00767303
2.091 0.00767305
2.092 0.00767306
2.093 0.00767308
2.094 0.0076731
2.095 0.00767312
2.096 0.00767314
2.097 0.00767315
2.098 0.00767317
2.099 0.00767319
2.1 0.00767321
2.101 0.00767323
2.102 0.00767325
2.103 0.00767326
2.104 0.00767328
2.105 0.0076733
2.106 0.00767332
2.107 0.00767334
2.108 0.00767335
2.109 0.00767337
2.11 0.00767339
2.111 0.00767341
2.112 0.00767342
2.113 0.00767344
2.114 0.00767346
2.115 0.00767347
2.116 0.00767349
2.117 0.00767351
2.118 0.00767352
2.119 0.00767354
2.12 0.00767356
2.121 0.00767357
2.122 0.00767359
2.123 0.0076736
2.124 0.00767362
2.125 0.00767363
2.126 0.00767365
2.127 0.00767366
2.128 0.00767368
2.129 0.00767369
2.13 0.00767371
2.131 0.00767372
2.132 0.00767374
2.133 0.00767375
2.134 0.00767376
2.135 0.00767377
2.136 0.00767377
2.137 0.00767377
2.138 0.00767377
2.139 0.00767377
2.14 0.00767376
2.141 0.00767374
2.142 0.00767373
2.143 0.00767371
2.144 0.00767369
2.145 0.00767366
2.146 0.00767364
2.147 0.00767361
2.148 0.00767358
2.149 0.00767355
2.15 0.00767352
2.151 0.00767349
2.152 0.00767346
2.153 0.00767343
2.154 0.0076734
2.155 0.00767337
2.156 0.00767334
2.157 0.00767331
2.158 0.00767328
2.159 0.00767326
2.16 0.00767323
2.161 0.00767321
2.162 0.00767318
2.163 0.00767316
2.164 0.00767314
2.165 0.00767311
2.166 0.00767309
2.167 0.00767308
2.168 0.00767306
2.169 0.00767304
2.17 0.00767303
2.171 0.00767301
2.172 0.007673
2.173 0.00767299
2.174 0.00767298
2.175 0.00767297
2.176 0.00767296
2.177 0.00767295
2.178 0.00767294
2.179 0.00767294
2.18 0.00767294
2.181 0.00767293
2.182 0.00767293
2.183 0.00767293
2.184 0.00767293
2.185 0.00767293
2.186 0.00767293
2.187 0.00767293
2.188 0.00767294
2.189 0.00767294
2.19 0.00767295
2.191 0.00767295
2.192 0.00767296
2.193 0.00767296
2.194 0.00767297
2.195 0.00767298
2.196 0.00767299
2.197 0.007673
2.198 0.00767301
2.199 0.00767302
2.2 0.00767303
2.201 0.00767304
2.202 0.00767305
2.203 0.00767306
2.204 0.00767307
2.205 0.00767308
2.206 0.0076731
2.207 0.00767311
2.208 0.00767312
2.209 0.00767313
2.21 0.00767315
2.211 0.00767316
2.212 0.00767317
2.213 0.00767319
2.214 0.0076732
2.215 0.00767321
2.216 0.00767323
2.217 0.00767324
2.218 0.00767325
2.219 0.00767327
2.22 0.00767328
2.221 0.00767329
2.222 0.00767331
2.223 0.00767332
2.224 0.00767333
2.225 0.00767335
2.226 0.00767336
2.227 0.00767338
2.228 0.00767339
2.229 0.0076734
2.23 0.00767341
2.231 0.00767343
2.232 0.00767344
2.233 0.00767345
2.234 0.00767347
2.235 0.00767348
2.236 0.00767349
2.237 0.0076735
2.238 0.00767352
2.239 0.00767353
2.24 0.00767354
2.241 0.00767355
2.242 0.00767356
2.243 0.00767358
2.244 0.00767359
2.245 0.0076736
2.246 0.00767361
2.247 0.00767362
2.248 0.00767363
2.249 0.00767365
2.25 0.00767366
2.251 0.00767367
2.252 0.00767368
2.253 0.00767369
2.254 0.0076737
2.255 0.00767371
2.256 0.00767372
2.257 0.00767373
2.258 0.00767374
2.259 0.00767375
2.26 0.00767375
2.261 0.00767375
2.262 0.00767375
2.263 0.00767375
2.264 0.00767374
2.265 0.00767373
2.266 0.00767372
2.267 0.0076737
2.268 0.00767368
2.269 0.00767366
2.27 0.00767364
2.271 0.00767362
2.272 0.00767359
2.273 0.00767357
2.274 0.00767354
2.275 0.00767352
2.276 0.00767349
2.277 0.00767347
2.278 0.00767344
2.279 0.00767342
2.28 0.00767339
2.281 0.00767337
2.282 0.00767334
2.283 0.00767332
2.284 0.0076733
2.285 0.00767327
2.286 0.00767325
2.287 0.00767323
2.288 0.00767321
2.289 0.00767319
2.29 0.00767318
2.291 0.00767316
2.292 0.00767314
2.293 0.00767313
2.294 0.00767311
2.295 0.0076731
2.296 0.00767309
2.297 0.00767308
2.298 0.00767307
2.299 0.00767306
2.3 0.00767305
2.301 0.00767304
2.302 0.00767304
2.303 0.00767303
2.304 0.00767303
2.305 0.00767302
2.306 0.00767302
2.307 0.00767302
2.308 0.00767302
2.309 0.00767302
2.31 0.00767302
2.311 0.00767302
2.312 0.00767302
2.313 0.00767302
2.314 0.00767302
2.315 0.00767303
2.316 0.00767303
2.317 0.00767304
2.318 0.00767304
2.319 0.00767305
2.32 0.00767305
2.321 0.00767306
2.322 0.00767307
2.323 0.00767307
2.324 0.00767308
2.325 0.00767309
2.326 0.0076731
2.327 0.0076731
2.328 0.00767311
2.329 0.00767312
2.33 0.00767313
2.331 0.00767314
2.332 0.00767315
2.333 0.00767316
2.334 0.00767317
2.335 0.00767318
2.336 0.00767319
2.337 0.0076732
2.338 0.00767321
2.339 0.00767322
2.34 0.00767323
2.341 0.00767324
2.342 0.00767325
2.343 0.00767326
2.344 0.00767327
2.345 0.00767328
2.346 0.00767329
2.347 0.0076733
2.348 0.00767331
2.349 0.00767332
2.35 0.00767333
2.351 0.00767334
2.352 0.00767335
2.353 0.00767336
2.354 0.00767337
2.355 0.00767338
2.356 0.00767339
2.357 0.0076734
2.358 0.00767341
2.359 0.00767342
2.36 0.00767343
2.361 0.00767344
2.362 0.00767345
2.363 0.00767346
2.364 0.00767347
2.365 0.00767348
2.366 0.00767349
2.367 0.0076735
2.368 0.0076735
2.369 0.00767351
2.37 0.00767352
2.371 0.00767353
2.372 0.00767354
2.373 0.00767355
2.374 0.00767356
2.375 0.00767356
2.376 0.00767357
2.377 0.00767358
2.378 0.00767359
2.379 0.0076736
2.38 0.0076736
2.381 0.00767361
2.382 0.00767362
2.383 0.00767363
2.384 0.00767363
2.385 0.00767364
2.386 0.00767365
2.387 0.00767366
2.388 0.00767366
2.389 0.00767367
2.39 0.00767368
2.391 0.00767369
2.392 0.00767369
2.393 0.0076737
2.394 0.00767371
2.395 0.00767372
2.396 0.00767372
2.397 0.00767373
2.398 0.00767373
2.399 0.00767374
2.4 0.00767374
2.401 0.00767374
2.402 0.00767374
2.403 0.00767373
2.404 0.00767372
2.405 0.00767371
2.406 0.0076737
2.407 0.00767368
2.408 0.00767367
2.409 0.00767365
2.41 0.00767363
2.411 0.00767361
2.412 0.00767359
2.413 0.00767357
2.414 0.00767355
2.415 0.00767353
2.416 0.00767351
2.417 0.00767349
2.418 0.00767347
2.419 0.00767346
2.42 0.00767344
2.421 0.00767342
2.422 0.0076734
2.423 0.00767338
2.424 0.00767337
2.425 0.00767335
2.426 0.00767334
2.427 0.00767332
2.428 0.00767331
2.429 0.00767329
2.43 0.00767328
2.431 0.00767327
2.432 0.00767326
2.433 0.00767325
2.434 0.00767324
2.435 0.00767323
2.436 0.00767322
2.437 0.00767321
2.438 0.0076732
2.439 0.0076732
2.44 0.00767319
2.441 0.00767319
2.442 0.00767318
2.443 0.00767318
2.444 0.00767318
2.445 0.00767317
2.446 0.00767317
2.447 0.00767317
2.448 0.00767317
2.449 0.00767317
2.45 0.00767317
2.451 0.00767317
2.452 0.00767317
2.453 0.00767317
2.454 0.00767318
2.455 0.00767318
2.456 0.00767318
2.457 0.00767319
2.458 0.00767319
2.459 0.00767319
2.46 0.0076732
2.461 0.0076732
2.462 0.00767321
2.463 0.00767321
2.464 0.00767322
2.465 0.00767322
2.466 0.00767323
2.467 0.00767324
2.468 0.00767324
2.469 0.00767325
2.47 0.00767326
2.471 0.00767326
2.472 0.00767327
2.473 0.00767328
2.474 0.00767328
2.475 0.00767329
2.476 0.0076733
2.477 0.00767331
2.478 0.00767331
2.479 0.00767332
2.48 0.00767333
2.481 0.00767334
2.482 0.00767334
2.483 0.00767335
2.484 0.00767336
2.485 0.00767337
2.486 0.00767337
2.487 0.00767338
2.488 0.00767339
2.489 0.00767339
2.49 0.0076734
2.491 0.00767341
2.492 0.00767342
2.493 0.00767342
2.494 0.00767343
2.495 0.00767344
2.496 0.00767344
2.497 0.00767345
2.498 0.00767346
2.499 0.00767347
2.5 0.00767347
2.501 0.00767348
2.502 0.00767349
2.503 0.00767349
2.504 0.0076735
2.505 0.0076735
2.506 0.00767351
2.507 0.00767352
2.508 0.00767352
2.509 0.00767353
2.51 0.00767354
2.511 0.00767354
2.512 0.00767355
2.513 0.00767355
2.514 0.00767356
2.515 0.00767357
2.516 0.00767357
2.517 0.00767358
2.518 0.00767358
2.519 0.00767359
2.52 0.00767359
2.521 0.0076736
2.522 0.0076736
2.523 0.00767361
2.524 0.00767362
2.525 0.00767362
2.526 0.00767363
2.527 0.00767363
2.528 0.00767364
2.529 0.00767364
2.53 0.00767365
2.531 0.00767365
2.532 0.00767366
2.533 0.00767366
2.534 0.00767367
2.535 0.00767367
2.536 0.00767368
2.537 0.00767368
2.538 0.00767369
2.539 0.00767369
2.54 0.0076737
2.541 0.0076737
2.542 0.00767371
2.543 0.00767371
2.544 0.00767372
2.545 0.00767372
2.546 0.00767372
2.547 0.00767373
2.548 0.00767373
2.549 0.00767373
2.55 0.00767373
2.551 0.00767372
2.552 0.00767372
2.553 0.00767371
2.554 0.0076737
2.555 0.00767368
2.556 0.00767367
2.557 0.00767366
2.558 0.00767365
2.559 0.00767363
2.56 0.00767362
2.561 0.0076736
2.562 0.00767359
2.563 0.00767357
2.564 0.00767356
2.565 0.00767354
2.566 0.00767353
2.567 0.00767351
2.568 0.0076735
2.569 0.00767349
2.57 0.00767347
2.571 0.00767346
2.572 0.00767345
2.573 0.00767344
2.574 0.00767343
2.575 0.00767341
2.576 0.0076734
2.577 0.00767339
2.578 0.00767338
2.579 0.00767337
2.58 0.00767337
2.581 0.00767336
2.582 0.00767335
2.583 0.00767334
2.584 0.00767334
2.585 0.00767333
2.586 0.00767333
2.587 0.00767332
2.588 0.00767332
2.589 0.00767331
2.59 0.00767331
2.591 0.00767331
2.592 0.0076733
2.593 0.0076733
2.594 0.0076733
2.595 0.0076733
2.596 0.0076733
2.597 0.0076733
2.598 0.0076733
2.599 0.0076733
