0 -0.00135722
0.001 -0.00215633
0.002 -0.0027767
0.003 -0.0034331
0.004 -0.00411988
0.005 -0.00478139
0.006 -0.00540181
0.007 -0.00599278
0.008 -0.00656514
0.009 -0.00712157
0.01 -0.00766014
0.011 -0.00818404
0.012 -0.00869269
0.013 -0.00918379
0.014 -0.00965152
0.015 -0.0101155
0.016 -0.0105713
0.017 -0.0110079
0.018 -0.011445
0.019 -0.0118719
0.02 -0.0122888
0.021 -0.0126969
0.022 -0.0130979
0.023 -0.0134896
0.024 -0.0138737
0.025 -0.0142583
0.026 -0.0146331
0.027 -0.0150186
0.028 -0.0153891
0.029 -0.0157464
0.03 -0.0161054
0.031 -0.0164516
0.032 -0.0167892
0.033 -0.0171149
0.034 -0.0174354
0.035 -0.0177469
0.036 -0.0180665
0.037 -0.0183793
0.038 -0.0186853
0.039 -0.01898
0.04 -0.0192903
0.041 -0.0195901
0.042 -0.0199181
0.043 -0.020215
0.044 -0.0205019
0.045 -0.020784
0.046 -0.0210626
0.047 -0.0213378
0.048 -0.0216419
0.049 -0.0219087
0.05 -0.0221716
0.051 -0.0224341
0.052 -0.0226747
0.053 -0.0229183
0.054 -0.0231642
0.055 -0.0233932
0.056 -0.0236191
0.057 -0.0238541
0.058 -0.0240867
0.059 -0.0243204
0.06 -0.0245683
0.061 -0.0248113
0.062 -0.0250419
0.063 -0.0252912
0.064 -0.0255252
0.065 -0.025749
0.066 -0.0259852
0.067 -0.0261828
0.068 -0.0263949
0.069 -0.0266042
0.07 -0.0268085
0.071 -0.0270027
0.072 -0.0271857
0.073 -0.0273637
0.074 -0.0275495
0.075 -0.0277346
0.076 -0.0279243
0.077 -0.0281279
0.078 -0.0283174
0.079 -0.0285013
0.08 -0.0286894
0.081 -0.0288455
0.082 -0.0290089
0.083 -0.0291828
0.084 -0.0293561
0.085 -0.0295337
0.086 -0.0297398
0.087 -0.029935
0.088 -0.0301154
0.089 -0.0302846
0.09 -0.0304874
0.091 -0.0306842
0.092 -0.0308665
0.093 -0.0310279
0.094 -0.0311798
0.095 -0.0313324
0.096 -0.0314612
0.097 -0.0316169
0.098 -0.0317642
0.099 -0.0319446
0.1 -0.0321183
0.101 -0.0322858
0.102 -0.0324647
0.103 -0.0326243
0.104 -0.0327723
0.105 -0.0329044
0.106 -0.0330388
0.107 -0.0331726
0.108 -0.033271
0.109 -0.0333776
0.11 -0.0335141
0.111 -0.0336449
0.112 -0.0337793
0.113 -0.0339391
0.114 -0.0340853
0.115 -0.0342263
0.116 -0.0343517
0.117 -0.0344796
0.118 -0.0346132
0.119 -0.034728
0.12 -0.0349072
0.121 -0.0350712
0.122 -0.0352131
0.123 -0.0353361
0.124 -0.0355121
0.125 -0.0356503
0.126 -0.0357594
0.127 -0.0358734
0.128 -0.0359908
0.129 -0.0360886
0.13 -0.0362064
0.131 -0.036326
0.132 -0.0364762
0.133 -0.0366062
0.134 -0.0367541
0.135 -0.0368843
0.136 -0.0370138
0.137 -0.0371272
0.138 -0.0372414
0.139 -0.0373555
0.14 -0.037439
0.141 -0.0375232
0.142 -0.0376219
0.143 -0.0377243
0.144 -0.0378473
0.145 -0.0379513
0.146 -0.0380605
0.147 -0.0381357
0.148 -0.0382254
0.149 -0.0383234
0.15 -0.0384296
0.151 -0.0385714
0.152 -0.0386941
0.153 -0.0387971
0.154 -0.0389534
0.155 -0.0390786
0.156 -0.0391765
0.157 -0.0392641
0.158 -0.0393248
0.159 -0.0394172
0.16 -0.0395048
0.161 -0.0396306
0.162 -0.039754
0.163 -0.039883
0.164 -0.0399887
0.165 -0.0400525
0.166 -0.0401428
0.167 -0.0402317
0.168 -0.0403022
0.169 -0.0403393
0.17 -0.0404161
0.171 -0.0404915
0.172 -0.0406107
0.173 -0.0407091
0.174 -0.0408022
0.175 -0.0408791
0.176 -0.0409612
0.177 -0.0410492
0.178 -0.0411501
0.179 -0.0412826
0.18 -0.0413886
0.181 -0.0414728
0.182 -0.0415883
0.183 -0.0416904
0.184 -0.041754
0.185 -0.0418215
0.186 -0.0418796
0.187 -0.0419568
0.188 -0.0420624
0.189 -0.0421655
0.19 -0.0422812
0.191 -0.042374
0.192 -0.0424472
0.193 -0.0425328
0.194 -0.0426144
0.195 -0.0426618
0.196 -0.0427109
0.197 -0.0427753
0.198 -0.0428445
0.199 -0.0429393
0.2 -0.043011
0.201 -0.0430555
0.202 -0.0431126
0.203 -0.0431817
0.204 -0.0432609
0.205 -0.0433728
0.206 -0.0434655
0.207 -0.0435512
0.208 -0.0436615
0.209 -0.0437579
0.21 -0.0438209
0.211 -0.0438714
0.212 -0.0439081
0.213 -0.043969
0.214 -0.0440712
0.215 -0.04417
0.216 -0.0442728
0.217 -0.0443648
0.218 -0.0443938
0.219 -0.0444504
0.22 -0.0445129
0.221 -0.0445205
0.222 -0.0445616
0.223 -0.044608
0.224 -0.044703
0.225 -0.0447771
0.226 -0.0448457
0.227 -0.0448883
0.228 -0.0449522
0.229 -0.0450325
0.23 -0.0451398
0.231 -0.0452246
0.232 -0.0453005
0.233 -0.0453851
0.234 -0.0454623
0.235 -0.0455033
0.236 -0.0455372
0.237 -0.0455846
0.238 -0.0456448
0.239 -0.0457387
0.24 -0.0458146
0.241 -0.0459052
0.242 -0.045995
0.243 -0.0460448
0.244 -0.0460998
0.245 -0.046125
0.246 -0.0461534
0.247 -0.0461979
0.248 -0.0462479
0.249 -0.0463166
0.25 -0.0463748
0.251 -0.0463974
0.252 -0.0464372
0.253 -0.0464751
0.254 -0.0465813
0.255 -0.0466636
0.256 -0.0467196
0.257 -0.046827
0.258 -0.046906
0.259 -0.0469494
0.26 -0.0469814
0.261 -0.0470105
0.262 -0.0470567
0.263 -0.0471483
0.264 -0.0472258
0.265 -0.0473081
0.266 -0.0473601
0.267 -0.0473924
0.268 -0.047427
0.269 -0.047421
0.27 -0.0474441
0.271 -0.0474761
0.272 -0.0475528
0.273 -0.0476105
0.274 -0.0476643
0.275 -0.0476913
0.276 -0.0477404
0.277 -0.0478064
0.278 -0.0479023
0.279 -0.0479719
0.28 -0.0480574
0.281 -0.0481129
0.282 -0.0481419
0.283 -0.0481788
0.284 -0.0481955
0.285 -0.0482362
0.286 -0.0483101
0.287 -0.0483854
0.288 -0.0484655
0.289 -0.0485406
0.29 -0.0485753
0.291 -0.0486175
0.292 -0.04863
0.293 -0.0486449
0.294 -0.0486685
0.295 -0.0487302
0.296 -0.0487744
0.297 -0.0488196
0.298 -0.0488237
0.299 -0.0488557
0.3 -0.0489028
0.301 -0.0489872
0.302 -0.0490488
0.303 -0.0491416
0.304 -0.0492064
0.305 -0.0492377
0.306 -0.0492612
0.307 -0.0492679
0.308 -0.0493007
0.309 -0.0493874
0.31 -0.0494565
0.311 -0.0495286
0.312 -0.0495364
0.313 -0.0495719
0.314 -0.0496051
0.315 -0.0495841
0.316 -0.0495991
0.317 -0.0496299
0.318 -0.049697
0.319 -0.0497462
0.32 -0.0497716
0.321 -0.0498019
0.322 -0.049823
0.323 -0.0499328
0.324 -0.0499971
0.325 -0.0500455
0.326 -0.0501029
0.327 -0.0501336
0.328 -0.0501631
0.329 -0.0501675
0.33 -0.0501997
0.331 -0.0502655
0.332 -0.0503335
0.333 -0.0504069
0.334 -0.050472
0.335 -0.0504944
0.336 -0.0505281
0.337 -0.0505338
0.338 -0.0505408
0.339 -0.0505456
0.34 -0.0506057
0.341 -0.050642
0.342 -0.050643
0.343 -0.0506632
0.344 -0.0506838
0.345 -0.0507625
0.346 -0.0508233
0.347 -0.0508731
0.348 -0.0509444
0.349 -0.0509864
0.35 -0.0510128
0.351 -0.0509967
0.352 -0.0510187
0.353 -0.0510887
0.354 -0.0511595
0.355 -0.0512282
0.356 -0.0512614
0.357 -0.0512735
0.358 -0.0512906
0.359 -0.0512662
0.36 -0.0512689
0.361 -0.0512893
0.362 -0.0513477
0.363 -0.0513883
0.364 -0.051406
0.365 -0.051429
0.366 -0.0514758
0.367 -0.0515534
0.368 -0.0516068
0.369 -0.0516576
0.37 -0.0517042
0.371 -0.0517146
0.372 -0.0517346
0.373 -0.0517409
0.374 -0.0517711
0.375 -0.0518368
0.376 -0.051914
0.377 -0.0519654
0.378 -0.0519727
0.379 -0.052008
0.38 -0.05203
0.381 -0.0520197
0.382 -0.0520293
0.383 -0.0520687
0.384 -0.0520949
0.385 -0.0520924
0.386 -0.0521038
0.387 -0.0521258
0.388 -0.0521831
0.389 -0.0522408
0.39 -0.052284
0.391 -0.0523491
0.392 -0.0523876
0.393 -0.0524064
0.394 -0.0523828
0.395 -0.0523984
0.396 -0.0524683
0.397 -0.0525286
0.398 -0.0525904
0.399 -0.0525838
0.4 -0.0526057
0.401 -0.0526214
0.402 -0.0525761
0.403 -0.0525836
0.404 -0.0526057
0.405 -0.0526574
0.406 -0.0526934
0.407 -0.052696
0.408 -0.0527214
0.409 -0.0527644
0.41 -0.0528391
0.411 -0.0528709
0.412 -0.0529216
0.413 -0.0529684
0.414 -0.0529714
0.415 -0.0529622
0.416 -0.0529789
0.417 -0.0530325
0.418 -0.0530904
0.419 -0.0531502
0.42 -0.0531661
0.421 -0.0531923
0.422 -0.0532267
0.423 -0.0531823
0.424 -0.0531937
0.425 -0.0532132
0.426 -0.0532513
0.427 -0.05328
0.428 -0.0532647
0.429 -0.0532725
0.43 -0.0533253
0.431 -0.0533795
0.432 -0.0534084
0.433 -0.0534739
0.434 -0.0535095
0.435 -0.053524
0.436 -0.0534939
0.437 -0.0535044
0.438 -0.0535749
0.439 -0.0536275
0.44 -0.0536776
0.441 -0.0536746
0.442 -0.0536868
0.443 -0.0536835
0.444 -0.0536541
0.445 -0.0536519
0.446 -0.053698
0.447 -0.0537256
0.448 -0.0537361
0.449 -0.0537475
0.45 -0.0537524
0.451 -0.0538422
0.452 -0.0538898
0.453 -0.0539294
0.454 -0.0539651
0.455 -0.053972
0.456 -0.0539798
0.457 -0.0539779
0.458 -0.0539972
0.459 -0.0540526
0.46 -0.0541211
0.461 -0.0541713
0.462 -0.0541741
0.463 -0.0541915
0.464 -0.0541789
0.465 -0.0541688
0.466 -0.0541711
0.467 -0.0542098
0.468 -0.0542286
0.469 -0.054204
0.47 -0.0542114
0.471 -0.0542361
0.472 -0.0542953
0.473 -0.0543345
0.474 -0.0544038
0.475 -0.0544448
0.476 -0.0544427
0.477 -0.054414
0.478 -0.0544147
0.479 -0.0544695
0.48 -0.0545247
0.481 -0.0545793
0.482 -0.0545744
0.483 -0.054577
0.484 -0.0545674
0.485 -0.0545338
0.486 -0.054529
0.487 -0.0545703
0.488 -0.0545935
0.489 -0.0546
0.49 -0.0546076
0.491 -0.0546065
0.492 -0.054686
0.493 -0.054736
0.494 -0.0547737
0.495 -0.0548056
0.496 -0.0548026
0.497 -0.0548062
0.498 -0.0548043
0.499 -0.0548219
0.5 -0.0548787
0.501 -0.0549401
0.502 -0.0549866
0.503 -0.0549869
0.504 -0.055
0.505 -0.0549714
0.506 -0.0549643
0.507 -0.0549673
0.508 -0.054997
0.509 -0.0550177
0.51 -0.0549935
0.511 -0.054994
0.512 -0.0550383
0.513 -0.0550847
0.514 -0.0551134
0.515 -0.0551697
0.516 -0.0551929
0.517 -0.0551839
0.518 -0.0551613
0.519 -0.0551745
0.52 -0.0552325
0.521 -0.0552976
0.522 -0.0553415
0.523 -0.0553193
0.524 -0.055312
0.525 -0.0552676
0.526 -0.0552528
0.527 -0.0552558
0.528 -0.0552943
0.529 -0.0553178
0.53 -0.0553076
0.531 -0.0553206
0.532 -0.0553771
0.533 -0.0554257
0.534 -0.0554526
0.535 -0.0554843
0.536 -0.0554877
0.537 -0.0554932
0.538 -0.0554761
0.539 -0.055491
0.54 -0.0555415
0.541 -0.0556041
0.542 -0.0556486
0.543 -0.0556446
0.544 -0.0556562
0.545 -0.0556374
0.546 -0.0556202
0.547 -0.0556166
0.548 -0.055643
0.549 -0.0556607
0.55 -0.0556305
0.551 -0.0556285
0.552 -0.055673
0.553 -0.0557172
0.554 -0.0557449
0.555 -0.0557935
0.556 -0.0558148
0.557 -0.0558042
0.558 -0.0557791
0.559 -0.0557898
0.56 -0.0558453
0.561 -0.0559081
0.562 -0.0559498
0.563 -0.0559249
0.564 -0.0559152
0.565 -0.0558682
0.566 -0.0558508
0.567 -0.0558516
0.568 -0.0558879
0.569 -0.0559091
0.57 -0.0558991
0.571 -0.0559093
0.572 -0.0559621
0.573 -0.0560082
0.574 -0.0560196
0.575 -0.0560601
0.576 -0.0560622
0.577 -0.0560607
0.578 -0.0560493
0.579 -0.0560607
0.58 -0.0561126
0.581 -0.0561695
0.582 -0.0562114
0.583 -0.056206
0.584 -0.0562141
0.585 -0.056151
0.586 -0.0561537
0.587 -0.0561613
0.588 -0.0561787
0.589 -0.0561768
0.59 -0.0561621
0.591 -0.0561558
0.592 -0.0562138
0.593 -0.0562512
0.594 -0.0562942
0.595 -0.0563349
0.596 -0.0563385
0.597 -0.0562962
0.598 -0.0562984
0.599 -0.0563392
0.6 -0.0563802
0.601 -0.0564299
0.602 -0.0564061
0.603 -0.0564105
0.604 -0.056396
0.605 -0.0563534
0.606 -0.0563392
0.607 -0.0563744
0.608 -0.0563909
0.609 -0.0563894
0.61 -0.0563907
0.611 -0.0564158
0.612 -0.0564707
0.613 -0.0565054
0.614 -0.0565497
0.615 -0.0565672
0.616 -0.0565494
0.617 -0.0565243
0.618 -0.0565263
0.619 -0.0565777
0.62 -0.0566103
0.621 -0.0566485
0.622 -0.0566431
0.623 -0.0566613
0.624 -0.0566383
0.625 -0.0566165
0.626 -0.0566086
0.627 -0.0566387
0.628 -0.0566472
0.629 -0.0566117
0.63 -0.0566095
0.631 -0.0566269
0.632 -0.0566774
0.633 -0.0566989
0.634 -0.0567507
0.635 -0.0567703
0.636 -0.0567558
0.637 -0.0567269
0.638 -0.0567346
0.639 -0.0567913
0.64 -0.0568482
0.641 -0.0568858
0.642 -0.0568571
0.643 -0.0568445
0.644 -0.0567699
0.645 -0.0567609
0.646 -0.0567656
0.647 -0.056797
0.648 -0.0567978
0.649 -0.0567973
0.65 -0.0567873
0.651 -0.0568569
0.652 -0.0568987
0.653 -0.0569412
0.654 -0.0569565
0.655 -0.0569418
0.656 -0.0569141
0.657 -0.0569166
0.658 -0.056953
0.659 -0.0569931
0.66 -0.0570341
0.661 -0.0570262
0.662 -0.0570416
0.663 -0.0570169
0.664 -0.0569939
0.665 -0.056971
0.666 -0.0570057
0.667 -0.0570196
0.668 -0.0569774
0.669 -0.0569768
0.67 -0.0569927
0.671 -0.0570428
0.672 -0.0570635
0.673 -0.057114
0.674 -0.0571323
0.675 -0.0571164
0.676 -0.0570863
0.677 -0.0570928
0.678 -0.0571481
0.679 -0.0572039
0.68 -0.0572403
0.681 -0.0572102
0.682 -0.0571964
0.683 -0.0571203
0.684 -0.0571101
0.685 -0.0571136
0.686 -0.0571432
0.687 -0.0571434
0.688 -0.0571417
0.689 -0.0571306
0.69 -0.0571991
0.691 -0.0572397
0.692 -0.057281
0.693 -0.057295
0.694 -0.0572749
0.695 -0.0572479
0.696 -0.0572478
0.697 -0.057291
0.698 -0.0573246
0.699 -0.0573631
0.7 -0.0573547
0.701 -0.0573698
0.702 -0.0573439
0.703 -0.0573196
0.704 -0.0573093
0.705 -0.0573371
0.706 -0.0573429
0.707 -0.0573048
0.708 -0.0572978
0.709 -0.0573365
0.71 -0.0573742
0.711 -0.0573981
0.712 -0.0574424
0.713 -0.0574556
0.714 -0.0574341
0.715 -0.0574138
0.716 -0.0574143
0.717 -0.0574654
0.718 -0.0575193
0.719 -0.0575273
0.72 -0.0575085
0.721 -0.0574879
0.722 -0.0574337
0.723 -0.0574134
0.724 -0.0574432
0.725 -0.0574543
0.726 -0.0574478
0.727 -0.0574444
0.728 -0.0574649
0.729 -0.0575176
0.73 -0.057531
0.731 -0.0575789
0.732 -0.0575818
0.733 -0.0575689
0.734 -0.0575362
0.735 -0.0575373
0.736 -0.0575825
0.737 -0.0576382
0.738 -0.0576744
0.739 -0.0576606
0.74 -0.0576623
0.741 -0.0576292
0.742 -0.057607
0.743 -0.0575988
0.744 -0.0576088
0.745 -0.0575847
0.746 -0.0575729
0.747 -0.0575591
0.748 -0.0576119
0.749 -0.0576449
0.75 -0.0576999
0.751 -0.0577266
0.752 -0.0577105
0.753 -0.0576681
0.754 -0.0576557
0.755 -0.057708
0.756 -0.057744
0.757 -0.057778
0.758 -0.0577502
0.759 -0.0577478
0.76 -0.0576878
0.761 -0.0576617
0.762 -0.0576547
0.763 -0.0576848
0.764 -0.0576991
0.765 -0.0576792
0.766 -0.0576847
0.767 -0.0577306
0.768 -0.0577699
0.769 -0.0577971
0.77 -0.0578163
0.771 -0.0578001
0.772 -0.0577679
0.773 -0.0577688
0.774 -0.0577988
0.775 -0.0578346
0.776 -0.0578783
0.777 -0.0578866
0.778 -0.0578858
0.779 -0.0578641
0.78 -0.0578317
0.781 -0.0578085
0.782 -0.0578353
0.783 -0.0578435
0.784 -0.0577972
0.785 -0.0577934
0.786 -0.057806
0.787 -0.0578522
0.788 -0.057878
0.789 -0.0579218
0.79 -0.0579341
0.791 -0.0579137
0.792 -0.0578902
0.793 -0.0578886
0.794 -0.0579378
0.795 -0.0579903
0.796 -0.0579966
0.797 -0.0579759
0.798 -0.0579535
0.799 -0.0578972
0.8 -0.0578753
0.801 -0.0579034
0.802 -0.0579127
0.803 -0.0579045
0.804 -0.0579
0.805 -0.0579187
0.806 -0.0579699
0.807 -0.0579811
0.808 -0.0580072
0.809 -0.0580053
0.81 -0.0580032
0.811 -0.0579725
0.812 -0.0579768
0.813 -0.0580198
0.814 -0.0580716
0.815 -0.0581068
0.816 -0.0580924
0.817 -0.0580921
0.818 -0.0580254
0.819 -0.0580185
0.82 -0.0580243
0.821 -0.0580294
0.822 -0.0580002
0.823 -0.0579898
0.824 -0.0579972
0.825 -0.058037
0.826 -0.0580636
0.827 -0.0581178
0.828 -0.0581443
0.829 -0.0581268
0.83 -0.0580727
0.831 -0.0580649
0.832 -0.0581158
0.833 -0.058172
0.834 -0.0582046
0.835 -0.0581681
0.836 -0.0581494
0.837 -0.0580837
0.838 -0.0580611
0.839 -0.0580563
0.84 -0.0580821
0.841 -0.0580779
0.842 -0.0580719
0.843 -0.0580792
0.844 -0.058131
0.845 -0.0581621
0.846 -0.0581995
0.847 -0.0582102
0.848 -0.0581857
0.849 -0.0581486
0.85 -0.0581475
0.851 -0.05819
0.852 -0.0582429
0.853 -0.0582764
0.854 -0.0582596
0.855 -0.0582588
0.856 -0.0582295
0.857 -0.0582016
0.858 -0.0581877
0.859 -0.0582042
0.86 -0.0581885
0.861 -0.0581635
0.862 -0.058145
0.863 -0.058194
0.864 -0.0582248
0.865 -0.058277
0.866 -0.0583011
0.867 -0.0582823
0.868 -0.0582373
0.869 -0.0582226
0.87 -0.0582725
0.871 -0.0583084
0.872 -0.0583506
0.873 -0.0583107
0.874 -0.0583023
0.875 -0.0582413
0.876 -0.0582123
0.877 -0.0582041
0.878 -0.0582322
0.879 -0.0582442
0.88 -0.0582277
0.881 -0.0582087
0.882 -0.0582777
0.883 -0.0583088
0.884 -0.0583429
0.885 -0.0583519
0.886 -0.0583314
0.887 -0.0582977
0.888 -0.0582921
0.889 -0.0583308
0.89 -0.0583602
0.891 -0.0583949
0.892 -0.058382
0.893 -0.0583929
0.894 -0.0583626
0.895 -0.0583333
0.896 -0.0583191
0.897 -0.0583358
0.898 -0.058343
0.899 -0.0583053
0.9 -0.0582938
0.901 -0.0583377
0.902 -0.0583648
0.903 -0.0583984
0.904 -0.0584301
0.905 -0.0584249
0.906 -0.0583731
0.907 -0.058355
0.908 -0.0583952
0.909 -0.058436
0.91 -0.0584702
0.911 -0.0584385
0.912 -0.0584325
0.913 -0.0583692
0.914 -0.0583406
0.915 -0.0583311
0.916 -0.0583589
0.917 -0.0583705
0.918 -0.0583526
0.919 -0.0583529
0.92 -0.058408
0.921 -0.0584369
0.922 -0.0584576
0.923 -0.0584741
0.924 -0.0584558
0.925 -0.0584208
0.926 -0.0584165
0.927 -0.0584471
0.928 -0.0584814
0.929 -0.0585172
0.93 -0.0585029
0.931 -0.0585126
0.932 -0.0584817
0.933 -0.0584526
0.934 -0.0584377
0.935 -0.0584539
0.936 -0.0584606
0.937 -0.058422
0.938 -0.0584102
0.939 -0.0584498
0.94 -0.0584786
0.941 -0.0585127
0.942 -0.0585441
0.943 -0.0585383
0.944 -0.058486
0.945 -0.0584735
0.946 -0.0585103
0.947 -0.0585492
0.948 -0.0585827
0.949 -0.0585505
0.95 -0.058544
0.951 -0.0584802
0.952 -0.058451
0.953 -0.058441
0.954 -0.0584684
0.955 -0.0584795
0.956 -0.0584612
0.957 -0.0584611
0.958 -0.0585156
0.959 -0.0585441
0.96 -0.0585643
0.961 -0.0585804
0.962 -0.0585617
0.963 -0.0585263
0.964 -0.0585191
0.965 -0.0585506
0.966 -0.0585852
0.967 -0.0586208
0.968 -0.058606
0.969 -0.0586153
0.97 -0.058584
0.971 -0.0585547
0.972 -0.0585394
0.973 -0.0585553
0.974 -0.0585618
0.975 -0.0585227
0.976 -0.0585105
0.977 -0.0585497
0.978 -0.0585782
0.979 -0.058612
0.98 -0.0586431
0.981 -0.0586371
0.982 -0.0585844
0.983 -0.0585656
0.984 -0.05861
0.985 -0.0586467
0.986 -0.0586788
0.987 -0.0586463
0.988 -0.05864
0.989 -0.0585759
0.99 -0.0585446
0.991 -0.0585354
0.992 -0.0585628
0.993 -0.0585736
0.994 -0.0585557
0.995 -0.0585451
0.996 -0.058608
0.997 -0.0586355
0.998 -0.0586678
0.999 -0.0586758
1 -0.058654
1.001 -0.0586188
1.002 -0.0586118
1.003 -0.0586546
1.004 -0.05868
1.005 -0.0587112
1.006 -0.0586969
1.007 -0.0587054
1.008 -0.0586753
1.009 -0.0586447
1.01 -0.0586289
1.011 -0.0586444
1.012 -0.0586504
1.013 -0.0586121
1.014 -0.0585902
1.015 -0.0586332
1.016 -0.0586637
1.017 -0.0587144
1.018 -0.0587362
1.019 -0.0587152
1.02 -0.058668
1.021 -0.0586515
1.022 -0.0586996
1.023 -0.0587429
1.024 -0.058778
1.025 -0.0587408
1.026 -0.0587255
1.027 -0.0586613
1.028 -0.058631
1.029 -0.0586214
1.03 -0.0586478
1.031 -0.058648
1.032 -0.0586347
1.033 -0.0586145
1.034 -0.0586753
1.035 -0.0587104
1.036 -0.0587448
1.037 -0.0587526
1.038 -0.0587263
1.039 -0.0586877
1.04 -0.0586851
1.041 -0.0587257
1.042 -0.0587767
1.043 -0.0588086
1.044 -0.0587896
1.045 -0.0587869
1.046 -0.0587556
1.047 -0.0587257
1.048 -0.0587112
1.049 -0.0587165
1.05 -0.0586877
1.051 -0.0586717
1.052 -0.0586692
1.053 -0.0587075
1.054 -0.0587324
1.055 -0.0587839
1.056 -0.0588074
1.057 -0.0587868
1.058 -0.0587296
1.059 -0.0587191
1.06 -0.0587673
1.061 -0.0588209
1.062 -0.0588511
1.063 -0.0588116
1.064 -0.0587904
1.065 -0.0587157
1.066 -0.0586939
1.067 -0.0586884
1.068 -0.0587114
1.069 -0.0587051
1.07 -0.0586968
1.071 -0.0587117
1.072 -0.0587561
1.073 -0.0587827
1.074 -0.0588171
1.075 -0.0588258
1.076 -0.0587989
1.077 -0.0587591
1.078 -0.0587601
1.079 -0.0587976
1.08 -0.0588471
1.081 -0.0588786
1.082 -0.0588595
1.083 -0.0588565
1.084 -0.0587836
1.085 -0.0587732
1.086 -0.0587871
1.087 -0.0587822
1.088 -0.0587466
1.089 -0.0587329
1.09 -0.0587376
1.091 -0.0587766
1.092 -0.0587914
1.093 -0.0588336
1.094 -0.0588461
1.095 -0.0588386
1.096 -0.0587855
1.097 -0.0587812
1.098 -0.0588303
1.099 -0.0588804
1.1 -0.0589101
1.101 -0.0588714
1.102 -0.0588535
1.103 -0.0587809
1.104 -0.0587524
1.105 -0.0587769
1.106 -0.0587825
1.107 -0.0587702
1.108 -0.0587616
1.109 -0.0587766
1.11 -0.0588239
1.111 -0.0588317
1.112 -0.0588536
1.113 -0.0588443
1.114 -0.0588316
1.115 -0.0588092
1.116 -0.0588099
1.117 -0.0588505
1.118 -0.0588975
1.119 -0.0589143
1.12 -0.0589033
1.121 -0.0588871
1.122 -0.058844
1.123 -0.0588177
1.124 -0.0588355
1.125 -0.0588377
1.126 -0.0587986
1.127 -0.0587847
1.128 -0.0587902
1.129 -0.0588315
1.13 -0.0588492
1.131 -0.0588912
1.132 -0.0589004
1.133 -0.0588723
1.134 -0.0588463
1.135 -0.0588456
1.136 -0.0588886
1.137 -0.0589362
1.138 -0.0589017
1.139 -0.058894
1.14 -0.0588691
1.141 -0.0588152
1.142 -0.0587862
1.143 -0.0588162
1.144 -0.0588258
1.145 -0.0587929
1.146 -0.0587963
1.147 -0.0588395
1.148 -0.0588745
1.149 -0.0588738
1.15 -0.0589017
1.151 -0.0588863
1.152 -0.0588667
1.153 -0.0588518
1.154 -0.0588746
1.155 -0.0589067
1.156 -0.0589474
1.157 -0.0589507
1.158 -0.0589451
1.159 -0.0589058
1.16 -0.0588743
1.161 -0.0588581
1.162 -0.0588799
1.163 -0.0588785
1.164 -0.0588334
1.165 -0.0588224
1.166 -0.0588529
1.167 -0.0588842
1.168 -0.0589185
1.169 -0.0589481
1.17 -0.0589404
1.171 -0.0588862
1.172 -0.058878
1.173 -0.0589104
1.174 -0.0589462
1.175 -0.058978
1.176 -0.058944
1.177 -0.058936
1.178 -0.0588701
1.179 -0.0588393
1.18 -0.0588278
1.181 -0.0588537
1.182 -0.0588633
1.183 -0.0588443
1.184 -0.0588327
1.185 -0.0588943
1.186 -0.0589207
1.187 -0.0589519
1.188 -0.0589587
1.189 -0.0589358
1.19 -0.0588995
1.191 -0.0588914
1.192 -0.0589331
1.193 -0.0589574
1.194 -0.059
1.195 -0.0589855
1.196 -0.0589846
1.197 -0.058951
1.198 -0.0589196
1.199 -0.0589031
1.2 -0.0589172
1.201 -0.0588987
1.202 -0.0588708
1.203 -0.0588484
1.204 -0.0588956
1.205 -0.0589242
1.206 -0.0589736
1.207 -0.058995
1.208 -0.0589736
1.209 -0.058916
1.21 -0.058905
1.211 -0.0589523
1.212 -0.0590051
1.213 -0.0590345
1.214 -0.0589942
1.215 -0.0589724
1.216 -0.0589029
1.217 -0.0588769
1.218 -0.0588689
1.219 -0.058891
1.22 -0.0588841
1.221 -0.0588751
1.222 -0.0588892
1.223 -0.0589328
1.224 -0.0589587
1.225 -0.0589924
1.226 -0.0590003
1.227 -0.0589742
1.228 -0.058933
1.229 -0.0589328
1.23 -0.0589695
1.231 -0.0590184
1.232 -0.0590492
1.233 -0.0590293
1.234 -0.0590249
1.235 -0.0589525
1.236 -0.0589415
1.237 -0.0589544
1.238 -0.0589485
1.239 -0.0589122
1.24 -0.058898
1.241 -0.0589023
1.242 -0.0589408
1.243 -0.0589549
1.244 -0.0589964
1.245 -0.0590059
1.246 -0.0589811
1.247 -0.0589429
1.248 -0.0589418
1.249 -0.0589895
1.25 -0.0590381
1.251 -0.0590398
1.252 -0.0590141
1.253 -0.0589877
1.254 -0.0589268
1.255 -0.058897
1.256 -0.0589236
1.257 -0.0589325
1.258 -0.0589185
1.259 -0.0589095
1.26 -0.0589248
1.261 -0.0589722
1.262 -0.0589799
1.263 -0.0590033
1.264 -0.0589932
1.265 -0.0589749
1.266 -0.0589547
1.267 -0.0589613
1.268 -0.0589987
1.269 -0.0590438
1.27 -0.0590354
1.271 -0.059035
1.272 -0.0590245
1.273 -0.0589816
1.274 -0.0589443
1.275 -0.0589699
1.276 -0.058972
1.277 -0.058927
1.278 -0.0589158
1.279 -0.0589455
1.28 -0.0589765
1.281 -0.0589844
1.282 -0.0590268
1.283 -0.0590253
1.284 -0.0589717
1.285 -0.0589629
1.286 -0.0589952
1.287 -0.0590312
1.288 -0.0590633
1.289 -0.0590289
1.29 -0.0590208
1.291 -0.0589547
1.292 -0.0589236
1.293 -0.0589119
1.294 -0.0589376
1.295 -0.058947
1.296 -0.058922
1.297 -0.0589229
1.298 -0.0589767
1.299 -0.0590037
1.3 -0.0590218
1.301 -0.0590361
1.302 -0.0590158
1.303 -0.0589787
1.304 -0.0589698
1.305 -0.0590059
1.306 -0.0590332
1.307 -0.0590658
1.308 -0.0590498
1.309 -0.0590563
1.31 -0.0590247
1.311 -0.0589929
1.312 -0.0589759
1.313 -0.0589902
1.314 -0.0589951
1.315 -0.0589553
1.316 -0.0589321
1.317 -0.0589743
1.318 -0.0590021
1.319 -0.0590515
1.32 -0.0590725
1.321 -0.0590504
1.322 -0.058992
1.323 -0.0589804
1.324 -0.0590272
1.325 -0.0590795
1.326 -0.0591085
1.327 -0.0590677
1.328 -0.0590455
1.329 -0.0589756
1.33 -0.0589492
1.331 -0.0589409
1.332 -0.0589639
1.333 -0.0589554
1.334 -0.0589456
1.335 -0.0589549
1.336 -0.0590003
1.337 -0.059027
1.338 -0.0590607
1.339 -0.0590682
1.34 -0.0590403
1.341 -0.0589996
1.342 -0.0589996
1.343 -0.059036
1.344 -0.0590846
1.345 -0.0591152
1.346 -0.0590949
1.347 -0.0590897
1.348 -0.0590177
1.349 -0.0590064
1.35 -0.0590189
1.351 -0.0590127
1.352 -0.0589762
1.353 -0.0589617
1.354 -0.0589657
1.355 -0.0590037
1.356 -0.0590177
1.357 -0.0590588
1.358 -0.059068
1.359 -0.0590429
1.36 -0.0590045
1.361 -0.0590031
1.362 -0.0590505
1.363 -0.0590988
1.364 -0.0591002
1.365 -0.0590744
1.366 -0.0590476
1.367 -0.0589864
1.368 -0.0589563
1.369 -0.0589826
1.37 -0.0589912
1.371 -0.0589768
1.372 -0.0589676
1.373 -0.0589826
1.374 -0.0590296
1.375 -0.0590477
1.376 -0.0590646
1.377 -0.0590511
1.378 -0.0590322
1.379 -0.0590114
1.38 -0.0590255
1.381 -0.0590581
1.382 -0.0591008
1.383 -0.0590917
1.384 -0.0590911
1.385 -0.0590668
1.386 -0.0590291
1.387 -0.0589947
1.388 -0.0590218
1.389 -0.0590228
1.39 -0.0589772
1.391 -0.0589635
1.392 -0.0589949
1.393 -0.0590262
1.394 -0.0590335
1.395 -0.0590754
1.396 -0.0590737
1.397 -0.05902
1.398 -0.059011
1.399 -0.0590431
1.4 -0.0590789
1.401 -0.0591107
1.402 -0.059076
1.403 -0.0590675
1.404 -0.0590012
1.405 -0.0589697
1.406 -0.0589579
1.407 -0.0589832
1.408 -0.0589922
1.409 -0.0589718
1.41 -0.0589699
1.411 -0.0590223
1.412 -0.0590491
1.413 -0.0590799
1.414 -0.0590859
1.415 -0.0590621
1.416 -0.0590249
1.417 -0.0590161
1.418 -0.059057
1.419 -0.0590807
1.42 -0.0591228
1.421 -0.0591076
1.422 -0.059106
1.423 -0.0590717
1.424 -0.0590396
1.425 -0.0590224
1.426 -0.059036
1.427 -0.0590168
1.428 -0.0589882
1.429 -0.0589651
1.43 -0.0590116
1.431 -0.0590396
1.432 -0.0590883
1.433 -0.0591091
1.434 -0.0590871
1.435 -0.0590288
1.436 -0.0590171
1.437 -0.0590638
1.438 -0.0591159
1.439 -0.0591448
1.44 -0.0591037
1.441 -0.0590813
1.442 -0.0590001
1.443 -0.0589794
1.444 -0.0589795
1.445 -0.0590029
1.446 -0.0589901
1.447 -0.05898
1.448 -0.0589937
1.449 -0.0590392
1.45 -0.0590627
1.451 -0.0590952
1.452 -0.0590884
1.453 -0.0590693
1.454 -0.0590306
1.455 -0.0590303
1.456 -0.0590703
1.457 -0.0591152
1.458 -0.0591452
1.459 -0.0591254
1.46 -0.0591249
1.461 -0.0590593
1.462 -0.05904
1.463 -0.0590504
1.464 -0.0590442
1.465 -0.0590078
1.466 -0.0589934
1.467 -0.0589966
1.468 -0.0590353
1.469 -0.0590472
1.47 -0.0590878
1.471 -0.0590971
1.472 -0.0590717
1.473 -0.0590423
1.474 -0.0590356
1.475 -0.05908
1.476 -0.0591279
1.477 -0.0591106
1.478 -0.0590928
1.479 -0.0590619
1.48 -0.0590053
1.481 -0.0589773
1.482 -0.0590041
1.483 -0.0590128
1.484 -0.0589776
1.485 -0.0589795
1.486 -0.0589979
1.487 -0.0590454
1.488 -0.0590669
1.489 -0.0590838
1.49 -0.0590623
1.491 -0.0590475
1.492 -0.0590288
1.493 -0.0590496
1.494 -0.0590799
1.495 -0.0591193
1.496 -0.0591211
1.497 -0.059114
1.498 -0.0590731
1.499 -0.0590403
1.5 -0.0590227
1.501 -0.0590434
1.502 -0.0590407
1.503 -0.0589944
1.504 -0.0589823
1.505 -0.0590146
1.506 -0.0590434
1.507 -0.0590755
1.508 -0.0591039
1.509 -0.0590952
1.51 -0.0590397
1.511 -0.0590185
1.512 -0.0590559
1.513 -0.0590936
1.514 -0.059125
1.515 -0.0590896
1.516 -0.0590799
1.517 -0.0590137
1.518 -0.0589803
1.519 -0.0589691
1.52 -0.0589944
1.521 -0.0590029
1.522 -0.0589829
1.523 -0.0589608
1.524 -0.0590178
1.525 -0.0590515
1.526 -0.0590837
1.527 -0.0590893
1.528 -0.0590609
1.529 -0.0590259
1.53 -0.0590185
1.531 -0.0590559
1.532 -0.0591049
1.533 -0.0591351
1.534 -0.0591139
1.535 -0.0591094
1.536 -0.0590694
1.537 -0.0590405
1.538 -0.0590259
1.539 -0.0590317
1.54 -0.0589982
1.541 -0.05898
1.542 -0.0589764
1.543 -0.0590134
1.544 -0.0590367
1.545 -0.0590862
1.546 -0.0591079
1.547 -0.0590856
1.548 -0.0590264
1.549 -0.0590142
1.55 -0.0590607
1.551 -0.0591125
1.552 -0.0591411
1.553 -0.0590995
1.554 -0.0590767
1.555 -0.0589923
1.556 -0.0589724
1.557 -0.0589964
1.558 -0.0589997
1.559 -0.0589854
1.56 -0.0589748
1.561 -0.0589888
1.562 -0.0590339
1.563 -0.0590407
1.564 -0.0590608
1.565 -0.0590496
1.566 -0.0590379
1.567 -0.0590072
1.568 -0.0590086
1.569 -0.059049
1.57 -0.0590945
1.571 -0.0591097
1.572 -0.059097
1.573 -0.0590943
1.574 -0.0590421
1.575 -0.05901
1.576 -0.0590256
1.577 -0.0590265
1.578 -0.0589857
1.579 -0.0589699
1.58 -0.0589737
1.581 -0.0590128
1.582 -0.0590331
1.583 -0.0590705
1.584 -0.0590769
1.585 -0.0590471
1.586 -0.0590178
1.587 -0.0590278
1.588 -0.059063
1.589 -0.059106
1.59 -0.0590693
1.591 -0.0590602
1.592 -0.0590133
1.593 -0.0589664
1.594 -0.0589382
1.595 -0.0589706
1.596 -0.0589789
1.597 -0.0589511
1.598 -0.0589485
1.599 -0.0589887
1.6 -0.0590218
1.601 -0.0590197
1.602 -0.0590461
1.603 -0.0590291
1.604 -0.0589903
1.605 -0.0589846
1.606 -0.0590112
1.607 -0.0590424
1.608 -0.0590755
1.609 -0.0590574
1.61 -0.0590638
1.611 -0.0590292
1.612 -0.0589967
1.613 -0.0589785
1.614 -0.0589915
1.615 -0.0589949
1.616 -0.0589528
1.617 -0.0589381
1.618 -0.0589741
1.619 -0.0589999
1.62 -0.0590391
1.621 -0.0590627
1.622 -0.0590516
1.623 -0.0589954
1.624 -0.0589737
1.625 -0.0590196
1.626 -0.0590521
1.627 -0.0590789
1.628 -0.0590421
1.629 -0.0590325
1.63 -0.0589657
1.631 -0.0589313
1.632 -0.058919
1.633 -0.0589434
1.634 -0.0589413
1.635 -0.0589254
1.636 -0.0589027
1.637 -0.0589608
1.638 -0.0589936
1.639 -0.0590252
1.64 -0.0590303
1.641 -0.0590013
1.642 -0.0589599
1.643 -0.0589548
1.644 -0.0589927
1.645 -0.0590413
1.646 -0.0590708
1.647 -0.0590488
1.648 -0.0590436
1.649 -0.0590029
1.65 -0.0589732
1.651 -0.0589578
1.652 -0.0589606
1.653 -0.0589296
1.654 -0.0589109
1.655 -0.0589112
1.656 -0.0589444
1.657 -0.0589658
1.658 -0.059014
1.659 -0.0590349
1.66 -0.0590125
1.661 -0.0589515
1.662 -0.0589436
1.663 -0.058986
1.664 -0.0590354
1.665 -0.0590629
1.666 -0.0590203
1.667 -0.058996
1.668 -0.0589105
1.669 -0.0588895
1.67 -0.0589124
1.671 -0.0589145
1.672 -0.0588991
1.673 -0.0588874
1.674 -0.0589003
1.675 -0.0589442
1.676 -0.0589499
1.677 -0.0589687
1.678 -0.0589563
1.679 -0.0589408
1.68 -0.0589105
1.681 -0.0589114
1.682 -0.0589507
1.683 -0.0589951
1.684 -0.0590092
1.685 -0.0589952
1.686 -0.0589913
1.687 -0.0589379
1.688 -0.0589046
1.689 -0.0589188
1.69 -0.0589185
1.691 -0.0588765
1.692 -0.0588596
1.693 -0.058862
1.694 -0.0588997
1.695 -0.0589106
1.696 -0.0589508
1.697 -0.0589583
1.698 -0.0589306
1.699 -0.0588994
1.7 -0.058891
1.701 -0.0589337
1.702 -0.0589799
1.703 -0.0589421
1.704 -0.0589309
1.705 -0.0589028
1.706 -0.0588455
1.707 -0.0588161
1.708 -0.0588416
1.709 -0.0588488
1.71 -0.0588121
1.711 -0.0588123
1.712 -0.0588403
1.713 -0.058879
1.714 -0.0588778
1.715 -0.0589022
1.716 -0.0588831
1.717 -0.0588671
1.718 -0.0588456
1.719 -0.0588644
1.72 -0.058893
1.721 -0.0589309
1.722 -0.0589308
1.723 -0.0589217
1.724 -0.0588786
1.725 -0.0588435
1.726 -0.0588236
1.727 -0.0588423
1.728 -0.0588373
1.729 -0.0587887
1.73 -0.0587744
1.731 -0.0588012
1.732 -0.0588291
1.733 -0.0588597
1.734 -0.0588857
1.735 -0.0588743
1.736 -0.058816
1.737 -0.058804
1.738 -0.0588328
1.739 -0.0588652
1.74 -0.0588937
1.741 -0.0588553
1.742 -0.0588436
1.743 -0.0587733
1.744 -0.0587384
1.745 -0.0587232
1.746 -0.0587454
1.747 -0.0587511
1.748 -0.0587272
1.749 -0.0587222
1.75 -0.0587711
1.751 -0.0587945
1.752 -0.0588089
1.753 -0.0588193
1.754 -0.058795
1.755 -0.0587538
1.756 -0.058741
1.757 -0.0587735
1.758 -0.0587973
1.759 -0.0588265
1.76 -0.0588062
1.761 -0.0588087
1.762 -0.0587729
1.763 -0.0587369
1.764 -0.0587157
1.765 -0.058726
1.766 -0.0587269
1.767 -0.058683
1.768 -0.058656
1.769 -0.0586927
1.77 -0.058718
1.771 -0.0587629
1.772 -0.0587793
1.773 -0.0587524
1.774 -0.058699
1.775 -0.0586766
1.776 -0.0587189
1.777 -0.058757
1.778 -0.058787
1.779 -0.0587432
1.78 -0.0587223
1.781 -0.058651
1.782 -0.0586146
1.783 -0.0585992
1.784 -0.05862
1.785 -0.0586142
1.786 -0.0585946
1.787 -0.0585687
1.788 -0.0586228
1.789 -0.0586523
1.79 -0.05868
1.791 -0.0586814
1.792 -0.0586485
1.793 -0.0586088
1.794 -0.0585969
1.795 -0.0586299
1.796 -0.0586747
1.797 -0.0587009
1.798 -0.0586745
1.799 -0.0586653
1.8 -0.058627
1.801 -0.0585901
1.802 -0.0585687
1.803 -0.0585669
1.804 -0.0585423
1.805 -0.058513
1.806 -0.0584861
1.807 -0.0585266
1.808 -0.0585496
1.809 -0.0585928
1.81 -0.0586083
1.811 -0.0585804
1.812 -0.0585156
1.813 -0.058498
1.814 -0.0585391
1.815 -0.0585859
1.816 -0.0586095
1.817 -0.0585618
1.818 -0.0585332
1.819 -0.0584645
1.82 -0.0584274
1.821 -0.0584104
1.822 -0.0584254
1.823 -0.0584111
1.824 -0.0583948
1.825 -0.0583697
1.826 -0.0584222
1.827 -0.0584499
1.828 -0.0584756
1.829 -0.0584753
1.83 -0.0584406
1.831 -0.0583931
1.832 -0.0583824
1.833 -0.0584149
1.834 -0.0584581
1.835 -0.0584824
1.836 -0.058454
1.837 -0.0584429
1.838 -0.0584024
1.839 -0.0583634
1.84 -0.0583397
1.841 -0.0583432
1.842 -0.0583118
1.843 -0.0582784
1.844 -0.0582495
1.845 -0.0582878
1.846 -0.0583086
1.847 -0.0583488
1.848 -0.0583617
1.849 -0.0583312
1.85 -0.0582735
1.851 -0.058247
1.852 -0.0582856
1.853 -0.0583286
1.854 -0.0583495
1.855 -0.0582985
1.856 -0.0582732
1.857 -0.058197
1.858 -0.0581556
1.859 -0.0581354
1.86 -0.0581515
1.861 -0.0581511
1.862 -0.058122
1.863 -0.0580914
1.864 -0.0581381
1.865 -0.0581633
1.866 -0.0581852
1.867 -0.0581809
1.868 -0.058147
1.869 -0.0580994
1.87 -0.0580811
1.871 -0.0581125
1.872 -0.0581274
1.873 -0.0581482
1.874 -0.0581205
1.875 -0.0581168
1.876 -0.0580737
1.877 -0.0580301
1.878 -0.0580013
1.879 -0.0580044
1.88 -0.057998
1.881 -0.0579457
1.882 -0.0579212
1.883 -0.0579461
1.884 -0.0579619
1.885 -0.0579819
1.886 -0.057999
1.887 -0.0579791
1.888 -0.0579103
1.889 -0.0578888
1.89 -0.0579086
1.891 -0.0579323
1.892 -0.0579522
1.893 -0.0579029
1.894 -0.0578816
1.895 -0.0577995
1.896 -0.0577542
1.897 -0.0577245
1.898 -0.0577433
1.899 -0.0577379
1.9 -0.0576982
1.901 -0.057686
1.902 -0.0577131
1.903 -0.0577339
1.904 -0.0577372
1.905 -0.057739
1.906 -0.0577106
1.907 -0.0576772
1.908 -0.0576424
1.909 -0.0576298
1.91 -0.0576555
1.911 -0.0576882
1.912 -0.0576907
1.913 -0.0576629
1.914 -0.0576299
1.915 -0.0575703
1.916 -0.0575264
1.917 -0.0575274
1.918 -0.0575075
1.919 -0.0574562
1.92 -0.0574271
1.921 -0.0574152
1.922 -0.057436
1.923 -0.0574349
1.924 -0.0574575
1.925 -0.0574522
1.926 -0.0574263
1.927 -0.0573525
1.928 -0.0573292
1.929 -0.057356
1.93 -0.057391
1.931 -0.0574046
1.932 -0.0573439
1.933 -0.0573032
1.934 -0.0572113
1.935 -0.0571652
1.936 -0.0571384
1.937 -0.0571451
1.938 -0.057125
1.939 -0.0570906
1.94 -0.0570539
1.941 -0.0570897
1.942 -0.0571051
1.943 -0.057115
1.944 -0.0570993
1.945 -0.0570545
1.946 -0.056995
1.947 -0.0569705
1.948 -0.0569775
1.949 -0.056989
1.95 -0.057005
1.951 -0.0569822
1.952 -0.0569565
1.953 -0.056895
1.954 -0.0568376
1.955 -0.056796
1.956 -0.0567925
1.957 -0.0567696
1.958 -0.0567072
1.959 -0.056671
1.96 -0.0566532
1.961 -0.0566685
1.962 -0.0566588
1.963 -0.0566724
1.964 -0.0566594
1.965 -0.0566256
1.966 -0.0565425
1.967 -0.0565105
1.968 -0.0565289
1.969 -0.056556
1.97 -0.0565618
1.971 -0.0564913
1.972 -0.0564417
1.973 -0.0563482
1.974 -0.0562885
1.975 -0.0562492
1.976 -0.0562466
1.977 -0.0562266
1.978 -0.0561767
1.979 -0.0561478
1.98 -0.0561569
1.981 -0.0561618
1.982 -0.0561286
1.983 -0.056122
1.984 -0.0560774
1.985 -0.0560292
1.986 -0.0559776
1.987 -0.0559487
1.988 -0.0559579
1.989 -0.0559746
1.99 -0.0559774
1.991 -0.0559236
1.992 -0.0558883
1.993 -0.0557744
1.994 -0.0557308
1.995 -0.055692
1.996 -0.0556615
1.997 -0.0556127
1.998 -0.0555514
1.999 -0.0555025
2 -0.0555097
2.001 -0.0555018
2.002 -0.055495
2.003 -0.0554858
2.004 -0.0554402
2.005 -0.0553756
2.006 -0.0553094
2.007 -0.055267
2.008 -0.0552727
2.009 -0.0552833
2.01 -0.0552763
2.011 -0.0551915
2.012 -0.0551284
2.013 -0.0549919
2.014 -0.0549306
2.015 -0.0548853
2.016 -0.0548692
2.017 -0.0548339
2.018 -0.0547693
2.019 -0.054727
2.02 -0.0547212
2.021 -0.0547109
2.022 -0.0546829
2.023 -0.0546464
2.024 -0.0545834
2.025 -0.0545194
2.026 -0.0544425
2.027 -0.054399
2.028 -0.0543887
2.029 -0.0543919
2.03 -0.0543791
2.031 -0.0543043
2.032 -0.0542539
2.033 -0.054166
2.034 -0.0540806
2.035 -0.0540074
2.036 -0.0539791
2.037 -0.0539234
2.038 -0.0538294
2.039 -0.0537648
2.04 -0.053717
2.041 -0.0536971
2.042 -0.0536683
2.043 -0.0536561
2.044 -0.0536203
2.045 -0.0535515
2.046 -0.0534266
2.047 -0.0533549
2.048 -0.0533267
2.049 -0.0532998
2.05 -0.0532827
2.051 -0.0532227
2.052 -0.0531303
2.053 -0.0530531
2.054 -0.0529066
2.055 -0.052812
2.056 -0.052739
2.057 -0.0527003
2.058 -0.0526414
2.059 -0.0525421
2.06 -0.0524832
2.061 -0.0524388
2.062 -0.0524139
2.063 -0.052375
2.064 -0.0523268
2.065 -0.0522579
2.066 -0.0521604
2.067 -0.0520415
2.068 -0.0519614
2.069 -0.0519023
2.07 -0.051868
2.071 -0.0518414
2.072 -0.0518038
2.073 -0.0517006
2.074 -0.0516241
2.075 -0.0515055
2.076 -0.0513893
2.077 -0.0512743
2.078 -0.0512227
2.079 -0.0511327
2.08 -0.051012
2.081 -0.0509191
2.082 -0.0508227
2.083 -0.050785
2.084 -0.0507287
2.085 -0.0506618
2.086 -0.0505977
2.087 -0.0505143
2.088 -0.0504136
2.089 -0.0502538
2.09 -0.0501458
2.091 -0.050093
2.092 -0.0500401
2.093 -0.0499901
2.094 -0.0499305
2.095 -0.0497828
2.096 -0.0496617
2.097 -0.0494794
2.098 -0.0493436
2.099 -0.0492275
2.1 -0.049153
2.101 -0.0490481
2.102 -0.0489363
2.103 -0.0488236
2.104 -0.0487318
2.105 -0.048662
2.106 -0.0485854
2.107 -0.0484798
2.108 -0.0483992
2.109 -0.0482911
2.11 -0.0481492
2.111 -0.048011
2.112 -0.0478691
2.113 -0.0477565
2.114 -0.0476748
2.115 -0.0475902
2.116 -0.0475175
2.117 -0.0474211
2.118 -0.0472794
2.119 -0.0471596
2.12 -0.0469915
2.121 -0.0468251
2.122 -0.0466802
2.123 -0.0465697
2.124 -0.0464298
2.125 -0.0462999
2.126 -0.0461234
2.127 -0.0459925
2.128 -0.0458663
2.129 -0.0457548
2.13 -0.0456484
2.131 -0.0455237
2.132 -0.0454031
2.133 -0.0452921
2.134 -0.0451193
2.135 -0.0448958
2.136 -0.0447399
2.137 -0.0445887
2.138 -0.0444772
2.139 -0.0443596
2.14 -0.0442533
2.141 -0.0441409
2.142 -0.0439259
2.143 -0.0437563
2.144 -0.0435557
2.145 -0.0433064
2.146 -0.0431231
2.147 -0.042951
2.148 -0.0428158
2.149 -0.0426403
2.15 -0.0424867
2.151 -0.0422953
2.152 -0.0421409
2.153 -0.0419884
2.154 -0.0418638
2.155 -0.0417148
2.156 -0.0415386
2.157 -0.0413774
2.158 -0.0411882
2.159 -0.0409783
2.16 -0.0407815
2.161 -0.0405418
2.162 -0.040346
2.163 -0.0401617
2.164 -0.0400091
2.165 -0.0398512
2.166 -0.0397072
2.167 -0.0395556
2.168 -0.0393551
2.169 -0.0391474
2.17 -0.0389643
2.171 -0.0387533
2.172 -0.038481
2.173 -0.0382602
2.174 -0.0380528
2.175 -0.0378572
2.176 -0.03765
2.177 -0.0374244
2.178 -0.0371752
2.179 -0.0369431
2.18 -0.0367469
2.181 -0.0365182
2.182 -0.036323
2.183 -0.0361232
2.184 -0.0359337
2.185 -0.0357335
2.186 -0.0355295
2.187 -0.0353083
2.188 -0.0350786
2.189 -0.0348146
2.19 -0.0345123
2.191 -0.0342121
2.192 -0.0339419
2.193 -0.0336894
2.194 -0.0334642
2.195 -0.0332385
2.196 -0.0330282
2.197 -0.0328217
2.198 -0.0326131
2.199 -0.03231
2.2 -0.0320317
2.201 -0.0317952
2.202 -0.0315478
2.203 -0.0311698
2.204 -0.0308584
2.205 -0.0305808
2.206 -0.0303097
2.207 -0.03005
2.208 -0.0298164
2.209 -0.0295658
2.21 -0.029288
2.211 -0.0290337
2.212 -0.0287797
2.213 -0.0285202
2.214 -0.0282863
2.215 -0.0280463
2.216 -0.0278141
2.217 -0.0275657
2.218 -0.0273313
2.219 -0.0271118
2.22 -0.0268541
2.221 -0.02657
2.222 -0.0263227
2.223 -0.0260253
2.224 -0.0257578
2.225 -0.0254634
2.226 -0.0251651
2.227 -0.0248418
2.228 -0.0245028
2.229 -0.0241963
2.23 -0.0239002
2.231 -0.0236215
2.232 -0.0233597
2.233 -0.0231146
2.234 -0.0228687
2.235 -0.0226361
2.236 -0.0224148
2.237 -0.0222038
2.238 -0.0219958
2.239 -0.0217959
2.24 -0.0215493
2.241 -0.0212799
2.242 -0.0210532
2.243 -0.0208467
2.244 -0.0206177
2.245 -0.0203577
2.246 -0.0200424
2.247 -0.0197591
2.248 -0.0194808
2.249 -0.0191649
2.25 -0.018867
2.251 -0.0185513
2.252 -0.0182074
2.253 -0.0178821
2.254 -0.0175666
2.255 -0.017251
2.256 -0.0168424
2.257 -0.0163651
2.258 -0.0158981
2.259 -0.0154175
2.26 -0.0148953
2.261 -0.0143502
2.262 -0.0137992
2.263 -0.0132488
2.264 -0.0126957
2.265 -0.0121418
2.266 -0.01159
2.267 -0.0110422
2.268 -0.0104678
2.269 -0.00983468
2.27 -0.00920341
2.271 -0.00857066
2.272 -0.00793863
2.273 -0.00727852
2.274 -0.0066409
2.275 -0.00601555
2.276 -0.00539773
2.277 -0.00478787
2.278 -0.00419824
2.279 -0.00362606
2.28 -0.00306901
2.281 -0.00253426
2.282 -0.00202224
2.283 -0.00153322
2.284 -0.0010675
2.285 -0.000625822
2.286 -0.000208915
2.287 0.000182793
2.288 0.000549137
2.289 0.000890065
2.29 0.00120568
2.291 0.00149613
2.292 0.00176172
2.293 0.00200284
2.294 0.00221968
2.295 0.00241342
2.296 0.00258445
2.297 0.00273013
2.298 0.00285731
2.299 0.00296478
2.3 0.00305232
2.301 0.00312073
2.302 0.00315931
2.303 0.00318163
2.304 0.00319112
2.305 0.00318344
2.306 0.00316253
2.307 0.0031291
2.308 0.00308335
2.309 0.00301051
2.31 0.00293858
2.311 0.00286378
2.312 0.00278237
2.313 0.00269377
2.314 0.00259961
2.315 0.00250145
2.316 0.0024001
2.317 0.00229605
2.318 0.00218698
2.319 0.00207775
2.32 0.00196825
2.321 0.00185762
2.322 0.001748
2.323 0.0015918
2.324 0.00143859
2.325 0.00129707
2.326 0.00116013
2.327 0.0010262
2.328 0.000895425
2.329 0.000768411
2.33 0.000646196
2.331 0.000528976
2.332 0.000416624
2.333 0.000309104
2.334 0.000206472
2.335 0.00010877
2.336 1.59714e-05
2.337 -7.19925e-05
2.338 -0.000155199
2.339 -0.000233727
2.34 -0.000307658
2.341 -0.000377084
2.342 -0.000442102
2.343 -0.000502818
2.344 -0.000559343
2.345 -0.000611789
2.346 -0.000660277
2.347 -0.000704929
2.348 -0.000745999
2.349 -0.00078339
2.35 -0.000817404
2.351 -0.000848018
2.352 -0.00087542
2.353 -0.000899765
2.354 -0.000921182
2.355 -0.000939796
2.356 -0.000930382
2.357 -0.000925521
2.358 -0.000919315
2.359 -0.000909001
2.36 -0.000893455
2.361 -0.000873694
2.362 -0.000850761
2.363 -0.000825258
2.364 -0.00079745
2.365 -0.00076758
2.366 -0.000735966
2.367 -0.000701728
2.368 -0.000666947
2.369 -0.000631713
2.37 -0.000596009
2.371 -0.000559932
2.372 -0.000523691
2.373 -0.00048751
2.374 -0.000451575
2.375 -0.000416035
2.376 -0.000381029
2.377 -0.000346684
2.378 -0.000313119
2.379 -0.000280441
2.38 -0.000248741
2.381 -0.0002181
2.382 -0.000188586
2.383 -0.00016026
2.384 -0.000133168
2.385 -0.000107351
2.386 -8.28358e-05
2.387 -5.96451e-05
2.388 -3.77914e-05
2.389 -1.72803e-05
2.39 1.88948e-06
2.391 1.97256e-05
2.392 3.62416e-05
2.393 5.14561e-05
2.394 6.53926e-05
2.395 7.8079e-05
2.396 8.9547e-05
2.397 9.98317e-05
2.398 0.000108971
2.399 0.000117006
2.4 0.000123978
2.401 0.000129934
2.402 0.000134918
2.403 0.000138977
2.404 0.000142161
2.405 0.000144517
2.406 0.000146093
2.407 0.000146939
2.408 0.000147103
2.409 0.000146633
2.41 0.000145577
2.411 0.00014398
2.412 0.00014189
2.413 0.000139349
2.414 0.000136402
2.415 0.00013309
2.416 0.000129455
2.417 0.000125533
2.418 0.000121364
2.419 0.000116983
2.42 0.000112424
2.421 0.000107719
2.422 0.000102899
2.423 9.79924e-05
2.424 9.30266e-05
2.425 8.80269e-05
2.426 8.30169e-05
2.427 7.80183e-05
2.428 7.30516e-05
2.429 6.81351e-05
2.43 6.32859e-05
2.431 5.85193e-05
2.432 5.38492e-05
2.433 4.9288e-05
2.434 4.48466e-05
2.435 4.05346e-05
2.436 3.63604e-05
2.437 3.23309e-05
2.438 2.84522e-05
2.439 2.47289e-05
2.44 2.11647e-05
2.441 1.77624e-05
2.442 1.45237e-05
2.443 1.14497e-05
2.444 8.54023e-06
2.445 5.79483e-06
2.446 3.21215e-06
2.447 7.90208e-07
2.448 -1.4735e-06
2.449 -3.58203e-06
2.45 -5.53887e-06
2.451 -7.34796e-06
2.452 -9.01356e-06
2.453 -1.05403e-05
2.454 -1.1933e-05
2.455 -1.31968e-05
2.456 -1.43369e-05
2.457 -1.53588e-05
2.458 -1.62681e-05
2.459 -1.70703e-05
2.46 -1.77712e-05
2.461 -1.83763e-05
2.462 -1.88915e-05
2.463 -1.93222e-05
2.464 -1.96741e-05
2.465 -1.99528e-05
2.466 -2.01635e-05
2.467 -2.03116e-05
2.468 -2.04022e-05
2.469 -2.04403e-05
2.47 -2.04308e-05
2.471 -2.03784e-05
2.472 -2.02875e-05
2.473 -2.01625e-05
2.474 -2.00076e-05
2.475 -1.98265e-05
2.476 -1.96232e-05
2.477 -1.94011e-05
2.478 -1.91636e-05
2.479 -1.89138e-05
2.48 -1.86546e-05
2.481 -1.83889e-05
2.482 -1.81191e-05
2.483 -1.78476e-05
2.484 -1.75766e-05
2.485 -1.73081e-05
2.486 -1.70439e-05
2.487 -1.67856e-05
2.488 -1.65347e-05
2.489 -1.62926e-05
2.49 -1.60603e-05
2.491 -1.58389e-05
2.492 -1.56292e-05
2.493 -1.5432e-05
2.494 -1.5248e-05
2.495 -1.50775e-05
2.496 -1.4921e-05
2.497 -1.47788e-05
2.498 -1.46509e-05
2.499 -1.45376e-05
2.5 -1.44387e-05
2.501 -1.43543e-05
2.502 -1.42841e-05
2.503 -1.4228e-05
2.504 -1.41856e-05
2.505 -1.41567e-05
2.506 -1.41409e-05
2.507 -1.41377e-05
2.508 -1.41467e-05
2.509 -1.41674e-05
2.51 -1.41993e-05
2.511 -1.42419e-05
2.512 -1.42946e-05
2.513 -1.43569e-05
2.514 -1.44282e-05
2.515 -1.45078e-05
2.516 -1.45953e-05
2.517 -1.469e-05
2.518 -1.47914e-05
2.519 -1.48989e-05
2.52 -1.50119e-05
2.521 -1.51299e-05
2.522 -1.52523e-05
2.523 -1.53786e-05
2.524 -1.55083e-05
2.525 -1.56408e-05
2.526 -1.57758e-05
2.527 -1.59128e-05
2.528 -1.60512e-05
2.529 -1.61908e-05
2.53 -1.6331e-05
2.531 -1.64716e-05
2.532 -1.66121e-05
2.533 -1.67523e-05
2.534 -1.68917e-05
2.535 -1.70302e-05
2.536 -1.71674e-05
2.537 -1.73032e-05
2.538 -1.74372e-05
2.539 -1.75693e-05
2.54 -1.76992e-05
2.541 -1.78269e-05
2.542 -1.79521e-05
2.543 -1.80748e-05
2.544 -1.81947e-05
2.545 -1.83119e-05
2.546 -1.84261e-05
2.547 -1.85375e-05
2.548 -1.86458e-05
2.549 -1.87511e-05
2.55 -1.88534e-05
2.551 -1.89525e-05
2.552 -1.90486e-05
2.553 -1.91416e-05
2.554 -1.92315e-05
2.555 -1.93184e-05
2.556 -1.94022e-05
2.557 -1.94831e-05
2.558 -1.95611e-05
2.559 -1.96362e-05
2.56 -1.97085e-05
2.561 -1.97781e-05
2.562 -1.98449e-05
2.563 -1.99092e-05
2.564 -1.99709e-05
2.565 -2.00302e-05
2.566 -2.00871e-05
2.567 -2.01416e-05
2.568 -2.0194e-05
2.569 -2.02442e-05
2.57 -2.02924e-05
2.571 -2.03385e-05
2.572 -2.03828e-05
2.573 -2.04253e-05
2.574 -2.0466e-05
2.575 -2.05051e-05
2.576 -2.05426e-05
2.577 -2.05786e-05
2.578 -2.06132e-05
2.579 -2.06464e-05
2.58 -2.06784e-05
2.581 -2.07091e-05
2.582 -2.07387e-05
2.583 -2.07671e-05
2.584 -2.07946e-05
2.585 -2.0821e-05
2.586 -2.08466e-05
2.587 -2.08712e-05
2.588 -2.08951e-05
2.589 -2.09182e-05
2.59 -2.09405e-05
2.591 -2.09622e-05
2.592 -2.09832e-05
2.593 -2.10036e-05
2.594 -2.10235e-05
2.595 -2.10428e-05
2.596 -2.10615e-05
2.597 -2.10798e-05
2.598 -2.10977e-05
2.599 -2.11151e-05
2.6 -2.1132e-05
2.601 -2.11486e-05
2.602 -2.11648e-05
2.603 -2.11807e-05
2.604 -2.11961e-05
2.605 -2.12113e-05
2.606 -2.12261e-05
2.607 -2.12406e-05
2.608 -2.12548e-05
2.609 -2.12687e-05
2.61 -2.12822e-05
2.611 -2.12955e-05
2.612 -2.13085e-05
2.613 -2.13212e-05
2.614 -2.13337e-05
2.615 -2.13458e-05
2.616 -2.13577e-05
2.617 -2.13693e-05
2.618 -2.13806e-05
2.619 -2.13916e-05
2.62 -2.14024e-05
2.621 -2.14128e-05
2.622 -2.1423e-05
2.623 -2.14329e-05
2.624 -2.14424e-05
2.625 -2.14517e-05
2.626 -2.14607e-05
2.627 -2.14694e-05
2.628 -2.14778e-05
2.629 -2.14859e-05
2.63 -2.14937e-05
2.631 -2.15012e-05
2.632 -2.15084e-05
2.633 -2.15153e-05
2.634 -2.15218e-05
2.635 -2.15281e-05
2.636 -2.1534e-05
2.637 -2.15396e-05
2.638 -2.15449e-05
2.639 -2.15498e-05
2.64 -2.15545e-05
2.641 -2.15588e-05
2.642 -2.15628e-05
2.643 -2.15665e-05
2.644 -2.15698e-05
2.645 -2.15729e-05
2.646 -2.15756e-05
2.647 -2.15779e-05
2.648 -2.158e-05
2.649 -2.15818e-05
2.65 -2.15832e-05
2.651 -2.15843e-05
2.652 -2.15851e-05
2.653 -2.15856e-05
2.654 -2.15858e-05
2.655 -2.15856e-05
2.656 -2.15852e-05
2.657 -2.15844e-05
2.658 -2.15834e-05
2.659 -2.15821e-05
2.66 -2.15804e-05
2.661 -2.15785e-05
2.662 -2.15763e-05
2.663 -2.15738e-05
2.664 -2.1571e-05
2.665 -2.15679e-05
2.666 -2.15645e-05
2.667 -2.15609e-05
2.668 -2.1557e-05
2.669 -2.15529e-05
2.67 -2.15485e-05
2.671 -2.15438e-05
2.672 -2.15388e-05
2.673 -2.15337e-05
2.674 -2.15282e-05
2.675 -2.15225e-05
2.676 -2.15166e-05
2.677 -2.15105e-05
2.678 -2.15041e-05
2.679 -2.14975e-05
2.68 -2.14906e-05
2.681 -2.14835e-05
2.682 -2.14762e-05
2.683 -2.14687e-05
2.684 -2.1461e-05
2.685 -2.14531e-05
2.686 -2.14449e-05
2.687 -2.14366e-05
2.688 -2.14281e-05
2.689 -2.14193e-05
2.69 -2.14104e-05
2.691 -2.14013e-05
2.692 -2.13919e-05
2.693 -2.13824e-05
2.694 -2.13728e-05
2.695 -2.13629e-05
2.696 -2.13529e-05
2.697 -2.13427e-05
2.698 -2.13323e-05
2.699 -2.13217e-05
2.7 -2.1311e-05
2.701 -2.13001e-05
2.702 -2.12891e-05
2.703 -2.12779e-05
2.704 -2.12665e-05
2.705 -2.1255e-05
2.706 -2.12433e-05
2.707 -2.12315e-05
2.708 -2.12195e-05
2.709 -2.12074e-05
2.71 -2.11952e-05
2.711 -2.11828e-05
2.712 -2.11702e-05
2.713 -2.11576e-05
2.714 -2.11447e-05
2.715 -2.11318e-05
2.716 -2.11187e-05
2.717 -2.11055e-05
2.718 -2.10921e-05
2.719 -2.10787e-05
2.72 -2.10651e-05
2.721 -2.10514e-05
2.722 -2.10375e-05
2.723 -2.10235e-05
2.724 -2.10095e-05
2.725 -2.09952e-05
2.726 -2.09809e-05
2.727 -2.09665e-05
2.728 -2.09519e-05
2.729 -2.09373e-05
2.73 -2.09225e-05
2.731 -2.09076e-05
2.732 -2.08926e-05
2.733 -2.08775e-05
2.734 -2.08623e-05
2.735 -2.0847e-05
2.736 -2.08315e-05
2.737 -2.0816e-05
2.738 -2.08004e-05
2.739 -2.07847e-05
2.74 -2.07688e-05
2.741 -2.07529e-05
2.742 -2.07369e-05
2.743 -2.07208e-05
2.744 -2.07046e-05
2.745 -2.06883e-05
2.746 -2.06719e-05
2.747 -2.06554e-05
2.748 -2.06389e-05
2.749 -2.06222e-05
2.75 -2.06055e-05
2.751 -2.05886e-05
2.752 -2.05717e-05
2.753 -2.05547e-05
2.754 -2.05376e-05
2.755 -2.05205e-05
2.756 -2.05032e-05
2.757 -2.04859e-05
2.758 -2.04685e-05
2.759 -2.0451e-05
2.76 -2.04335e-05
2.761 -2.04158e-05
2.762 -2.03981e-05
2.763 -2.03804e-05
2.764 -2.03625e-05
2.765 -2.03446e-05
2.766 -2.03266e-05
2.767 -2.03085e-05
2.768 -2.02904e-05
2.769 -2.02722e-05
2.77 -2.02539e-05
2.771 -2.02356e-05
2.772 -2.02172e-05
2.773 -2.01988e-05
2.774 -2.01802e-05
2.775 -2.01616e-05
2.776 -2.0143e-05
2.777 -2.01243e-05
2.778 -2.01055e-05
2.779 -2.00867e-05
2.78 -2.00678e-05
2.781 -2.00489e-05
2.782 -2.00299e-05
2.783 -2.00109e-05
2.784 -1.99918e-05
2.785 -1.99726e-05
2.786 -1.99534e-05
2.787 -1.99341e-05
2.788 -1.99148e-05
2.789 -1.98955e-05
2.79 -1.9876e-05
2.791 -1.98566e-05
2.792 -1.98371e-05
2.793 -1.98175e-05
2.794 -1.97979e-05
2.795 -1.97783e-05
2.796 -1.97586e-05
2.797 -1.97389e-05
2.798 -1.97191e-05
2.799 -1.96993e-05
2.8 -1.96794e-05
2.801 -1.96595e-05
2.802 -1.96395e-05
2.803 -1.96196e-05
2.804 -1.95995e-05
2.805 -1.95795e-05
2.806 -1.95594e-05
2.807 -1.95392e-05
2.808 -1.95191e-05
2.809 -1.94988e-05
2.81 -1.94786e-05
2.811 -1.94583e-05
2.812 -1.9438e-05
2.813 -1.94177e-05
2.814 -1.93973e-05
2.815 -1.93769e-05
2.816 -1.93564e-05
2.817 -1.93359e-05
2.818 -1.93154e-05
2.819 -1.92949e-05
2.82 -1.92743e-05
2.821 -1.92537e-05
2.822 -1.92331e-05
2.823 -1.92125e-05
2.824 -1.91918e-05
2.825 -1.91711e-05
2.826 -1.91503e-05
2.827 -1.91296e-05
2.828 -1.91088e-05
2.829 -1.9088e-05
2.83 -1.90672e-05
2.831 -1.90463e-05
2.832 -1.90254e-05
2.833 -1.90045e-05
2.834 -1.89836e-05
2.835 -1.89627e-05
2.836 -1.89417e-05
2.837 -1.89207e-05
2.838 -1.88997e-05
2.839 -1.88787e-05
2.84 -1.88576e-05
2.841 -1.88366e-05
2.842 -1.88155e-05
2.843 -1.87944e-05
2.844 -1.87733e-05
2.845 -1.87521e-05
2.846 -1.8731e-05
2.847 -1.87098e-05
2.848 -1.86886e-05
2.849 -1.86674e-05
2.85 -1.86462e-05
2.851 -1.8625e-05
2.852 -1.86037e-05
2.853 -1.85825e-05
2.854 -1.85612e-05
2.855 -1.85399e-05
2.856 -1.85186e-05
2.857 -1.84973e-05
2.858 -1.8476e-05
2.859 -1.84547e-05
2.86 -1.84333e-05
2.861 -1.8412e-05
2.862 -1.83906e-05
2.863 -1.83693e-05
2.864 -1.83479e-05
2.865 -1.83265e-05
2.866 -1.83051e-05
2.867 -1.82837e-05
2.868 -1.82623e-05
2.869 -1.82408e-05
2.87 -1.82194e-05
2.871 -1.8198e-05
2.872 -1.81765e-05
2.873 -1.81551e-05
2.874 -1.81336e-05
2.875 -1.81122e-05
2.876 -1.80907e-05
2.877 -1.80692e-05
2.878 -1.80477e-05
2.879 -1.80262e-05
2.88 -1.80048e-05
2.881 -1.79833e-05
2.882 -1.79618e-05
2.883 -1.79403e-05
2.884 -1.79188e-05
2.885 -1.78973e-05
2.886 -1.78758e-05
2.887 -1.78543e-05
2.888 -1.78328e-05
2.889 -1.78112e-05
2.89 -1.77897e-05
2.891 -1.77682e-05
2.892 -1.77467e-05
2.893 -1.77252e-05
2.894 -1.77037e-05
2.895 -1.76822e-05
2.896 -1.76606e-05
2.897 -1.76391e-05
2.898 -1.76176e-05
2.899 -1.75961e-05
2.9 -1.75746e-05
2.901 -1.75531e-05
2.902 -1.75316e-05
2.903 -1.75101e-05
2.904 -1.74886e-05
2.905 -1.74671e-05
2.906 -1.74456e-05
2.907 -1.74241e-05
2.908 -1.74026e-05
2.909 -1.73811e-05
2.91 -1.73596e-05
2.911 -1.73381e-05
2.912 -1.73167e-05
2.913 -1.72952e-05
2.914 -1.72737e-05
2.915 -1.72523e-05
2.916 -1.72308e-05
2.917 -1.72094e-05
2.918 -1.71879e-05
2.919 -1.71665e-05
2.92 -1.71451e-05
2.921 -1.71236e-05
2.922 -1.71022e-05
2.923 -1.70808e-05
2.924 -1.70594e-05
2.925 -1.7038e-05
2.926 -1.70166e-05
2.927 -1.69952e-05
2.928 -1.69738e-05
2.929 -1.69525e-05
2.93 -1.69311e-05
2.931 -1.69097e-05
2.932 -1.68884e-05
2.933 -1.6867e-05
2.934 -1.68457e-05
2.935 -1.68244e-05
2.936 -1.68031e-05
2.937 -1.67818e-05
2.938 -1.67605e-05
2.939 -1.67392e-05
2.94 -1.67179e-05
2.941 -1.66967e-05
2.942 -1.66754e-05
2.943 -1.66542e-05
2.944 -1.66329e-05
2.945 -1.66117e-05
2.946 -1.65905e-05
2.947 -1.65693e-05
2.948 -1.65481e-05
2.949 -1.65269e-05
2.95 -1.65057e-05
2.951 -1.64846e-05
2.952 -1.64634e-05
2.953 -1.64423e-05
2.954 -1.64212e-05
2.955 -1.64001e-05
2.956 -1.6379e-05
2.957 -1.63579e-05
2.958 -1.63368e-05
2.959 -1.63157e-05
2.96 -1.62947e-05
2.961 -1.62737e-05
2.962 -1.62526e-05
2.963 -1.62316e-05
2.964 -1.62106e-05
2.965 -1.61896e-05
2.966 -1.61687e-05
2.967 -1.61477e-05
2.968 -1.61268e-05
2.969 -1.61058e-05
2.97 -1.60849e-05
2.971 -1.6064e-05
2.972 -1.60431e-05
2.973 -1.60223e-05
2.974 -1.60014e-05
2.975 -1.59806e-05
2.976 -1.59597e-05
2.977 -1.59389e-05
2.978 -1.59181e-05
2.979 -1.58973e-05
2.98 -1.58765e-05
2.981 -1.58558e-05
2.982 -1.58351e-05
2.983 -1.58143e-05
2.984 -1.57936e-05
2.985 -1.57729e-05
2.986 -1.57522e-05
2.987 -1.57316e-05
2.988 -1.57109e-05
2.989 -1.56903e-05
2.99 -1.56697e-05
2.991 -1.56491e-05
2.992 -1.56285e-05
2.993 -1.56079e-05
2.994 -1.55874e-05
2.995 -1.55669e-05
2.996 -1.55463e-05
2.997 -1.55258e-05
2.998 -1.55054e-05
2.999 -1.54849e-05
