0 -0.00131344
0.001 -0.00176153
0.002 -0.00238359
0.003 -0.00290239
0.004 -0.00350125
0.005 -0.00398772
0.006 -0.00449767
0.007 -0.00493979
0.008 -0.00539488
0.009 -0.00580804
0.01 -0.00622348
0.011 -0.00660904
0.012 -0.00699248
0.013 -0.00735782
0.014 -0.00771721
0.015 -0.00805707
0.016 -0.00839273
0.017 -0.00871542
0.018 -0.00902988
0.019 -0.00933541
0.02 -0.00962946
0.021 -0.00991664
0.022 -0.010199
0.023 -0.0104682
0.024 -0.0107358
0.025 -0.0109972
0.026 -0.0112525
0.027 -0.0115021
0.028 -0.011743
0.029 -0.0119896
0.03 -0.0122185
0.031 -0.0124497
0.032 -0.0126702
0.033 -0.0128913
0.034 -0.0131069
0.035 -0.013322
0.036 -0.0135213
0.037 -0.0137275
0.038 -0.0139229
0.039 -0.0141219
0.04 -0.0143083
0.041 -0.0144958
0.042 -0.0146773
0.043 -0.0148556
0.044 -0.0150362
0.045 -0.0152083
0.046 -0.0153889
0.047 -0.0155585
0.048 -0.0157311
0.049 -0.0158929
0.05 -0.0160521
0.051 -0.0162033
0.052 -0.0163653
0.053 -0.0165182
0.054 -0.0166704
0.055 -0.0168181
0.056 -0.0169584
0.057 -0.0171123
0.058 -0.0172496
0.059 -0.0173951
0.06 -0.0175294
0.061 -0.0176677
0.062 -0.0177962
0.063 -0.0179282
0.064 -0.0180575
0.065 -0.0181853
0.066 -0.0183192
0.067 -0.0184395
0.068 -0.0185681
0.069 -0.018689
0.07 -0.0188097
0.071 -0.0189316
0.072 -0.0190447
0.073 -0.019163
0.074 -0.0192676
0.075 -0.0193873
0.076 -0.0194957
0.077 -0.0196098
0.078 -0.0197213
0.079 -0.0198346
0.08 -0.0199393
0.081 -0.0200386
0.082 -0.0201458
0.083 -0.0202508
0.084 -0.0203517
0.085 -0.0204474
0.086 -0.0205432
0.087 -0.0206567
0.088 -0.0207471
0.089 -0.0208463
0.09 -0.0209323
0.091 -0.0210289
0.092 -0.0211241
0.093 -0.0212128
0.094 -0.0213125
0.095 -0.0213976
0.096 -0.0214922
0.097 -0.0215846
0.098 -0.0216693
0.099 -0.0217533
0.1 -0.0218396
0.101 -0.0219211
0.102 -0.0220025
0.103 -0.0220836
0.104 -0.0221732
0.105 -0.0222564
0.106 -0.0223396
0.107 -0.0224144
0.108 -0.0224892
0.109 -0.02257
0.11 -0.0226486
0.111 -0.0227194
0.112 -0.0227952
0.113 -0.0228709
0.114 -0.0229506
0.115 -0.0230157
0.116 -0.0230896
0.117 -0.0231577
0.118 -0.0232274
0.119 -0.0233029
0.12 -0.0233712
0.121 -0.0234412
0.122 -0.0235106
0.123 -0.0235819
0.124 -0.0236438
0.125 -0.0237083
0.126 -0.0237713
0.127 -0.0238435
0.128 -0.0239074
0.129 -0.0239776
0.13 -0.0240398
0.131 -0.0240997
0.132 -0.0241658
0.133 -0.0242309
0.134 -0.0242836
0.135 -0.0243456
0.136 -0.0244181
0.137 -0.0244733
0.138 -0.0245357
0.139 -0.0245825
0.14 -0.0246508
0.141 -0.0247008
0.142 -0.0247743
0.143 -0.0248225
0.144 -0.0248857
0.145 -0.0249415
0.146 -0.0250006
0.147 -0.025057
0.148 -0.0251076
0.149 -0.0251583
0.15 -0.025213
0.151 -0.025276
0.152 -0.0253309
0.153 -0.0253872
0.154 -0.0254245
0.155 -0.025486
0.156 -0.0255348
0.157 -0.0255837
0.158 -0.025643
0.159 -0.0256852
0.16 -0.0257381
0.161 -0.0257774
0.162 -0.0258293
0.163 -0.0258714
0.164 -0.0259304
0.165 -0.0259729
0.166 -0.0260257
0.167 -0.0260707
0.168 -0.0261216
0.169 -0.0261612
0.17 -0.0262008
0.171 -0.0262522
0.172 -0.0262962
0.173 -0.0263524
0.174 -0.0263931
0.175 -0.0264317
0.176 -0.0264887
0.177 -0.0265247
0.178 -0.0265701
0.179 -0.0266065
0.18 -0.0266638
0.181 -0.0266984
0.182 -0.0267389
0.183 -0.026778
0.184 -0.0268217
0.185 -0.0268718
0.186 -0.0269132
0.187 -0.0269536
0.188 -0.0269981
0.189 -0.0270372
0.19 -0.0270772
0.191 -0.0271128
0.192 -0.0271519
0.193 -0.0271921
0.194 -0.0272441
0.195 -0.0272781
0.196 -0.0273095
0.197 -0.0273528
0.198 -0.0273895
0.199 -0.0274233
0.2 -0.0274715
0.201 -0.0275005
0.202 -0.0275432
0.203 -0.027569
0.204 -0.0276098
0.205 -0.0276378
0.206 -0.0276838
0.207 -0.0277125
0.208 -0.0277547
0.209 -0.0277898
0.21 -0.0278219
0.211 -0.0278469
0.212 -0.0278875
0.213 -0.0279208
0.214 -0.0279659
0.215 -0.0279957
0.216 -0.0280263
0.217 -0.0280658
0.218 -0.0280929
0.219 -0.0281246
0.22 -0.0281649
0.221 -0.0281983
0.222 -0.0282287
0.223 -0.0282539
0.224 -0.0282911
0.225 -0.0283218
0.226 -0.0283624
0.227 -0.0283865
0.228 -0.0284269
0.229 -0.0284536
0.23 -0.0284854
0.231 -0.0285106
0.232 -0.0285408
0.233 -0.0285791
0.234 -0.0286107
0.235 -0.028647
0.236 -0.0286595
0.237 -0.0287021
0.238 -0.0287215
0.239 -0.0287538
0.24 -0.028785
0.241 -0.028813
0.242 -0.0288344
0.243 -0.0288614
0.244 -0.02889
0.245 -0.028923
0.246 -0.0289511
0.247 -0.0289762
0.248 -0.0290122
0.249 -0.0290304
0.25 -0.029055
0.251 -0.0290808
0.252 -0.0291107
0.253 -0.0291452
0.254 -0.0291701
0.255 -0.029193
0.256 -0.029224
0.257 -0.0292425
0.258 -0.0292673
0.259 -0.0293036
0.26 -0.0293225
0.261 -0.0293453
0.262 -0.0293688
0.263 -0.0293991
0.264 -0.0294316
0.265 -0.0294555
0.266 -0.0294777
0.267 -0.0295119
0.268 -0.0295287
0.269 -0.0295513
0.27 -0.0295729
0.271 -0.0295967
0.272 -0.0296356
0.273 -0.029657
0.274 -0.029672
0.275 -0.029701
0.276 -0.0297201
0.277 -0.0297427
0.278 -0.0297711
0.279 -0.0297883
0.28 -0.029808
0.281 -0.0298294
0.282 -0.0298535
0.283 -0.029878
0.284 -0.0298987
0.285 -0.029924
0.286 -0.029948
0.287 -0.0299616
0.288 -0.0299826
0.289 -0.030011
0.29 -0.0300353
0.291 -0.0300603
0.292 -0.0300765
0.293 -0.0301013
0.294 -0.0301228
0.295 -0.0301379
0.296 -0.0301671
0.297 -0.0301853
0.298 -0.0302074
0.299 -0.0302181
0.3 -0.0302423
0.301 -0.030267
0.302 -0.0302919
0.303 -0.0303099
0.304 -0.0303383
0.305 -0.0303518
0.306 -0.0303732
0.307 -0.0303843
0.308 -0.0304068
0.309 -0.0304378
0.31 -0.0304576
0.311 -0.0304646
0.312 -0.0304899
0.313 -0.0305064
0.314 -0.030521
0.315 -0.0305467
0.316 -0.0305619
0.317 -0.0305777
0.318 -0.0305915
0.319 -0.0306109
0.32 -0.0306345
0.321 -0.0306516
0.322 -0.03067
0.323 -0.0306882
0.324 -0.0306985
0.325 -0.0307198
0.326 -0.0307376
0.327 -0.0307658
0.328 -0.0307803
0.329 -0.0307946
0.33 -0.0308165
0.331 -0.0308265
0.332 -0.0308405
0.333 -0.0308714
0.334 -0.0308783
0.335 -0.0308946
0.336 -0.0309087
0.337 -0.0309344
0.338 -0.0309523
0.339 -0.0309672
0.34 -0.0309889
0.341 -0.0310027
0.342 -0.03102
0.343 -0.0310306
0.344 -0.031048
0.345 -0.0310764
0.346 -0.0310902
0.347 -0.0310977
0.348 -0.0311199
0.349 -0.0311307
0.35 -0.0311463
0.351 -0.0311651
0.352 -0.0311791
0.353 -0.0311897
0.354 -0.031203
0.355 -0.0312156
0.356 -0.0312394
0.357 -0.0312508
0.358 -0.0312685
0.359 -0.0312816
0.36 -0.0312917
0.361 -0.0313068
0.362 -0.0313227
0.363 -0.0313463
0.364 -0.0313592
0.365 -0.0313718
0.366 -0.0313896
0.367 -0.0313955
0.368 -0.0314124
0.369 -0.0314355
0.37 -0.0314441
0.371 -0.0314528
0.372 -0.0314666
0.373 -0.0314927
0.374 -0.0315032
0.375 -0.0315168
0.376 -0.0315383
0.377 -0.0315453
0.378 -0.0315566
0.379 -0.0315676
0.38 -0.0315957
0.381 -0.0316072
0.382 -0.0316128
0.383 -0.0316294
0.384 -0.0316447
0.385 -0.0316516
0.386 -0.0316747
0.387 -0.0316776
0.388 -0.0316918
0.389 -0.0316979
0.39 -0.0317172
0.391 -0.0317277
0.392 -0.0317414
0.393 -0.0317565
0.394 -0.0317678
0.395 -0.0317736
0.396 -0.0317891
0.397 -0.0318015
0.398 -0.0318247
0.399 -0.0318324
0.4 -0.0318416
0.401 -0.0318577
0.402 -0.0318624
0.403 -0.0318723
0.404 -0.0318953
0.405 -0.0319016
0.406 -0.0319095
0.407 -0.0319204
0.408 -0.0319401
0.409 -0.0319544
0.41 -0.0319615
0.411 -0.031984
0.412 -0.0319866
0.413 -0.0319967
0.414 -0.0320062
0.415 -0.0320309
0.416 -0.0320382
0.417 -0.0320433
0.418 -0.032059
0.419 -0.0320692
0.42 -0.0320755
0.421 -0.0320937
0.422 -0.0321022
0.423 -0.0321069
0.424 -0.0321169
0.425 -0.0321274
0.426 -0.0321425
0.427 -0.0321526
0.428 -0.032163
0.429 -0.0321739
0.43 -0.0321785
0.431 -0.0321901
0.432 -0.0322001
0.433 -0.0322246
0.434 -0.0322258
0.435 -0.0322436
0.436 -0.032247
0.437 -0.0322558
0.438 -0.0322702
0.439 -0.0322841
0.44 -0.0322815
0.441 -0.0322969
0.442 -0.0323106
0.443 -0.0323255
0.444 -0.0323309
0.445 -0.0323486
0.446 -0.0323548
0.447 -0.0323659
0.448 -0.0323708
0.449 -0.0323808
0.45 -0.0324029
0.451 -0.0324084
0.452 -0.0324119
0.453 -0.0324248
0.454 -0.0324299
0.455 -0.0324438
0.456 -0.0324521
0.457 -0.032458
0.458 -0.0324607
0.459 -0.0324689
0.46 -0.0324881
0.461 -0.0324893
0.462 -0.0325066
0.463 -0.0325113
0.464 -0.0325148
0.465 -0.0325216
0.466 -0.0325374
0.467 -0.0325484
0.468 -0.0325622
0.469 -0.0325601
0.47 -0.0325771
0.471 -0.0325763
0.472 -0.0325891
0.473 -0.0326039
0.474 -0.0326074
0.475 -0.0326102
0.476 -0.0326215
0.477 -0.03264
0.478 -0.0326465
0.479 -0.0326594
0.48 -0.0326651
0.481 -0.0326721
0.482 -0.032674
0.483 -0.0326866
0.484 -0.0327025
0.485 -0.0327141
0.486 -0.0327096
0.487 -0.0327222
0.488 -0.0327293
0.489 -0.0327387
0.49 -0.0327487
0.491 -0.0327535
0.492 -0.032754
0.493 -0.0327599
0.494 -0.032776
0.495 -0.0327813
0.496 -0.0327929
0.497 -0.0327995
0.498 -0.0327984
0.499 -0.0328057
0.5 -0.0328206
0.501 -0.0328303
0.502 -0.0328433
0.503 -0.0328399
0.504 -0.0328565
0.505 -0.0328534
0.506 -0.0328646
0.507 -0.0328784
0.508 -0.0328788
0.509 -0.0328825
0.51 -0.0328948
0.511 -0.032913
0.512 -0.0329115
0.513 -0.0329283
0.514 -0.0329313
0.515 -0.0329397
0.516 -0.0329415
0.517 -0.0329491
0.518 -0.0329687
0.519 -0.0329718
0.52 -0.0329719
0.521 -0.0329837
0.522 -0.0329839
0.523 -0.0329999
0.524 -0.0329993
0.525 -0.0330032
0.526 -0.0330048
0.527 -0.0330154
0.528 -0.0330221
0.529 -0.0330282
0.53 -0.0330389
0.531 -0.0330423
0.532 -0.0330442
0.533 -0.0330514
0.534 -0.0330579
0.535 -0.0330781
0.536 -0.0330756
0.537 -0.033089
0.538 -0.0330887
0.539 -0.033093
0.54 -0.033106
0.541 -0.0331076
0.542 -0.0331093
0.543 -0.0331194
0.544 -0.0331287
0.545 -0.0331406
0.546 -0.0331426
0.547 -0.0331545
0.548 -0.0331605
0.549 -0.0331614
0.55 -0.0331631
0.551 -0.0331829
0.552 -0.0331891
0.553 -0.0331868
0.554 -0.0331962
0.555 -0.0331987
0.556 -0.0332055
0.557 -0.0332137
0.558 -0.0332159
0.559 -0.0332176
0.56 -0.0332214
0.561 -0.033223
0.562 -0.033241
0.563 -0.0332345
0.564 -0.0332574
0.565 -0.0332443
0.566 -0.0332494
0.567 -0.0332658
0.568 -0.0332708
0.569 -0.0332801
0.57 -0.0332777
0.571 -0.0332927
0.572 -0.0332847
0.573 -0.0332934
0.574 -0.0333049
0.575 -0.0333091
0.576 -0.0333059
0.577 -0.0333153
0.578 -0.0333291
0.579 -0.0333304
0.58 -0.0333421
0.581 -0.0333446
0.582 -0.0333502
0.583 -0.0333496
0.584 -0.0333567
0.585 -0.033373
0.586 -0.0333757
0.587 -0.0333731
0.588 -0.0333833
0.589 -0.0333824
0.59 -0.0333967
0.591 -0.033394
0.592 -0.0333964
0.593 -0.0333957
0.594 -0.0334041
0.595 -0.0334094
0.596 -0.0334167
0.597 -0.0334205
0.598 -0.0334267
0.599 -0.0334207
0.6 -0.0334319
0.601 -0.0334398
0.602 -0.033451
0.603 -0.0334456
0.604 -0.0334606
0.605 -0.03345
0.606 -0.033462
0.607 -0.0334709
0.608 -0.033472
0.609 -0.0334715
0.61 -0.0334807
0.611 -0.0334864
0.612 -0.0334992
0.613 -0.0334944
0.614 -0.0335138
0.615 -0.0335044
0.616 -0.0335152
0.617 -0.0335131
0.618 -0.0335325
0.619 -0.0335343
0.62 -0.0335311
0.621 -0.0335353
0.622 -0.0335425
0.623 -0.033545
0.624 -0.033553
0.625 -0.0335505
0.626 -0.0335496
0.627 -0.0335545
0.628 -0.0335644
0.629 -0.0335644
0.63 -0.0335755
0.631 -0.0335749
0.632 -0.0335759
0.633 -0.0335796
0.634 -0.033585
0.635 -0.0336021
0.636 -0.0335975
0.637 -0.0336075
0.638 -0.033603
0.639 -0.0336068
0.64 -0.0336174
0.641 -0.0336164
0.642 -0.0336156
0.643 -0.0336192
0.644 -0.0336294
0.645 -0.033639
0.646 -0.0336374
0.647 -0.033654
0.648 -0.0336458
0.649 -0.0336507
0.65 -0.0336531
0.651 -0.0336699
0.652 -0.0336701
0.653 -0.0336678
0.654 -0.0336737
0.655 -0.0336765
0.656 -0.0336795
0.657 -0.0336858
0.658 -0.0336869
0.659 -0.0336823
0.66 -0.0336859
0.661 -0.0336969
0.662 -0.033695
0.663 -0.0337066
0.664 -0.0337045
0.665 -0.0337049
0.666 -0.0337081
0.667 -0.0337132
0.668 -0.0337296
0.669 -0.0337245
0.67 -0.0337341
0.671 -0.0337289
0.672 -0.0337321
0.673 -0.0337424
0.674 -0.0337406
0.675 -0.0337396
0.676 -0.0337425
0.677 -0.0337518
0.678 -0.0337618
0.679 -0.0337575
0.68 -0.0337754
0.681 -0.033765
0.682 -0.0337717
0.683 -0.0337719
0.684 -0.033788
0.685 -0.0337897
0.686 -0.033785
0.687 -0.0337917
0.688 -0.0337942
0.689 -0.0337963
0.69 -0.0338018
0.691 -0.0337998
0.692 -0.033797
0.693 -0.0338034
0.694 -0.0338079
0.695 -0.0338105
0.696 -0.0338176
0.697 -0.0338172
0.698 -0.0338169
0.699 -0.0338196
0.7 -0.0338239
0.701 -0.0338378
0.702 -0.0338288
0.703 -0.0338426
0.704 -0.033831
0.705 -0.0338398
0.706 -0.0338485
0.707 -0.0338463
0.708 -0.0338464
0.709 -0.0338512
0.71 -0.0338595
0.711 -0.0338686
0.712 -0.0338613
0.713 -0.0338789
0.714 -0.0338655
0.715 -0.0338764
0.716 -0.0338727
0.717 -0.0338908
0.718 -0.0338908
0.719 -0.0338858
0.72 -0.0338913
0.721 -0.0338912
0.722 -0.0339014
0.723 -0.0338984
0.724 -0.0338972
0.725 -0.0338954
0.726 -0.0339018
0.727 -0.0339055
0.728 -0.0339093
0.729 -0.033914
0.73 -0.0339149
0.731 -0.033909
0.732 -0.033918
0.733 -0.0339263
0.734 -0.0339315
0.735 -0.033926
0.736 -0.0339368
0.737 -0.0339303
0.738 -0.0339287
0.739 -0.0339413
0.74 -0.0339411
0.741 -0.0339378
0.742 -0.0339421
0.743 -0.033955
0.744 -0.0339518
0.745 -0.0339622
0.746 -0.0339612
0.747 -0.033965
0.748 -0.0339628
0.749 -0.0339642
0.75 -0.0339791
0.751 -0.0339797
0.752 -0.0339769
0.753 -0.0339839
0.754 -0.0339793
0.755 -0.0339886
0.756 -0.0339814
0.757 -0.0339852
0.758 -0.0339778
0.759 -0.0339851
0.76 -0.0339932
0.761 -0.0339881
0.762 -0.0340048
0.763 -0.0339896
0.764 -0.0339976
0.765 -0.0340019
0.766 -0.034009
0.767 -0.0340151
0.768 -0.0340081
0.769 -0.034017
0.77 -0.0340094
0.771 -0.0340158
0.772 -0.0340215
0.773 -0.0340134
0.774 -0.0340188
0.775 -0.0340259
0.776 -0.0340323
0.777 -0.0340323
0.778 -0.034039
0.779 -0.0340405
0.78 -0.0340397
0.781 -0.0340363
0.782 -0.0340535
0.783 -0.0340534
0.784 -0.034048
0.785 -0.0340536
0.786 -0.0340563
0.787 -0.0340522
0.788 -0.0340597
0.789 -0.0340607
0.79 -0.0340553
0.791 -0.0340538
0.792 -0.0340643
0.793 -0.0340628
0.794 -0.0340703
0.795 -0.0340698
0.796 -0.0340651
0.797 -0.0340703
0.798 -0.0340702
0.799 -0.0340846
0.8 -0.034081
0.801 -0.0340864
0.802 -0.0340833
0.803 -0.034082
0.804 -0.034092
0.805 -0.0340881
0.806 -0.0340852
0.807 -0.0340904
0.808 -0.0340935
0.809 -0.0341047
0.81 -0.034097
0.811 -0.0341135
0.812 -0.0340994
0.813 -0.0341093
0.814 -0.0341045
0.815 -0.0341216
0.816 -0.0341206
0.817 -0.0341146
0.818 -0.0341191
0.819 -0.034118
0.82 -0.0341272
0.821 -0.0341232
0.822 -0.0341208
0.823 -0.0341184
0.824 -0.0341238
0.825 -0.0341272
0.826 -0.0341302
0.827 -0.0341327
0.828 -0.0341319
0.829 -0.0341257
0.83 -0.0341366
0.831 -0.0341421
0.832 -0.0341413
0.833 -0.0341391
0.834 -0.0341489
0.835 -0.0341382
0.836 -0.0341429
0.837 -0.0341508
0.838 -0.0341493
0.839 -0.0341432
0.84 -0.0341521
0.841 -0.0341603
0.842 -0.0341567
0.843 -0.0341666
0.844 -0.0341634
0.845 -0.0341697
0.846 -0.0341613
0.847 -0.0341675
0.848 -0.0341797
0.849 -0.0341682
0.85 -0.0341774
0.851 -0.0341722
0.852 -0.0341772
0.853 -0.0341795
0.854 -0.0341798
0.855 -0.0341772
0.856 -0.0341703
0.857 -0.0341812
0.858 -0.034187
0.859 -0.0341852
0.86 -0.0341898
0.861 -0.03418
0.862 -0.0341836
0.863 -0.0341895
0.864 -0.0341965
0.865 -0.0341938
0.866 -0.034201
0.867 -0.0341964
0.868 -0.0341949
0.869 -0.0342013
0.87 -0.034201
0.871 -0.0341964
0.872 -0.0341978
0.873 -0.0342052
0.874 -0.0342124
0.875 -0.034205
0.876 -0.0342224
0.877 -0.0342099
0.878 -0.0342177
0.879 -0.0342107
0.88 -0.0342293
0.881 -0.0342261
0.882 -0.0342195
0.883 -0.0342235
0.884 -0.0342228
0.885 -0.0342272
0.886 -0.034229
0.887 -0.0342214
0.888 -0.0342222
0.889 -0.0342241
0.89 -0.0342295
0.891 -0.0342301
0.892 -0.0342342
0.893 -0.0342318
0.894 -0.0342258
0.895 -0.034236
0.896 -0.0342414
0.897 -0.0342404
0.898 -0.0342382
0.899 -0.0342468
0.9 -0.0342355
0.901 -0.0342404
0.902 -0.0342473
0.903 -0.034246
0.904 -0.0342393
0.905 -0.0342479
0.906 -0.0342557
0.907 -0.0342518
0.908 -0.0342613
0.909 -0.0342576
0.91 -0.0342628
0.911 -0.0342531
0.912 -0.0342648
0.913 -0.0342715
0.914 -0.0342619
0.915 -0.0342675
0.916 -0.0342662
0.917 -0.0342662
0.918 -0.0342695
0.919 -0.0342709
0.92 -0.0342643
0.921 -0.0342596
0.922 -0.0342715
0.923 -0.0342698
0.924 -0.0342755
0.925 -0.034275
0.926 -0.034268
0.927 -0.0342729
0.928 -0.0342729
0.929 -0.0342837
0.93 -0.0342822
0.931 -0.0342848
0.932 -0.0342803
0.933 -0.0342791
0.934 -0.0342885
0.935 -0.0342838
0.936 -0.0342804
0.937 -0.0342851
0.938 -0.0342867
0.939 -0.0342991
0.94 -0.0342866
0.941 -0.0343054
0.942 -0.0342883
0.943 -0.0342966
0.944 -0.0342925
0.945 -0.0343072
0.946 -0.0343044
0.947 -0.0343009
0.948 -0.0343049
0.949 -0.0343032
0.95 -0.0343084
0.951 -0.0343018
0.952 -0.0343044
0.953 -0.0342983
0.954 -0.0343041
0.955 -0.0343061
0.956 -0.0343088
0.957 -0.0343154
0.958 -0.0343059
0.959 -0.0343001
0.96 -0.0343162
0.961 -0.034312
0.962 -0.0343237
0.963 -0.0343101
0.964 -0.0343216
0.965 -0.0343099
0.966 -0.0343173
0.967 -0.0343198
0.968 -0.0343119
0.969 -0.0343142
0.97 -0.0343222
0.971 -0.0343254
0.972 -0.0343258
0.973 -0.034331
0.974 -0.0343297
0.975 -0.0343283
0.976 -0.0343243
0.977 -0.0343428
0.978 -0.034335
0.979 -0.0343302
0.98 -0.0343387
0.981 -0.0343335
0.982 -0.0343363
0.983 -0.0343382
0.984 -0.0343381
0.985 -0.0343289
0.986 -0.0343314
0.987 -0.034338
0.988 -0.034335
0.989 -0.0343425
0.99 -0.034338
0.991 -0.0343371
0.992 -0.0343355
0.993 -0.034345
0.994 -0.0343482
0.995 -0.0343433
0.996 -0.0343493
0.997 -0.0343423
0.998 -0.0343414
0.999 -0.0343505
1 -0.0343477
1.001 -0.0343434
1.002 -0.034345
1.003 -0.0343573
1.004 -0.0343519
1.005 -0.034361
1.006 -0.0343581
1.007 -0.0343591
1.008 -0.0343546
1.009 -0.0343558
1.01 -0.0343734
1.011 -0.0343618
1.012 -0.0343655
1.013 -0.0343622
1.014 -0.0343607
1.015 -0.0343691
1.016 -0.0343633
1.017 -0.0343628
1.018 -0.0343543
1.019 -0.034364
1.02 -0.0343707
1.021 -0.0343637
1.022 -0.034373
1.023 -0.0343565
1.024 -0.0343654
1.025 -0.0343658
1.026 -0.0343764
1.027 -0.034371
1.028 -0.0343782
1.029 -0.0343715
1.03 -0.0343701
1.031 -0.0343747
1.032 -0.0343743
1.033 -0.0343693
1.034 -0.034369
1.035 -0.0343759
1.036 -0.0343832
1.037 -0.0343738
1.038 -0.0343916
1.039 -0.0343743
1.04 -0.0343846
1.041 -0.0343774
1.042 -0.0343942
1.043 -0.0343916
1.044 -0.0343846
1.045 -0.0343908
1.046 -0.0343837
1.047 -0.0343962
1.048 -0.0343833
1.049 -0.0343871
1.05 -0.0343822
1.051 -0.034386
1.052 -0.034388
1.053 -0.0343891
1.054 -0.0343969
1.055 -0.0343869
1.056 -0.0343806
1.057 -0.0343959
1.058 -0.0343919
1.059 -0.0344018
1.06 -0.034391
1.061 -0.0343993
1.062 -0.0343899
1.063 -0.0343946
1.064 -0.0343979
1.065 -0.0343889
1.066 -0.0343916
1.067 -0.0343986
1.068 -0.0344018
1.069 -0.0344016
1.07 -0.0344067
1.071 -0.0344049
1.072 -0.0344033
1.073 -0.0343989
1.074 -0.0344172
1.075 -0.0344093
1.076 -0.0344054
1.077 -0.0344118
1.078 -0.0344069
1.079 -0.0344092
1.08 -0.0344099
1.081 -0.0344084
1.082 -0.0344006
1.083 -0.0344042
1.084 -0.034408
1.085 -0.0344068
1.086 -0.0344119
1.087 -0.0344089
1.088 -0.0344033
1.089 -0.0344067
1.09 -0.0344153
1.091 -0.0344144
1.092 -0.0344126
1.093 -0.0344165
1.094 -0.0344122
1.095 -0.0344057
1.096 -0.0344183
1.097 -0.0344148
1.098 -0.0344091
1.099 -0.0344119
1.1 -0.0344232
1.101 -0.034418
1.102 -0.0344261
1.103 -0.0344225
1.104 -0.0344259
1.105 -0.0344189
1.106 -0.0344217
1.107 -0.0344348
1.108 -0.0344207
1.109 -0.0344299
1.11 -0.034423
1.111 -0.0344268
1.112 -0.0344287
1.113 -0.0344287
1.114 -0.0344237
1.115 -0.0344162
1.116 -0.034428
1.117 -0.0344282
1.118 -0.0344298
1.119 -0.0344302
1.12 -0.0344211
1.121 -0.0344263
1.122 -0.0344247
1.123 -0.0344352
1.124 -0.034433
1.125 -0.0344353
1.126 -0.0344278
1.127 -0.0344281
1.128 -0.0344361
1.129 -0.0344313
1.13 -0.0344265
1.131 -0.0344315
1.132 -0.0344357
1.133 -0.0344432
1.134 -0.0344332
1.135 -0.0344479
1.136 -0.0344337
1.137 -0.0344387
1.138 -0.0344355
1.139 -0.0344519
1.14 -0.0344467
1.141 -0.0344447
1.142 -0.0344451
1.143 -0.0344427
1.144 -0.034447
1.145 -0.0344423
1.146 -0.0344408
1.147 -0.0344323
1.148 -0.0344373
1.149 -0.0344437
1.15 -0.0344358
1.151 -0.0344513
1.152 -0.0344301
1.153 -0.0344402
1.154 -0.034441
1.155 -0.0344477
1.156 -0.0344502
1.157 -0.0344441
1.158 -0.0344501
1.159 -0.0344392
1.16 -0.0344512
1.161 -0.0344451
1.162 -0.0344415
1.163 -0.034444
1.164 -0.0344506
1.165 -0.0344537
1.166 -0.0344528
1.167 -0.0344623
1.168 -0.034452
1.169 -0.0344524
1.17 -0.0344522
1.171 -0.034463
1.172 -0.0344642
1.173 -0.0344532
1.174 -0.0344572
1.175 -0.0344542
1.176 -0.0344589
1.177 -0.034459
1.178 -0.0344508
1.179 -0.0344498
1.18 -0.0344517
1.181 -0.0344555
1.182 -0.0344562
1.183 -0.0344577
1.184 -0.0344558
1.185 -0.0344457
1.186 -0.034458
1.187 -0.0344607
1.188 -0.0344613
1.189 -0.0344569
1.19 -0.0344634
1.191 -0.0344515
1.192 -0.0344592
1.193 -0.0344613
1.194 -0.0344555
1.195 -0.0344526
1.196 -0.0344629
1.197 -0.0344647
1.198 -0.0344643
1.199 -0.0344678
1.2 -0.0344686
1.201 -0.0344649
1.202 -0.0344604
1.203 -0.0344756
1.204 -0.0344734
1.205 -0.0344645
1.206 -0.0344733
1.207 -0.0344675
1.208 -0.0344697
1.209 -0.0344714
1.21 -0.0344699
1.211 -0.0344604
1.212 -0.0344622
1.213 -0.0344688
1.214 -0.0344645
1.215 -0.0344722
1.216 -0.0344667
1.217 -0.0344655
1.218 -0.034463
1.219 -0.0344723
1.22 -0.0344748
1.221 -0.0344692
1.222 -0.0344743
1.223 -0.0344685
1.224 -0.0344656
1.225 -0.0344743
1.226 -0.0344716
1.227 -0.0344659
1.228 -0.0344679
1.229 -0.0344789
1.23 -0.0344733
1.231 -0.0344812
1.232 -0.0344776
1.233 -0.0344793
1.234 -0.0344737
1.235 -0.0344747
1.236 -0.034489
1.237 -0.0344733
1.238 -0.0344834
1.239 -0.0344751
1.24 -0.0344793
1.241 -0.0344806
1.242 -0.0344805
1.243 -0.0344752
1.244 -0.0344671
1.245 -0.0344799
1.246 -0.0344781
1.247 -0.0344812
1.248 -0.03448
1.249 -0.0344719
1.25 -0.0344759
1.251 -0.0344739
1.252 -0.0344866
1.253 -0.0344807
1.254 -0.0344855
1.255 -0.0344756
1.256 -0.0344769
1.257 -0.0344843
1.258 -0.0344796
1.259 -0.0344755
1.26 -0.034479
1.261 -0.0344842
1.262 -0.0344916
1.263 -0.0344835
1.264 -0.0344937
1.265 -0.0344832
1.266 -0.0344862
1.267 -0.0344831
1.268 -0.0344984
1.269 -0.0344898
1.27 -0.0344922
1.271 -0.0344911
1.272 -0.034488
1.273 -0.0344915
1.274 -0.0344857
1.275 -0.0344851
1.276 -0.0344796
1.277 -0.0344804
1.278 -0.0344896
1.279 -0.03448
1.28 -0.0344944
1.281 -0.0344737
1.282 -0.0344808
1.283 -0.0344845
1.284 -0.0344879
1.285 -0.0344913
1.286 -0.0344887
1.287 -0.034491
1.288 -0.0344836
1.289 -0.0344898
1.29 -0.0344887
1.291 -0.0344823
1.292 -0.0344846
1.293 -0.0344894
1.294 -0.0344949
1.295 -0.0344891
1.296 -0.0345028
1.297 -0.0344901
1.298 -0.0344959
1.299 -0.0344876
1.3 -0.0345053
1.301 -0.0345009
1.302 -0.0344931
1.303 -0.034497
1.304 -0.0344936
1.305 -0.0345027
1.306 -0.0344905
1.307 -0.034493
1.308 -0.0344885
1.309 -0.0344913
1.31 -0.0344933
1.311 -0.0344937
1.312 -0.0345014
1.313 -0.0344908
1.314 -0.0344842
1.315 -0.0344989
1.316 -0.0344944
1.317 -0.0345046
1.318 -0.0344927
1.319 -0.0345011
1.32 -0.0344896
1.321 -0.0344946
1.322 -0.0345002
1.323 -0.0344878
1.324 -0.0344913
1.325 -0.0344978
1.326 -0.0345015
1.327 -0.0344996
1.328 -0.0345046
1.329 -0.0345024
1.33 -0.0344994
1.331 -0.0344965
1.332 -0.0345119
1.333 -0.0345064
1.334 -0.0345018
1.335 -0.0345039
1.336 -0.0345026
1.337 -0.0345043
1.338 -0.0345047
1.339 -0.0344989
1.34 -0.0344949
1.341 -0.0344988
1.342 -0.0344993
1.343 -0.0345018
1.344 -0.0345009
1.345 -0.0345031
1.346 -0.0344919
1.347 -0.0344985
1.348 -0.0345065
1.349 -0.0345023
1.35 -0.0344995
1.351 -0.0345073
1.352 -0.034496
1.353 -0.0344982
1.354 -0.0345047
1.355 -0.034502
1.356 -0.0344945
1.357 -0.034502
1.358 -0.0345088
1.359 -0.0345039
1.36 -0.0345114
1.361 -0.0345076
1.362 -0.0345088
1.363 -0.0345012
1.364 -0.0345125
1.365 -0.0345152
1.366 -0.0345058
1.367 -0.0345106
1.368 -0.0345105
1.369 -0.0345044
1.37 -0.0345097
1.371 -0.0345104
1.372 -0.0345002
1.373 -0.0345008
1.374 -0.0345069
1.375 -0.0345034
1.376 -0.0345102
1.377 -0.0345056
1.378 -0.0345023
1.379 -0.0345023
1.38 -0.0345042
1.381 -0.0345135
1.382 -0.034504
1.383 -0.0345137
1.384 -0.0345013
1.385 -0.034504
1.386 -0.0345102
1.387 -0.0345089
1.388 -0.034502
1.389 -0.0345038
1.39 -0.0345145
1.391 -0.0345096
1.392 -0.0345172
1.393 -0.0345142
1.394 -0.0345141
1.395 -0.0345093
1.396 -0.0345097
1.397 -0.0345268
1.398 -0.0345104
1.399 -0.0345179
1.4 -0.0345125
1.401 -0.0345132
1.402 -0.0345177
1.403 -0.0345135
1.404 -0.0345113
1.405 -0.0345017
1.406 -0.0345119
1.407 -0.0345158
1.408 -0.0345121
1.409 -0.0345158
1.41 -0.0345043
1.411 -0.034511
1.412 -0.0345072
1.413 -0.034518
1.414 -0.0345152
1.415 -0.0345166
1.416 -0.0345098
1.417 -0.0345092
1.418 -0.0345171
1.419 -0.0345118
1.42 -0.0345072
1.421 -0.0345114
1.422 -0.0345154
1.423 -0.0345225
1.424 -0.0345122
1.425 -0.0345264
1.426 -0.034512
1.427 -0.0345174
1.428 -0.0345128
1.429 -0.0345297
1.43 -0.0345209
1.431 -0.0345228
1.432 -0.0345214
1.433 -0.0345184
1.434 -0.0345218
1.435 -0.0345144
1.436 -0.034516
1.437 -0.0345063
1.438 -0.0345114
1.439 -0.0345174
1.44 -0.0345097
1.441 -0.0345226
1.442 -0.0345028
1.443 -0.0345103
1.444 -0.0345132
1.445 -0.0345167
1.446 -0.0345198
1.447 -0.0345166
1.448 -0.0345191
1.449 -0.0345117
1.45 -0.0345176
1.451 -0.0345167
1.452 -0.03451
1.453 -0.0345124
1.454 -0.034517
1.455 -0.0345225
1.456 -0.0345165
1.457 -0.0345302
1.458 -0.0345173
1.459 -0.0345231
1.46 -0.0345147
1.461 -0.0345323
1.462 -0.0345276
1.463 -0.034521
1.464 -0.034523
1.465 -0.0345203
1.466 -0.0345288
1.467 -0.0345173
1.468 -0.0345191
1.469 -0.0345149
1.47 -0.0345173
1.471 -0.0345195
1.472 -0.0345196
1.473 -0.0345273
1.474 -0.0345156
1.475 -0.03451
1.476 -0.0345242
1.477 -0.0345198
1.478 -0.0345303
1.479 -0.0345162
1.48 -0.0345268
1.481 -0.0345138
1.482 -0.0345209
1.483 -0.0345247
1.484 -0.0345123
1.485 -0.0345159
1.486 -0.0345222
1.487 -0.0345264
1.488 -0.0345239
1.489 -0.0345287
1.49 -0.034526
1.491 -0.0345226
1.492 -0.0345206
1.493 -0.034536
1.494 -0.0345295
1.495 -0.0345268
1.496 -0.0345267
1.497 -0.0345278
1.498 -0.0345257
1.499 -0.0345285
1.5 -0.0345187
1.501 -0.0345192
1.502 -0.0345186
1.503 -0.0345223
1.504 -0.0345231
1.505 -0.0345248
1.506 -0.0345232
1.507 -0.0345146
1.508 -0.0345213
1.509 -0.0345291
1.51 -0.0345239
1.511 -0.0345216
1.512 -0.0345291
1.513 -0.0345167
1.514 -0.0345209
1.515 -0.034527
1.516 -0.0345189
1.517 -0.0345169
1.518 -0.0345248
1.519 -0.0345284
1.52 -0.0345258
1.521 -0.0345312
1.522 -0.0345298
1.523 -0.0345273
1.524 -0.0345215
1.525 -0.0345371
1.526 -0.0345349
1.527 -0.0345265
1.528 -0.0345321
1.529 -0.0345304
1.53 -0.0345289
1.531 -0.0345326
1.532 -0.034529
1.533 -0.0345203
1.534 -0.0345211
1.535 -0.0345279
1.536 -0.0345229
1.537 -0.0345307
1.538 -0.0345247
1.539 -0.0345234
1.54 -0.0345206
1.541 -0.0345297
1.542 -0.0345319
1.543 -0.0345261
1.544 -0.0345318
1.545 -0.0345236
1.546 -0.0345222
1.547 -0.0345302
1.548 -0.0345274
1.549 -0.0345212
1.55 -0.0345232
1.551 -0.0345338
1.552 -0.0345282
1.553 -0.0345357
1.554 -0.0345316
1.555 -0.0345345
1.556 -0.0345269
1.557 -0.0345293
1.558 -0.0345419
1.559 -0.0345273
1.56 -0.034536
1.561 -0.0345286
1.562 -0.0345318
1.563 -0.0345325
1.564 -0.0345329
1.565 -0.0345258
1.566 -0.034519
1.567 -0.0345302
1.568 -0.0345259
1.569 -0.034532
1.57 -0.0345289
1.571 -0.0345223
1.572 -0.0345247
1.573 -0.0345237
1.574 -0.0345385
1.575 -0.0345262
1.576 -0.0345342
1.577 -0.0345215
1.578 -0.0345254
1.579 -0.0345332
1.58 -0.0345264
1.581 -0.034525
1.582 -0.0345228
1.583 -0.0345328
1.584 -0.0345371
1.585 -0.0345352
1.586 -0.0345371
1.587 -0.0345346
1.588 -0.0345319
1.589 -0.03453
1.59 -0.0345429
1.591 -0.0345406
1.592 -0.0345358
1.593 -0.03454
1.594 -0.0345317
1.595 -0.0345405
1.596 -0.0345322
1.597 -0.0345313
1.598 -0.0345257
1.599 -0.0345297
1.6 -0.0345367
1.601 -0.034526
1.602 -0.0345396
1.603 -0.034519
1.604 -0.0345263
1.605 -0.034529
1.606 -0.0345368
1.607 -0.0345328
1.608 -0.0345378
1.609 -0.0345313
1.61 -0.0345286
1.611 -0.0345326
1.612 -0.0345296
1.613 -0.0345258
1.614 -0.0345244
1.615 -0.0345311
1.616 -0.0345369
1.617 -0.0345299
1.618 -0.0345426
1.619 -0.0345277
1.62 -0.0345344
1.621 -0.0345293
1.622 -0.0345427
1.623 -0.0345391
1.624 -0.0345345
1.625 -0.0345375
1.626 -0.0345345
1.627 -0.034538
1.628 -0.0345335
1.629 -0.0345314
1.63 -0.0345247
1.631 -0.0345283
1.632 -0.0345318
1.633 -0.034527
1.634 -0.0345394
1.635 -0.0345231
1.636 -0.034528
1.637 -0.0345298
1.638 -0.0345353
1.639 -0.034538
1.64 -0.0345304
1.641 -0.0345363
1.642 -0.0345258
1.643 -0.0345368
1.644 -0.0345306
1.645 -0.0345259
1.646 -0.0345298
1.647 -0.0345345
1.648 -0.0345385
1.649 -0.0345353
1.65 -0.0345467
1.651 -0.0345341
1.652 -0.0345357
1.653 -0.034534
1.654 -0.0345452
1.655 -0.0345456
1.656 -0.0345337
1.657 -0.0345368
1.658 -0.0345366
1.659 -0.0345372
1.66 -0.0345395
1.661 -0.034529
1.662 -0.0345297
1.663 -0.0345295
1.664 -0.0345345
1.665 -0.0345335
1.666 -0.034536
1.667 -0.034532
1.668 -0.0345231
1.669 -0.0345343
1.67 -0.0345369
1.671 -0.0345377
1.672 -0.0345341
1.673 -0.0345375
1.674 -0.0345307
1.675 -0.0345318
1.676 -0.034537
1.677 -0.0345256
1.678 -0.034529
1.679 -0.0345349
1.68 -0.0345377
1.681 -0.0345368
1.682 -0.0345414
1.683 -0.0345391
1.684 -0.0345369
1.685 -0.0345324
1.686 -0.034549
1.687 -0.0345416
1.688 -0.034538
1.689 -0.0345407
1.69 -0.0345379
1.691 -0.0345401
1.692 -0.0345411
1.693 -0.0345361
1.694 -0.03453
1.695 -0.0345339
1.696 -0.0345341
1.697 -0.0345365
1.698 -0.0345355
1.699 -0.0345373
1.7 -0.0345261
1.701 -0.0345328
1.702 -0.0345389
1.703 -0.0345394
1.704 -0.0345336
1.705 -0.0345416
1.706 -0.03453
1.707 -0.0345319
1.708 -0.0345385
1.709 -0.034535
1.71 -0.0345275
1.711 -0.0345346
1.712 -0.0345413
1.713 -0.0345362
1.714 -0.0345439
1.715 -0.0345396
1.716 -0.0345414
1.717 -0.0345326
1.718 -0.0345443
1.719 -0.0345465
1.72 -0.0345372
1.721 -0.0345416
1.722 -0.0345415
1.723 -0.0345352
1.724 -0.0345404
1.725 -0.0345409
1.726 -0.0345306
1.727 -0.034531
1.728 -0.034537
1.729 -0.0345334
1.73 -0.0345401
1.731 -0.0345353
1.732 -0.0345319
1.733 -0.0345323
1.734 -0.0345333
1.735 -0.0345428
1.736 -0.0345329
1.737 -0.034542
1.738 -0.03453
1.739 -0.0345325
1.74 -0.0345385
1.741 -0.0345371
1.742 -0.0345301
1.743 -0.0345322
1.744 -0.0345428
1.745 -0.0345374
1.746 -0.0345451
1.747 -0.0345419
1.748 -0.0345418
1.749 -0.0345367
1.75 -0.0345373
1.751 -0.0345529
1.752 -0.0345357
1.753 -0.0345447
1.754 -0.0345378
1.755 -0.0345416
1.756 -0.0345418
1.757 -0.0345407
1.758 -0.0345365
1.759 -0.0345273
1.76 -0.0345395
1.761 -0.0345403
1.762 -0.0345391
1.763 -0.0345409
1.764 -0.03453
1.765 -0.0345357
1.766 -0.0345319
1.767 -0.0345453
1.768 -0.0345386
1.769 -0.0345434
1.77 -0.0345329
1.771 -0.0345341
1.772 -0.0345412
1.773 -0.0345361
1.774 -0.0345328
1.775 -0.034533
1.776 -0.0345409
1.777 -0.0345462
1.778 -0.0345405
1.779 -0.0345472
1.78 -0.0345403
1.781 -0.0345389
1.782 -0.034539
1.783 -0.0345501
1.784 -0.0345469
1.785 -0.0345437
1.786 -0.0345461
1.787 -0.03454
1.788 -0.0345466
1.789 -0.0345401
1.79 -0.0345378
1.791 -0.0345341
1.792 -0.0345321
1.793 -0.0345458
1.794 -0.0345307
1.795 -0.034548
1.796 -0.0345249
1.797 -0.0345335
1.798 -0.0345356
1.799 -0.0345443
1.8 -0.0345424
1.801 -0.0345429
1.802 -0.0345378
1.803 -0.0345362
1.804 -0.0345401
1.805 -0.0345385
1.806 -0.0345322
1.807 -0.0345324
1.808 -0.0345377
1.809 -0.0345449
1.81 -0.0345338
1.811 -0.0345513
1.812 -0.0345328
1.813 -0.0345425
1.814 -0.0345349
1.815 -0.0345512
1.816 -0.0345474
1.817 -0.0345414
1.818 -0.0345444
1.819 -0.0345419
1.82 -0.0345456
1.821 -0.034538
1.822 -0.0345394
1.823 -0.0345311
1.824 -0.0345362
1.825 -0.0345379
1.826 -0.0345369
1.827 -0.0345461
1.828 -0.0345315
1.829 -0.034533
1.83 -0.0345382
1.831 -0.034541
1.832 -0.0345457
1.833 -0.0345345
1.834 -0.0345425
1.835 -0.0345329
1.836 -0.0345431
1.837 -0.034536
1.838 -0.0345317
1.839 -0.0345358
1.84 -0.0345398
1.841 -0.0345446
1.842 -0.0345409
1.843 -0.0345528
1.844 -0.0345401
1.845 -0.0345418
1.846 -0.0345396
1.847 -0.0345509
1.848 -0.0345512
1.849 -0.0345401
1.85 -0.0345435
1.851 -0.0345405
1.852 -0.0345444
1.853 -0.0345435
1.854 -0.0345359
1.855 -0.0345337
1.856 -0.0345358
1.857 -0.0345388
1.858 -0.0345395
1.859 -0.0345404
1.86 -0.0345379
1.861 -0.0345277
1.862 -0.0345396
1.863 -0.034542
1.864 -0.0345413
1.865 -0.0345397
1.866 -0.0345422
1.867 -0.0345343
1.868 -0.0345368
1.869 -0.0345408
1.87 -0.0345301
1.871 -0.0345338
1.872 -0.0345384
1.873 -0.0345425
1.874 -0.0345407
1.875 -0.0345454
1.876 -0.0345446
1.877 -0.034541
1.878 -0.0345362
1.879 -0.0345538
1.88 -0.0345453
1.881 -0.0345407
1.882 -0.0345466
1.883 -0.034541
1.884 -0.0345446
1.885 -0.0345445
1.886 -0.0345403
1.887 -0.0345333
1.888 -0.0345377
1.889 -0.0345378
1.89 -0.0345403
1.891 -0.0345392
1.892 -0.034541
1.893 -0.0345298
1.894 -0.0345364
1.895 -0.0345425
1.896 -0.0345451
1.897 -0.0345376
1.898 -0.0345456
1.899 -0.0345351
1.9 -0.0345358
1.901 -0.034543
1.902 -0.0345388
1.903 -0.0345314
1.904 -0.0345384
1.905 -0.034545
1.906 -0.0345397
1.907 -0.0345481
1.908 -0.0345432
1.909 -0.0345461
1.91 -0.0345362
1.911 -0.0345463
1.912 -0.0345541
1.913 -0.0345396
1.914 -0.0345462
1.915 -0.0345442
1.916 -0.0345402
1.917 -0.0345434
1.918 -0.0345448
1.919 -0.0345338
1.92 -0.0345337
1.921 -0.0345407
1.922 -0.0345369
1.923 -0.0345431
1.924 -0.0345386
1.925 -0.0345346
1.926 -0.0345353
1.927 -0.0345358
1.928 -0.0345464
1.929 -0.0345354
1.93 -0.0345456
1.931 -0.0345326
1.932 -0.0345358
1.933 -0.0345412
1.934 -0.0345399
1.935 -0.0345327
1.936 -0.0345344
1.937 -0.0345449
1.938 -0.0345398
1.939 -0.0345472
1.94 -0.0345442
1.941 -0.0345439
1.942 -0.0345389
1.943 -0.0345391
1.944 -0.034555
1.945 -0.0345399
1.946 -0.0345466
1.947 -0.0345412
1.948 -0.0345416
1.949 -0.0345461
1.95 -0.0345417
1.951 -0.0345394
1.952 -0.034529
1.953 -0.0345419
1.954 -0.034542
1.955 -0.0345409
1.956 -0.0345425
1.957 -0.034532
1.958 -0.0345373
1.959 -0.0345346
1.96 -0.0345444
1.961 -0.0345424
1.962 -0.0345437
1.963 -0.0345353
1.964 -0.034535
1.965 -0.0345429
1.966 -0.0345374
1.967 -0.0345334
1.968 -0.0345363
1.969 -0.0345414
1.97 -0.034549
1.971 -0.0345402
1.972 -0.0345496
1.973 -0.0345404
1.974 -0.0345408
1.975 -0.0345395
1.976 -0.0345517
1.977 -0.0345471
1.978 -0.0345459
1.979 -0.0345467
1.98 -0.0345425
1.981 -0.0345471
1.982 -0.0345414
1.983 -0.0345381
1.984 -0.0345344
1.985 -0.034533
1.986 -0.0345446
1.987 -0.034531
1.988 -0.034548
1.989 -0.0345252
1.99 -0.0345334
1.991 -0.0345358
1.992 -0.0345437
1.993 -0.0345413
1.994 -0.0345431
1.995 -0.0345374
1.996 -0.034536
1.997 -0.0345425
1.998 -0.0345381
1.999 -0.0345329
2 -0.0345324
2.001 -0.034538
2.002 -0.0345449
2.003 -0.0345351
2.004 -0.0345516
2.005 -0.0345338
2.006 -0.0345432
2.007 -0.0345354
2.008 -0.0345514
2.009 -0.0345478
2.01 -0.0345403
2.011 -0.0345451
2.012 -0.0345395
2.013 -0.0345468
2.014 -0.0345365
2.015 -0.0345398
2.016 -0.03453
2.017 -0.0345362
2.018 -0.0345371
2.019 -0.0345375
2.02 -0.0345444
2.021 -0.0345327
2.022 -0.0345286
2.023 -0.0345404
2.024 -0.034538
2.025 -0.0345461
2.026 -0.0345324
2.027 -0.0345423
2.028 -0.0345313
2.029 -0.0345407
2.03 -0.0345374
2.031 -0.034529
2.032 -0.0345356
2.033 -0.0345376
2.034 -0.0345445
2.035 -0.0345389
2.036 -0.0345518
2.037 -0.0345385
2.038 -0.0345405
2.039 -0.0345379
2.04 -0.0345505
2.041 -0.0345473
2.042 -0.0345411
2.043 -0.0345401
2.044 -0.0345412
2.045 -0.0345403
2.046 -0.0345438
2.047 -0.0345329
2.048 -0.0345328
2.049 -0.0345333
2.05 -0.0345373
2.051 -0.0345372
2.052 -0.0345387
2.053 -0.034536
2.054 -0.0345258
2.055 -0.0345375
2.056 -0.03454
2.057 -0.0345396
2.058 -0.0345365
2.059 -0.0345406
2.06 -0.0345298
2.061 -0.0345352
2.062 -0.0345369
2.063 -0.0345283
2.064 -0.034531
2.065 -0.0345357
2.066 -0.0345401
2.067 -0.0345378
2.068 -0.0345424
2.069 -0.034542
2.07 -0.0345385
2.071 -0.0345333
2.072 -0.034551
2.073 -0.0345422
2.074 -0.0345364
2.075 -0.0345439
2.076 -0.0345375
2.077 -0.0345397
2.078 -0.0345394
2.079 -0.0345376
2.08 -0.0345287
2.081 -0.034534
2.082 -0.034534
2.083 -0.0345355
2.084 -0.0345367
2.085 -0.0345362
2.086 -0.0345263
2.087 -0.0345322
2.088 -0.0345387
2.089 -0.0345402
2.09 -0.0345337
2.091 -0.0345407
2.092 -0.0345317
2.093 -0.0345302
2.094 -0.0345384
2.095 -0.0345343
2.096 -0.034527
2.097 -0.0345338
2.098 -0.0345405
2.099 -0.0345352
2.1 -0.0345436
2.101 -0.0345387
2.102 -0.0345424
2.103 -0.0345316
2.104 -0.0345418
2.105 -0.0345494
2.106 -0.0345352
2.107 -0.0345417
2.108 -0.0345387
2.109 -0.0345368
2.11 -0.0345383
2.111 -0.0345395
2.112 -0.0345297
2.113 -0.0345278
2.114 -0.0345354
2.115 -0.034532
2.116 -0.0345377
2.117 -0.0345334
2.118 -0.0345297
2.119 -0.0345295
2.12 -0.034531
2.121 -0.0345414
2.122 -0.0345299
2.123 -0.0345408
2.124 -0.0345256
2.125 -0.0345309
2.126 -0.0345352
2.127 -0.0345345
2.128 -0.0345265
2.129 -0.0345284
2.13 -0.0345387
2.131 -0.034534
2.132 -0.0345409
2.133 -0.0345381
2.134 -0.0345376
2.135 -0.0345326
2.136 -0.0345327
2.137 -0.0345498
2.138 -0.0345363
2.139 -0.0345403
2.14 -0.0345366
2.141 -0.0345335
2.142 -0.0345418
2.143 -0.0345344
2.144 -0.0345339
2.145 -0.0345228
2.146 -0.0345341
2.147 -0.0345368
2.148 -0.0345335
2.149 -0.0345366
2.15 -0.0345255
2.151 -0.0345314
2.152 -0.0345278
2.153 -0.034538
2.154 -0.0345352
2.155 -0.0345363
2.156 -0.0345293
2.157 -0.0345284
2.158 -0.0345362
2.159 -0.0345306
2.16 -0.0345258
2.161 -0.0345298
2.162 -0.0345337
2.163 -0.0345405
2.164 -0.03453
2.165 -0.034544
2.166 -0.0345295
2.167 -0.0345346
2.168 -0.0345299
2.169 -0.0345466
2.17 -0.0345375
2.171 -0.0345392
2.172 -0.0345373
2.173 -0.0345345
2.174 -0.0345375
2.175 -0.0345299
2.176 -0.0345314
2.177 -0.0345219
2.178 -0.0345262
2.179 -0.0345323
2.18 -0.0345242
2.181 -0.0345371
2.182 -0.0345169
2.183 -0.0345231
2.184 -0.034527
2.185 -0.0345298
2.186 -0.034533
2.187 -0.0345305
2.188 -0.0345322
2.189 -0.0345244
2.19 -0.034531
2.191 -0.0345285
2.192 -0.0345225
2.193 -0.0345225
2.194 -0.0345287
2.195 -0.0345337
2.196 -0.0345254
2.197 -0.0345409
2.198 -0.0345267
2.199 -0.034533
2.2 -0.0345251
2.201 -0.0345415
2.202 -0.0345375
2.203 -0.0345299
2.204 -0.0345352
2.205 -0.0345273
2.206 -0.0345389
2.207 -0.0345251
2.208 -0.0345295
2.209 -0.0345219
2.21 -0.0345266
2.211 -0.0345265
2.212 -0.0345283
2.213 -0.0345339
2.214 -0.0345231
2.215 -0.0345164
2.216 -0.0345312
2.217 -0.0345261
2.218 -0.0345368
2.219 -0.0345206
2.22 -0.0345304
2.221 -0.034519
2.222 -0.0345261
2.223 -0.0345292
2.224 -0.0345167
2.225 -0.0345206
2.226 -0.0345263
2.227 -0.0345307
2.228 -0.0345277
2.229 -0.0345324
2.23 -0.0345293
2.231 -0.0345256
2.232 -0.0345238
2.233 -0.0345387
2.234 -0.0345329
2.235 -0.034529
2.236 -0.0345283
2.237 -0.0345309
2.238 -0.0345267
2.239 -0.0345314
2.24 -0.03452
2.241 -0.0345204
2.242 -0.0345198
2.243 -0.0345233
2.244 -0.0345236
2.245 -0.0345261
2.246 -0.0345222
2.247 -0.0345147
2.248 -0.0345221
2.249 -0.0345283
2.25 -0.0345248
2.251 -0.0345223
2.252 -0.0345283
2.253 -0.0345158
2.254 -0.0345214
2.255 -0.034527
2.256 -0.0345177
2.257 -0.0345159
2.258 -0.0345237
2.259 -0.0345266
2.26 -0.0345244
2.261 -0.0345285
2.262 -0.0345278
2.263 -0.0345245
2.264 -0.0345188
2.265 -0.0345341
2.266 -0.0345321
2.267 -0.034523
2.268 -0.0345303
2.269 -0.0345248
2.27 -0.0345256
2.271 -0.034528
2.272 -0.0345249
2.273 -0.0345153
2.274 -0.0345163
2.275 -0.0345227
2.276 -0.0345177
2.277 -0.0345251
2.278 -0.034519
2.279 -0.0345167
2.28 -0.0345145
2.281 -0.0345231
2.282 -0.0345253
2.283 -0.0345191
2.284 -0.0345239
2.285 -0.0345175
2.286 -0.0345127
2.287 -0.0345224
2.288 -0.0345191
2.289 -0.0345122
2.29 -0.0345146
2.291 -0.0345249
2.292 -0.0345188
2.293 -0.0345264
2.294 -0.0345221
2.295 -0.0345239
2.296 -0.0345171
2.297 -0.0345188
2.298 -0.0345311
2.299 -0.0345169
2.3 -0.034526
2.301 -0.0345191
2.302 -0.0345203
2.303 -0.0345212
2.304 -0.0345215
2.305 -0.0345131
2.306 -0.0345072
2.307 -0.0345174
2.308 -0.0345135
2.309 -0.0345188
2.31 -0.0345161
2.311 -0.034509
2.312 -0.0345113
2.313 -0.03451
2.314 -0.0345247
2.315 -0.034511
2.316 -0.0345204
2.317 -0.034507
2.318 -0.0345105
2.319 -0.0345181
2.32 -0.0345111
2.321 -0.0345093
2.322 -0.0345068
2.323 -0.0345182
2.324 -0.0345199
2.325 -0.0345193
2.326 -0.0345199
2.327 -0.034518
2.328 -0.0345149
2.329 -0.0345119
2.33 -0.0345253
2.331 -0.0345224
2.332 -0.0345175
2.333 -0.0345214
2.334 -0.0345128
2.335 -0.0345214
2.336 -0.0345129
2.337 -0.0345118
2.338 -0.0345059
2.339 -0.0345097
2.34 -0.0345164
2.341 -0.0345054
2.342 -0.0345191
2.343 -0.0344979
2.344 -0.0345051
2.345 -0.0345075
2.346 -0.034515
2.347 -0.0345117
2.348 -0.0345145
2.349 -0.0345083
2.35 -0.0345056
2.351 -0.0345096
2.352 -0.0345068
2.353 -0.0345021
2.354 -0.0345005
2.355 -0.0345069
2.356 -0.0345124
2.357 -0.0345051
2.358 -0.034518
2.359 -0.0345023
2.36 -0.0345095
2.361 -0.0345034
2.362 -0.0345173
2.363 -0.0345138
2.364 -0.0345081
2.365 -0.0345109
2.366 -0.0345074
2.367 -0.0345112
2.368 -0.0345037
2.369 -0.034505
2.37 -0.0344964
2.371 -0.0345009
2.372 -0.0345028
2.373 -0.0345005
2.374 -0.0345103
2.375 -0.0344953
2.376 -0.0344967
2.377 -0.0345016
2.378 -0.0345042
2.379 -0.0345087
2.38 -0.0344973
2.381 -0.0345051
2.382 -0.0344954
2.383 -0.0345033
2.384 -0.0345008
2.385 -0.0344914
2.386 -0.0344984
2.387 -0.0344997
2.388 -0.0345068
2.389 -0.0345005
2.39 -0.0345118
2.391 -0.0345007
2.392 -0.034501
2.393 -0.034499
2.394 -0.0345113
2.395 -0.0345079
2.396 -0.0345016
2.397 -0.0344999
2.398 -0.034502
2.399 -0.0345
2.4 -0.0345022
2.401 -0.0344925
2.402 -0.0344913
2.403 -0.0344915
2.404 -0.0344941
2.405 -0.0344948
2.406 -0.0344966
2.407 -0.0344932
2.408 -0.0344852
2.409 -0.0344939
2.41 -0.0344969
2.411 -0.0344966
2.412 -0.0344916
2.413 -0.0344975
2.414 -0.0344852
2.415 -0.0344905
2.416 -0.0344943
2.417 -0.0344868
2.418 -0.0344841
2.419 -0.0344922
2.42 -0.0344947
2.421 -0.0344925
2.422 -0.0344964
2.423 -0.0344957
2.424 -0.0344921
2.425 -0.0344863
2.426 -0.0345014
2.427 -0.034498
2.428 -0.0344895
2.429 -0.0344966
2.43 -0.0344908
2.431 -0.0344917
2.432 -0.0344931
2.433 -0.0344907
2.434 -0.0344807
2.435 -0.0344816
2.436 -0.0344877
2.437 -0.0344827
2.438 -0.0344898
2.439 -0.0344836
2.44 -0.0344811
2.441 -0.0344787
2.442 -0.0344871
2.443 -0.0344892
2.444 -0.0344828
2.445 -0.0344874
2.446 -0.0344808
2.447 -0.0344759
2.448 -0.0344853
2.449 -0.0344818
2.45 -0.0344754
2.451 -0.0344769
2.452 -0.0344872
2.453 -0.0344811
2.454 -0.0344883
2.455 -0.0344838
2.456 -0.0344862
2.457 -0.0344782
2.458 -0.0344802
2.459 -0.0344924
2.46 -0.0344774
2.461 -0.0344856
2.462 -0.0344778
2.463 -0.0344805
2.464 -0.0344817
2.465 -0.0344807
2.466 -0.0344749
2.467 -0.034466
2.468 -0.0344774
2.469 -0.0344745
2.47 -0.0344781
2.471 -0.0344754
2.472 -0.0344682
2.473 -0.0344709
2.474 -0.0344684
2.475 -0.0344811
2.476 -0.0344736
2.477 -0.0344771
2.478 -0.0344672
2.479 -0.0344676
2.48 -0.0344744
2.481 -0.0344688
2.482 -0.0344651
2.483 -0.0344649
2.484 -0.0344723
2.485 -0.034478
2.486 -0.03447
2.487 -0.0344782
2.488 -0.0344693
2.489 -0.0344688
2.49 -0.0344672
2.491 -0.0344796
2.492 -0.0344722
2.493 -0.0344726
2.494 -0.0344719
2.495 -0.0344676
2.496 -0.0344712
2.497 -0.0344635
2.498 -0.034463
2.499 -0.0344562
2.5 -0.0344567
2.501 -0.0344649
2.502 -0.0344548
2.503 -0.0344683
2.504 -0.034447
2.505 -0.034454
2.506 -0.0344564
2.507 -0.0344594
2.508 -0.0344617
2.509 -0.0344581
2.51 -0.0344598
2.511 -0.0344517
2.512 -0.0344565
2.513 -0.0344552
2.514 -0.0344482
2.515 -0.0344497
2.516 -0.0344543
2.517 -0.0344587
2.518 -0.0344529
2.519 -0.0344653
2.52 -0.034452
2.521 -0.034456
2.522 -0.0344492
2.523 -0.0344643
2.524 -0.0344603
2.525 -0.0344509
2.526 -0.0344537
2.527 -0.0344503
2.528 -0.0344571
2.529 -0.0344491
2.53 -0.0344455
2.531 -0.0344434
2.532 -0.0344431
2.533 -0.0344466
2.534 -0.0344454
2.535 -0.034449
2.536 -0.0344413
2.537 -0.0344327
2.538 -0.0344469
2.539 -0.034443
2.54 -0.0344493
2.541 -0.0344393
2.542 -0.0344468
2.543 -0.0344355
2.544 -0.0344384
2.545 -0.0344411
2.546 -0.0344305
2.547 -0.0344329
2.548 -0.0344374
2.549 -0.0344407
2.55 -0.0344384
2.551 -0.0344425
2.552 -0.034441
2.553 -0.0344369
2.554 -0.0344315
2.555 -0.0344485
2.556 -0.0344391
2.557 -0.0344327
2.558 -0.0344396
2.559 -0.0344325
2.56 -0.0344341
2.561 -0.0344338
2.562 -0.0344321
2.563 -0.0344219
2.564 -0.0344228
2.565 -0.0344277
2.566 -0.0344236
2.567 -0.0344286
2.568 -0.0344236
2.569 -0.0344177
2.57 -0.0344192
2.571 -0.0344257
2.572 -0.0344251
2.573 -0.034421
2.574 -0.0344246
2.575 -0.0344183
2.576 -0.0344126
2.577 -0.0344221
2.578 -0.0344181
2.579 -0.0344108
2.58 -0.0344126
2.581 -0.0344224
2.582 -0.0344161
2.583 -0.0344229
2.584 -0.0344184
2.585 -0.0344191
2.586 -0.0344125
2.587 -0.0344126
2.588 -0.0344259
2.589 -0.0344092
2.59 -0.0344184
2.591 -0.034409
2.592 -0.0344128
2.593 -0.0344123
2.594 -0.034411
2.595 -0.0344052
2.596 -0.0343959
2.597 -0.0344069
2.598 -0.0344072
2.599 -0.0344048
2.6 -0.0344061
2.601 -0.0343945
2.602 -0.0343996
2.603 -0.0343957
2.604 -0.0344052
2.605 -0.0344017
2.606 -0.034402
2.607 -0.0343961
2.608 -0.0343926
2.609 -0.0344002
2.61 -0.0343935
2.611 -0.0343885
2.612 -0.0343916
2.613 -0.0343921
2.614 -0.0344016
2.615 -0.0343877
2.616 -0.0344038
2.617 -0.0343852
2.618 -0.0343914
2.619 -0.0343854
2.62 -0.0344016
2.621 -0.0343928
2.622 -0.0343912
2.623 -0.0343882
2.624 -0.0343876
2.625 -0.0343896
2.626 -0.034383
2.627 -0.0343804
2.628 -0.0343715
2.629 -0.0343753
2.63 -0.0343776
2.631 -0.0343734
2.632 -0.0343834
2.633 -0.0343673
2.634 -0.0343701
2.635 -0.0343715
2.636 -0.0343759
2.637 -0.0343778
2.638 -0.0343672
2.639 -0.0343731
2.64 -0.0343635
2.641 -0.03437
2.642 -0.0343684
2.643 -0.0343576
2.644 -0.0343611
2.645 -0.0343644
2.646 -0.0343693
2.647 -0.0343643
2.648 -0.0343693
2.649 -0.0343637
2.65 -0.0343607
2.651 -0.0343571
2.652 -0.0343717
2.653 -0.034364
2.654 -0.0343598
2.655 -0.0343592
2.656 -0.0343577
2.657 -0.0343566
2.658 -0.034357
2.659 -0.0343493
2.66 -0.0343446
2.661 -0.0343468
2.662 -0.0343464
2.663 -0.0343474
2.664 -0.0343454
2.665 -0.0343463
2.666 -0.0343338
2.667 -0.0343396
2.668 -0.0343444
2.669 -0.0343461
2.67 -0.0343369
2.671 -0.034344
2.672 -0.0343337
2.673 -0.0343282
2.674 -0.0343379
2.675 -0.0343323
2.676 -0.0343244
2.677 -0.034329
2.678 -0.0343371
2.679 -0.0343288
2.68 -0.0343365
2.681 -0.034331
2.682 -0.0343321
2.683 -0.0343242
2.684 -0.0343248
2.685 -0.0343365
2.686 -0.0343206
2.687 -0.034328
2.688 -0.0343192
2.689 -0.0343213
2.69 -0.0343213
2.691 -0.034319
2.692 -0.0343131
2.693 -0.0343031
2.694 -0.0343137
2.695 -0.0343135
2.696 -0.0343106
2.697 -0.0343114
2.698 -0.0342997
2.699 -0.0343039
2.7 -0.0343004
2.701 -0.0343084
2.702 -0.0343046
2.703 -0.0343039
2.704 -0.0342996
2.705 -0.0342937
2.706 -0.034301
2.707 -0.0342935
2.708 -0.0342876
2.709 -0.0342894
2.71 -0.0342894
2.711 -0.0342973
2.712 -0.0342865
2.713 -0.0342994
2.714 -0.0342819
2.715 -0.0342883
2.716 -0.0342808
2.717 -0.0342949
2.718 -0.0342903
2.719 -0.0342812
2.72 -0.0342848
2.721 -0.0342775
2.722 -0.0342852
2.723 -0.0342718
2.724 -0.0342735
2.725 -0.0342656
2.726 -0.034268
2.727 -0.034267
2.728 -0.0342667
2.729 -0.0342717
2.73 -0.03426
2.731 -0.0342511
2.732 -0.0342647
2.733 -0.0342589
2.734 -0.0342661
2.735 -0.0342529
2.736 -0.0342609
2.737 -0.0342474
2.738 -0.0342502
2.739 -0.0342507
2.74 -0.0342402
2.741 -0.0342416
2.742 -0.0342455
2.743 -0.0342474
2.744 -0.0342436
2.745 -0.0342464
2.746 -0.0342444
2.747 -0.0342393
2.748 -0.0342324
2.749 -0.0342457
2.75 -0.0342427
2.751 -0.0342314
2.752 -0.0342362
2.753 -0.034232
2.754 -0.0342251
2.755 -0.0342276
2.756 -0.0342269
2.757 -0.0342145
2.758 -0.0342127
2.759 -0.0342179
2.76 -0.0342129
2.761 -0.0342167
2.762 -0.0342109
2.763 -0.0342047
2.764 -0.0342034
2.765 -0.0342029
2.766 -0.0342132
2.767 -0.0342016
2.768 -0.0342048
2.769 -0.034193
2.77 -0.0341938
2.771 -0.0341994
2.772 -0.0341909
2.773 -0.0341874
2.774 -0.0341843
2.775 -0.0341914
2.776 -0.0341941
2.777 -0.0341857
2.778 -0.0341932
2.779 -0.0341799
2.78 -0.0341801
2.781 -0.0341763
2.782 -0.0341891
2.783 -0.0341835
2.784 -0.0341762
2.785 -0.0341746
2.786 -0.0341709
2.787 -0.0341723
2.788 -0.0341649
2.789 -0.0341607
2.79 -0.034153
2.791 -0.034154
2.792 -0.0341549
2.793 -0.0341534
2.794 -0.0341577
2.795 -0.034144
2.796 -0.0341363
2.797 -0.0341489
2.798 -0.0341422
2.799 -0.0341499
2.8 -0.0341356
2.801 -0.0341417
2.802 -0.0341289
2.803 -0.0341306
2.804 -0.0341314
2.805 -0.0341193
2.806 -0.0341209
2.807 -0.0341231
2.808 -0.0341254
2.809 -0.0341207
2.81 -0.0341232
2.811 -0.0341205
2.812 -0.0341149
2.813 -0.0341073
2.814 -0.03412
2.815 -0.0341158
2.816 -0.0341057
2.817 -0.034107
2.818 -0.034105
2.819 -0.0340965
2.82 -0.0340985
2.821 -0.0340966
2.822 -0.0340858
2.823 -0.0340803
2.824 -0.0340862
2.825 -0.0340805
2.826 -0.0340833
2.827 -0.0340786
2.828 -0.034069
2.829 -0.0340696
2.83 -0.0340656
2.831 -0.0340756
2.832 -0.0340676
2.833 -0.0340689
2.834 -0.0340606
2.835 -0.0340549
2.836 -0.0340601
2.837 -0.0340517
2.838 -0.0340447
2.839 -0.0340447
2.84 -0.0340438
2.841 -0.0340503
2.842 -0.0340383
2.843 -0.0340503
2.844 -0.0340317
2.845 -0.0340371
2.846 -0.0340278
2.847 -0.0340405
2.848 -0.0340351
2.849 -0.0340233
2.85 -0.0340233
2.851 -0.0340172
2.852 -0.0340215
2.853 -0.0340138
2.854 -0.0340062
2.855 -0.0339997
2.856 -0.0339993
2.857 -0.0339982
2.858 -0.0339969
2.859 -0.033996
2.86 -0.0339904
2.861 -0.0339798
2.862 -0.0339827
2.863 -0.0339872
2.864 -0.0339853
2.865 -0.0339754
2.866 -0.0339802
2.867 -0.0339676
2.868 -0.0339605
2.869 -0.0339672
2.87 -0.0339616
2.871 -0.0339519
2.872 -0.0339511
2.873 -0.0339583
2.874 -0.0339499
2.875 -0.0339545
2.876 -0.0339483
2.877 -0.0339448
2.878 -0.0339373
2.879 -0.0339334
2.88 -0.0339454
2.881 -0.0339368
2.882 -0.0339311
2.883 -0.0339306
2.884 -0.0339201
2.885 -0.0339239
2.886 -0.0339111
2.887 -0.0339093
2.888 -0.0338962
2.889 -0.0338979
2.89 -0.0339005
2.891 -0.0338897
2.892 -0.0339006
2.893 -0.0338803
2.894 -0.0338803
2.895 -0.033882
2.896 -0.0338813
2.897 -0.0338834
2.898 -0.0338707
2.899 -0.0338734
2.9 -0.0338604
2.901 -0.0338598
2.902 -0.0338598
2.903 -0.0338467
2.904 -0.0338463
2.905 -0.0338473
2.906 -0.0338481
2.907 -0.0338419
2.908 -0.0338441
2.909 -0.0338382
2.91 -0.0338354
2.911 -0.0338232
2.912 -0.0338288
2.913 -0.0338317
2.914 -0.0338158
2.915 -0.0338204
2.916 -0.0338103
2.917 -0.033808
2.918 -0.0338062
2.919 -0.0337997
2.92 -0.0337925
2.921 -0.0337806
2.922 -0.0337846
2.923 -0.0337856
2.924 -0.033774
2.925 -0.0337814
2.926 -0.0337579
2.927 -0.0337595
2.928 -0.03376
2.929 -0.0337601
2.93 -0.0337598
2.931 -0.0337485
2.932 -0.033751
2.933 -0.0337358
2.934 -0.0337421
2.935 -0.0337347
2.936 -0.033723
2.937 -0.0337192
2.938 -0.0337227
2.939 -0.0337201
2.94 -0.0337157
2.941 -0.0337149
2.942 -0.0337122
2.943 -0.0337019
2.944 -0.0336938
2.945 -0.0337033
2.946 -0.0336973
2.947 -0.0336855
2.948 -0.0336846
2.949 -0.0336796
2.95 -0.0336714
2.951 -0.0336707
2.952 -0.0336646
2.953 -0.033656
2.954 -0.0336429
2.955 -0.0336483
2.956 -0.033647
2.957 -0.0336391
2.958 -0.0336388
2.959 -0.0336202
2.96 -0.0336176
2.961 -0.03362
2.962 -0.0336197
2.963 -0.0336154
2.964 -0.0336079
2.965 -0.0336053
2.966 -0.0335924
2.967 -0.0335954
2.968 -0.0335891
2.969 -0.0335751
2.97 -0.0335717
2.971 -0.0335735
2.972 -0.0335708
2.973 -0.0335651
2.974 -0.0335635
2.975 -0.0335589
2.976 -0.0335495
2.977 -0.0335401
2.978 -0.0335469
2.979 -0.0335457
2.98 -0.0335294
2.981 -0.0335299
2.982 -0.0335209
2.983 -0.0335155
2.984 -0.0335135
2.985 -0.0335042
2.986 -0.0334959
2.987 -0.0334861
2.988 -0.0334848
2.989 -0.0334861
2.99 -0.033471
2.991 -0.0334781
2.992 -0.0334523
2.993 -0.0334566
2.994 -0.0334514
2.995 -0.0334522
2.996 -0.0334501
2.997 -0.0334354
2.998 -0.0334363
2.999 -0.0334211
3 -0.0334178
3.001 -0.0334168
3.002 -0.0334035
3.003 -0.0333965
3.004 -0.0333967
3.005 -0.0333959
3.006 -0.0333863
3.007 -0.0333877
3.008 -0.0333789
3.009 -0.0333746
3.01 -0.0333612
3.011 -0.0333573
3.012 -0.0333671
3.013 -0.0333533
3.014 -0.0333468
3.015 -0.0333411
3.016 -0.0333297
3.017 -0.0333289
3.018 -0.0333157
3.019 -0.0333086
3.02 -0.033297
3.021 -0.0332939
3.022 -0.0332898
3.023 -0.0332845
3.024 -0.0332804
3.025 -0.0332689
3.026 -0.0332568
3.027 -0.0332553
3.028 -0.0332573
3.029 -0.0332502
3.03 -0.0332373
3.031 -0.033237
3.032 -0.0332226
3.033 -0.0332136
3.034 -0.0332154
3.035 -0.0332049
3.036 -0.0331936
3.037 -0.0331875
3.038 -0.0331879
3.039 -0.033186
3.04 -0.0331719
3.041 -0.0331769
3.042 -0.0331558
3.043 -0.0331562
3.044 -0.0331433
3.045 -0.0331509
3.046 -0.0331417
3.047 -0.0331265
3.048 -0.0331223
3.049 -0.0331125
3.05 -0.0331057
3.051 -0.0331009
3.052 -0.0330897
3.053 -0.0330746
3.054 -0.0330654
3.055 -0.0330667
3.056 -0.0330556
3.057 -0.033054
3.058 -0.0330444
3.059 -0.03303
3.06 -0.0330233
3.061 -0.03302
3.062 -0.0330191
3.063 -0.0330108
3.064 -0.0330005
3.065 -0.0329951
3.066 -0.032979
3.067 -0.032976
3.068 -0.0329696
3.069 -0.0329512
3.07 -0.0329475
3.071 -0.0329433
3.072 -0.0329406
3.073 -0.0329283
3.074 -0.0329279
3.075 -0.032917
3.076 -0.0329093
3.077 -0.0328948
3.078 -0.0328879
3.079 -0.0328919
3.08 -0.0328803
3.081 -0.0328668
3.082 -0.0328623
3.083 -0.0328493
3.084 -0.0328476
3.085 -0.0328309
3.086 -0.0328201
3.087 -0.032807
3.088 -0.0328012
3.089 -0.0327937
3.09 -0.0327874
3.091 -0.0327791
3.092 -0.0327702
3.093 -0.0327569
3.094 -0.0327475
3.095 -0.0327403
3.096 -0.0327444
3.097 -0.0327269
3.098 -0.0327249
3.099 -0.0327086
3.1 -0.0326964
3.101 -0.0326917
3.102 -0.03268
3.103 -0.0326637
3.104 -0.0326575
3.105 -0.0326526
3.106 -0.0326475
3.107 -0.0326363
3.108 -0.032632
3.109 -0.032621
3.11 -0.0326135
3.111 -0.0325954
3.112 -0.0325888
3.113 -0.0325943
3.114 -0.0325773
3.115 -0.0325668
3.116 -0.0325585
3.117 -0.0325426
3.118 -0.0325404
3.119 -0.032522
3.12 -0.0325098
3.121 -0.0324951
3.122 -0.032489
3.123 -0.0324787
3.124 -0.0324716
3.125 -0.0324615
3.126 -0.0324518
3.127 -0.0324341
3.128 -0.0324258
3.129 -0.0324159
3.13 -0.0324153
3.131 -0.0324027
3.132 -0.0323928
3.133 -0.0323805
3.134 -0.0323647
3.135 -0.0323583
3.136 -0.0323482
3.137 -0.0323277
3.138 -0.0323203
3.139 -0.0323128
3.14 -0.0323073
3.141 -0.0322929
3.142 -0.0322901
3.143 -0.0322765
3.144 -0.0322661
3.145 -0.0322482
3.146 -0.0322402
3.147 -0.0322408
3.148 -0.0322271
3.149 -0.0322063
3.15 -0.0321979
3.151 -0.0321856
3.152 -0.0321731
3.153 -0.0321652
3.154 -0.0321506
3.155 -0.0321325
3.156 -0.0321151
3.157 -0.0321149
3.158 -0.0321019
3.159 -0.0320867
3.16 -0.0320828
3.161 -0.0320589
3.162 -0.0320479
3.163 -0.0320414
3.164 -0.0320339
3.165 -0.0320193
3.166 -0.0320028
3.167 -0.0319977
3.168 -0.0319754
3.169 -0.0319623
3.17 -0.0319582
3.171 -0.0319388
3.172 -0.0319231
3.173 -0.0319109
3.174 -0.0319052
3.175 -0.0318967
3.176 -0.0318811
3.177 -0.0318733
3.178 -0.0318626
3.179 -0.0318437
3.18 -0.031828
3.181 -0.0318156
3.182 -0.0318193
3.183 -0.0317969
3.184 -0.0317843
3.185 -0.0317737
3.186 -0.0317535
3.187 -0.0317465
3.188 -0.0317263
3.189 -0.0317106
3.19 -0.0316899
3.191 -0.0316783
3.192 -0.0316706
3.193 -0.0316532
3.194 -0.0316444
3.195 -0.0316296
3.196 -0.0316064
3.197 -0.031594
3.198 -0.0315877
3.199 -0.0315752
3.2 -0.0315658
3.201 -0.0315401
3.202 -0.031538
3.203 -0.031509
3.204 -0.0314965
3.205 -0.0314885
3.206 -0.0314679
3.207 -0.0314499
3.208 -0.0314351
3.209 -0.0314279
3.21 -0.0314161
3.211 -0.0313997
3.212 -0.0313884
3.213 -0.0313738
3.214 -0.0313601
3.215 -0.0313356
3.216 -0.0313231
3.217 -0.0313211
3.218 -0.0313056
3.219 -0.0312796
3.22 -0.0312688
3.221 -0.031249
3.222 -0.0312329
3.223 -0.0312192
3.224 -0.0312022
3.225 -0.0311812
3.226 -0.0311614
3.227 -0.0311494
3.228 -0.031136
3.229 -0.0311208
3.23 -0.0311097
3.231 -0.0310846
3.232 -0.0310637
3.233 -0.0310491
3.234 -0.031037
3.235 -0.0310297
3.236 -0.0310059
3.237 -0.0309932
3.238 -0.0309753
3.239 -0.0309517
3.24 -0.0309362
3.241 -0.0309223
3.242 -0.0309026
3.243 -0.0308801
3.244 -0.0308633
3.245 -0.0308562
3.246 -0.0308384
3.247 -0.0308215
3.248 -0.0308108
3.249 -0.0307884
3.25 -0.0307661
3.251 -0.030746
3.252 -0.0307342
3.253 -0.0307266
3.254 -0.0307033
3.255 -0.0306814
3.256 -0.0306684
3.257 -0.030643
3.258 -0.0306275
3.259 -0.0306096
3.26 -0.0305894
3.261 -0.0305671
3.262 -0.0305406
3.263 -0.0305299
3.264 -0.0305116
3.265 -0.030495
3.266 -0.0304789
3.267 -0.0304571
3.268 -0.0304326
3.269 -0.0304131
3.27 -0.0303962
3.271 -0.0303874
3.272 -0.0303668
3.273 -0.0303414
3.274 -0.0303276
3.275 -0.0302981
3.276 -0.0302742
3.277 -0.0302634
3.278 -0.0302391
3.279 -0.0302142
3.28 -0.0301974
3.281 -0.0301803
3.282 -0.0301656
3.283 -0.0301428
3.284 -0.0301279
3.285 -0.0301072
3.286 -0.030086
3.287 -0.0300592
3.288 -0.0300434
3.289 -0.0300305
3.29 -0.0300088
3.291 -0.0299777
3.292 -0.0299652
3.293 -0.0299414
3.294 -0.0299144
3.295 -0.0299033
3.296 -0.0298713
3.297 -0.0298503
3.298 -0.0298204
3.299 -0.0297989
3.3 -0.0297858
3.301 -0.0297644
3.302 -0.0297397
3.303 -0.0297268
3.304 -0.0296963
3.305 -0.0296712
3.306 -0.0296491
3.307 -0.029629
3.308 -0.0296171
3.309 -0.029594
3.31 -0.0295674
3.311 -0.0295486
3.312 -0.0295165
3.313 -0.029489
3.314 -0.0294766
3.315 -0.0294453
3.316 -0.0294191
3.317 -0.0293985
3.318 -0.02938
3.319 -0.0293617
3.32 -0.0293398
3.321 -0.0293168
3.322 -0.0292962
3.323 -0.0292712
3.324 -0.0292392
3.325 -0.0292155
3.326 -0.029195
3.327 -0.0291827
3.328 -0.0291561
3.329 -0.0291226
3.33 -0.0291038
3.331 -0.0290762
3.332 -0.0290474
3.333 -0.029027
3.334 -0.0289974
3.335 -0.0289674
3.336 -0.0289409
3.337 -0.0289163
3.338 -0.0288955
3.339 -0.0288737
3.34 -0.0288457
3.341 -0.0288261
3.342 -0.028794
3.343 -0.0287611
3.344 -0.0287393
3.345 -0.0287141
3.346 -0.0287001
3.347 -0.0286708
3.348 -0.0286403
3.349 -0.028619
3.35 -0.0285821
3.351 -0.0285532
3.352 -0.0285369
3.353 -0.0285016
3.354 -0.0284744
3.355 -0.028443
3.356 -0.0284192
3.357 -0.0283968
3.358 -0.0283748
3.359 -0.0283457
3.36 -0.0283238
3.361 -0.0282954
3.362 -0.0282672
3.363 -0.0282337
3.364 -0.028208
3.365 -0.0281894
3.366 -0.0281642
3.367 -0.0281336
3.368 -0.028099
3.369 -0.0280784
3.37 -0.0280403
3.371 -0.0280121
3.372 -0.0279846
3.373 -0.0279532
3.374 -0.027917
3.375 -0.0278887
3.376 -0.027857
3.377 -0.0278366
3.378 -0.0278063
3.379 -0.0277787
3.38 -0.027752
3.381 -0.0277184
3.382 -0.0276853
3.383 -0.0276517
3.384 -0.0276296
3.385 -0.0276034
3.386 -0.0275779
3.387 -0.0275434
3.388 -0.0275139
3.389 -0.0274864
3.39 -0.0274426
3.391 -0.0274097
3.392 -0.0273858
3.393 -0.0273483
3.394 -0.0273133
3.395 -0.0272821
3.396 -0.0272519
3.397 -0.0272313
3.398 -0.0271982
3.399 -0.0271705
3.4 -0.0271389
3.401 -0.0271113
3.402 -0.0270737
3.403 -0.0270368
3.404 -0.0270072
3.405 -0.0269793
3.406 -0.0269545
3.407 -0.0269247
3.408 -0.0268789
3.409 -0.0268553
3.41 -0.0268149
3.411 -0.0267799
3.412 -0.0267533
3.413 -0.0267106
3.414 -0.0266819
3.415 -0.0266397
3.416 -0.0266099
3.417 -0.0265712
3.418 -0.0265452
3.419 -0.0265122
3.42 -0.0264785
3.421 -0.0264469
3.422 -0.0264095
3.423 -0.0263715
3.424 -0.0263357
3.425 -0.0263057
3.426 -0.0262752
3.427 -0.026245
3.428 -0.0262087
3.429 -0.0261701
3.43 -0.0261378
3.431 -0.0260926
3.432 -0.0260516
3.433 -0.026027
3.434 -0.025981
3.435 -0.0259513
3.436 -0.025904
3.437 -0.0258759
3.438 -0.0258382
3.439 -0.025813
3.44 -0.0257722
3.441 -0.0257417
3.442 -0.0257034
3.443 -0.0256726
3.444 -0.025632
3.445 -0.0255894
3.446 -0.0255526
3.447 -0.0255161
3.448 -0.0254912
3.449 -0.0254509
3.45 -0.025402
3.451 -0.0253771
3.452 -0.0253348
3.453 -0.0252963
3.454 -0.0252526
3.455 -0.025221
3.456 -0.0251737
3.457 -0.0251402
3.458 -0.0250934
3.459 -0.0250575
3.46 -0.0250141
3.461 -0.0249826
3.462 -0.0249436
3.463 -0.0249083
3.464 -0.024866
3.465 -0.0248304
3.466 -0.0247839
3.467 -0.0247414
3.468 -0.0247024
3.469 -0.0246644
3.47 -0.0246359
3.471 -0.0245948
3.472 -0.0245525
3.473 -0.0245108
3.474 -0.0244775
3.475 -0.0244195
3.476 -0.0243803
3.477 -0.0243433
3.478 -0.0242956
3.479 -0.0242572
3.48 -0.0242052
3.481 -0.0241717
3.482 -0.0241243
3.483 -0.0240961
3.484 -0.0240499
3.485 -0.0240134
3.486 -0.0239753
3.487 -0.0239346
3.488 -0.0238977
3.489 -0.0238474
3.49 -0.0238012
3.491 -0.023759
3.492 -0.0237177
3.493 -0.0236869
3.494 -0.0236457
3.495 -0.0235992
3.496 -0.023551
3.497 -0.0235155
3.498 -0.0234685
3.499 -0.0234203
3.5 -0.0233809
3.501 -0.0233307
3.502 -0.0232874
3.503 -0.0232388
3.504 -0.0231976
3.505 -0.0231491
3.506 -0.0231049
3.507 -0.0230671
3.508 -0.0230239
3.509 -0.0229801
3.51 -0.0229355
3.511 -0.022895
3.512 -0.0228491
3.513 -0.0227967
3.514 -0.0227523
3.515 -0.0227073
3.516 -0.0226673
3.517 -0.0226269
3.518 -0.0225873
3.519 -0.0225325
3.52 -0.0224906
3.521 -0.0224451
3.522 -0.0223977
3.523 -0.0223409
3.524 -0.0222925
3.525 -0.0222511
3.526 -0.0222012
3.527 -0.0221537
3.528 -0.022101
3.529 -0.0220587
3.53 -0.0220084
3.531 -0.0219718
3.532 -0.0219223
3.533 -0.0218826
3.534 -0.0218371
3.535 -0.0217913
3.536 -0.0217489
3.537 -0.0217064
3.538 -0.0216507
3.539 -0.0215988
3.54 -0.0215479
3.541 -0.0215023
3.542 -0.021464
3.543 -0.0214181
3.544 -0.0213747
3.545 -0.0213108
3.546 -0.0212775
3.547 -0.0212224
3.548 -0.021173
3.549 -0.0211178
3.55 -0.0210748
3.551 -0.0210169
3.552 -0.0209725
3.553 -0.0209155
3.554 -0.0208684
3.555 -0.0208136
3.556 -0.0207627
3.557 -0.0207166
3.558 -0.0206709
3.559 -0.0206249
3.56 -0.0205765
3.561 -0.0205265
3.562 -0.0204793
3.563 -0.0204283
3.564 -0.0203692
3.565 -0.0203179
3.566 -0.0202653
3.567 -0.0202219
3.568 -0.0201731
3.569 -0.0201324
3.57 -0.0200798
3.571 -0.0200308
3.572 -0.0199737
3.573 -0.019931
3.574 -0.0198799
3.575 -0.0198157
3.576 -0.0197586
3.577 -0.0197087
3.578 -0.0196516
3.579 -0.0196049
3.58 -0.0195472
3.581 -0.0194924
3.582 -0.0194453
3.583 -0.0193974
3.584 -0.0193429
3.585 -0.019299
3.586 -0.019243
3.587 -0.0192019
3.588 -0.0191499
3.589 -0.0190996
3.59 -0.0190502
3.591 -0.0190041
3.592 -0.0189489
3.593 -0.0188922
3.594 -0.0188367
3.595 -0.0187804
3.596 -0.0187303
3.597 -0.0186836
3.598 -0.0186393
3.599 -0.0185819
3.6 -0.0185276
3.601 -0.0184708
3.602 -0.0184264
3.603 -0.0183729
3.604 -0.0183154
3.605 -0.0182612
3.606 -0.0182047
3.607 -0.0181546
3.608 -0.0180923
3.609 -0.0180405
3.61 -0.017986
3.611 -0.0179296
3.612 -0.0178741
3.613 -0.0178188
3.614 -0.0177655
3.615 -0.0177185
3.616 -0.0176636
3.617 -0.0176194
3.618 -0.0175642
3.619 -0.0175118
3.62 -0.0174579
3.621 -0.0174077
3.622 -0.0173548
3.623 -0.0172902
3.624 -0.0172341
3.625 -0.0171772
3.626 -0.0171273
3.627 -0.0170749
3.628 -0.017026
3.629 -0.0169763
3.63 -0.0169203
3.631 -0.0168675
3.632 -0.0168058
3.633 -0.0167592
3.634 -0.0167068
3.635 -0.0166576
3.636 -0.0165879
3.637 -0.0165277
3.638 -0.0164754
3.639 -0.0164182
3.64 -0.0163607
3.641 -0.0163022
3.642 -0.0162489
3.643 -0.0161866
3.644 -0.0161378
3.645 -0.0160865
3.646 -0.01603
3.647 -0.0159794
3.648 -0.0159302
3.649 -0.0158724
3.65 -0.0158262
3.651 -0.0157724
3.652 -0.01573
3.653 -0.0156698
3.654 -0.0156218
3.655 -0.0155722
3.656 -0.0155183
3.657 -0.0154589
3.658 -0.0153947
3.659 -0.0153409
3.66 -0.0152819
3.661 -0.0152326
3.662 -0.0151761
3.663 -0.0151299
3.664 -0.0150773
3.665 -0.015021
3.666 -0.0149668
3.667 -0.0149057
3.668 -0.0148565
3.669 -0.0148097
3.67 -0.0147556
3.671 -0.0147016
3.672 -0.0146453
3.673 -0.0145874
3.674 -0.0145336
3.675 -0.0144756
3.676 -0.0144199
3.677 -0.0143604
3.678 -0.0143027
3.679 -0.0142515
3.68 -0.0141934
3.681 -0.0141457
3.682 -0.0140889
3.683 -0.0140351
3.684 -0.0139824
3.685 -0.0139309
3.686 -0.0138797
3.687 -0.0138327
3.688 -0.0137803
3.689 -0.0137311
3.69 -0.0136765
3.691 -0.0136211
3.692 -0.0135704
3.693 -0.0135197
3.694 -0.0134664
3.695 -0.0134072
3.696 -0.0133506
3.697 -0.0132925
3.698 -0.0132328
3.699 -0.0131795
3.7 -0.013129
3.701 -0.0130718
3.702 -0.0130236
3.703 -0.0129757
3.704 -0.0129176
3.705 -0.0128654
3.706 -0.0128079
3.707 -0.0127529
3.708 -0.0127027
3.709 -0.0126576
3.71 -0.0126103
3.711 -0.0125633
3.712 -0.0124959
3.713 -0.0124418
3.714 -0.012383
3.715 -0.0123299
3.716 -0.0122721
3.717 -0.0122115
3.718 -0.0121557
3.719 -0.0121021
3.72 -0.012047
3.721 -0.0120007
3.722 -0.0119385
3.723 -0.0118951
3.724 -0.0118441
3.725 -0.0117967
3.726 -0.0117452
3.727 -0.0116969
3.728 -0.011651
3.729 -0.0116033
3.73 -0.0115512
3.731 -0.0115054
3.732 -0.0114604
3.733 -0.0114139
3.734 -0.0113698
3.735 -0.0113188
3.736 -0.011272
3.737 -0.0112272
3.738 -0.011185
3.739 -0.0111398
3.74 -0.0110899
3.741 -0.0110361
3.742 -0.0109836
3.743 -0.0109224
3.744 -0.0108708
3.745 -0.0108176
3.746 -0.0107672
3.747 -0.0107167
3.748 -0.0106623
3.749 -0.0106193
3.75 -0.0105699
3.751 -0.0105237
3.752 -0.0104729
3.753 -0.0104276
3.754 -0.0103718
3.755 -0.0103238
3.756 -0.0102781
3.757 -0.0102392
3.758 -0.0101979
3.759 -0.0101604
3.76 -0.0101165
3.761 -0.0100719
3.762 -0.0100285
3.763 -0.00998285
3.764 -0.00992976
3.765 -0.00988256
3.766 -0.00982936
3.767 -0.00978211
3.768 -0.00972524
3.769 -0.00967693
3.77 -0.00962501
3.771 -0.00957446
3.772 -0.00952823
3.773 -0.00948299
3.774 -0.00943219
3.775 -0.0093934
3.776 -0.00935143
3.777 -0.00930817
3.778 -0.00925796
3.779 -0.00921307
3.78 -0.00916895
3.781 -0.00912537
3.782 -0.00908169
3.783 -0.00904306
3.784 -0.00899894
3.785 -0.00896252
3.786 -0.00892146
3.787 -0.0088789
3.788 -0.00883856
3.789 -0.00879779
3.79 -0.00874763
3.791 -0.00871002
3.792 -0.00865948
3.793 -0.00862096
3.794 -0.00857687
3.795 -0.00853694
3.796 -0.00848912
3.797 -0.00844301
3.798 -0.00838382
3.799 -0.00834322
3.8 -0.00828673
3.801 -0.0082325
3.802 -0.00818343
3.803 -0.00813314
3.804 -0.00808417
3.805 -0.00804268
3.806 -0.00799344
3.807 -0.00794854
3.808 -0.00790299
3.809 -0.00786029
3.81 -0.0078169
3.811 -0.00777489
3.812 -0.00772933
3.813 -0.00768735
3.814 -0.00764463
3.815 -0.00760731
3.816 -0.00756195
3.817 -0.00752316
3.818 -0.00748697
3.819 -0.00745518
3.82 -0.00742443
3.821 -0.00739612
3.822 -0.00736553
3.823 -0.00734281
3.824 -0.00731085
3.825 -0.00727221
3.826 -0.00722813
3.827 -0.00719639
3.828 -0.00714897
3.829 -0.00710611
3.83 -0.0070651
3.831 -0.00701517
3.832 -0.00697043
3.833 -0.00692414
3.834 -0.00688353
3.835 -0.00683175
3.836 -0.00679292
3.837 -0.00674636
3.838 -0.00670602
3.839 -0.00666492
3.84 -0.00662755
3.841 -0.00659251
3.842 -0.0065593
3.843 -0.00651887
3.844 -0.0064858
3.845 -0.00645495
3.846 -0.00642594
3.847 -0.00639779
3.848 -0.00636939
3.849 -0.00634099
3.85 -0.00630344
3.851 -0.00627492
3.852 -0.00624061
3.853 -0.00620918
3.854 -0.0061752
3.855 -0.00614672
3.856 -0.00611431
3.857 -0.00608877
3.858 -0.0060525
3.859 -0.00602344
3.86 -0.00599505
3.861 -0.00596624
3.862 -0.00593834
3.863 -0.00590963
3.864 -0.00588087
3.865 -0.00585079
3.866 -0.00582494
3.867 -0.00579564
3.868 -0.00576535
3.869 -0.00573846
3.87 -0.00570857
3.871 -0.00568093
3.872 -0.00565574
3.873 -0.00563266
3.874 -0.00560919
3.875 -0.0055881
3.876 -0.00556323
3.877 -0.00554034
3.878 -0.00550979
3.879 -0.00547955
3.88 -0.00544524
3.881 -0.00541883
3.882 -0.00538149
3.883 -0.00534335
3.884 -0.00530518
3.885 -0.0052673
3.886 -0.00523071
3.887 -0.00519389
3.888 -0.00515726
3.889 -0.0051254
3.89 -0.00509175
3.891 -0.00506552
3.892 -0.00503589
3.893 -0.00500308
3.894 -0.0049716
3.895 -0.00493661
3.896 -0.00490603
3.897 -0.00487527
3.898 -0.0048461
3.899 -0.00481822
3.9 -0.00479194
3.901 -0.00476534
3.902 -0.00474152
3.903 -0.00471606
3.904 -0.00469251
3.905 -0.00466774
3.906 -0.00464805
3.907 -0.00462685
3.908 -0.00460314
3.909 -0.00458212
3.91 -0.00455939
3.911 -0.00454171
3.912 -0.00452382
3.913 -0.00451027
3.914 -0.00449545
3.915 -0.00448445
3.916 -0.00447326
3.917 -0.00446092
3.918 -0.00445047
3.919 -0.00444065
3.92 -0.00443142
3.921 -0.00442005
3.922 -0.00440798
3.923 -0.00439102
3.924 -0.00437307
3.925 -0.00435242
3.926 -0.00433271
3.927 -0.00431337
3.928 -0.00428598
3.929 -0.00426137
3.93 -0.00423227
3.931 -0.00420418
3.932 -0.00417471
3.933 -0.00414841
3.934 -0.00411415
3.935 -0.00408651
3.936 -0.0040472
3.937 -0.00401815
3.938 -0.00398418
3.939 -0.00395228
3.94 -0.0039151
3.941 -0.00388572
3.942 -0.00385346
3.943 -0.00381932
3.944 -0.00378987
3.945 -0.0037606
3.946 -0.00373062
3.947 -0.00370457
3.948 -0.00367461
3.949 -0.00364646
3.95 -0.00361878
3.951 -0.00359252
3.952 -0.00356699
3.953 -0.00354242
3.954 -0.00351607
3.955 -0.00348912
3.956 -0.00346476
3.957 -0.00343758
3.958 -0.00341456
3.959 -0.00339032
3.96 -0.00336749
3.961 -0.0033452
3.962 -0.00332265
3.963 -0.00329919
3.964 -0.00327601
3.965 -0.00325344
3.966 -0.00322924
3.967 -0.00320745
3.968 -0.00317099
3.969 -0.00314357
3.97 -0.00311184
3.971 -0.00308123
3.972 -0.00304522
3.973 -0.00301457
3.974 -0.00297929
3.975 -0.00294738
3.976 -0.00291352
3.977 -0.00287903
3.978 -0.00284665
3.979 -0.00281514
3.98 -0.00278356
3.981 -0.00275098
3.982 -0.00272108
3.983 -0.00269074
3.984 -0.00265982
3.985 -0.00262688
3.986 -0.00259681
3.987 -0.00256539
3.988 -0.00253601
3.989 -0.00250685
3.99 -0.00247914
3.991 -0.00245199
3.992 -0.002424
3.993 -0.00239757
3.994 -0.00236685
3.995 -0.00234016
3.996 -0.00230631
3.997 -0.00227494
3.998 -0.00224178
3.999 -0.00220849
4 -0.00217579
4.001 -0.00214312
4.002 -0.00211174
4.003 -0.00207917
4.004 -0.00204887
4.005 -0.00201811
4.006 -0.00198829
4.007 -0.00195911
4.008 -0.00193018
4.009 -0.00190048
4.01 -0.00187104
4.011 -0.00184024
4.012 -0.00181153
4.013 -0.00178318
4.014 -0.00175613
4.015 -0.00172946
4.016 -0.00170435
4.017 -0.00167833
4.018 -0.00165082
4.019 -0.00162522
4.02 -0.00159944
4.021 -0.00157389
4.022 -0.00154791
4.023 -0.00152377
4.024 -0.00149976
4.025 -0.00147678
4.026 -0.00145437
4.027 -0.00143285
4.028 -0.00141192
4.029 -0.00139161
4.03 -0.00137188
4.031 -0.0013527
4.032 -0.00133259
4.033 -0.00131386
4.034 -0.00129535
4.035 -0.00127738
4.036 -0.00125954
4.037 -0.00124246
4.038 -0.0012256
4.039 -0.00120925
4.04 -0.00119173
4.041 -0.00117566
4.042 -0.0011567
4.043 -0.00113948
4.044 -0.00112109
4.045 -0.00110359
4.046 -0.00108463
4.047 -0.0010671
4.048 -0.00104814
4.049 -0.0010304
4.05 -0.00101203
4.051 -0.000994453
4.052 -0.000974689
4.053 -0.000956852
4.054 -0.000938647
4.055 -0.00092141
4.056 -0.00090425
4.057 -0.000888166
4.058 -0.00087226
4.059 -0.000857198
4.06 -0.000840922
4.061 -0.000826099
4.062 -0.000810383
4.063 -0.000795579
4.064 -0.000780321
4.065 -0.00076398
4.066 -0.000748966
4.067 -0.0007335
4.068 -0.000718477
4.069 -0.000703516
4.07 -0.000689061
4.071 -0.000674791
4.072 -0.00066099
4.073 -0.00064742
4.074 -0.000634377
4.075 -0.000621584
4.076 -0.000609234
4.077 -0.000596938
4.078 -0.000585276
4.079 -0.000573809
4.08 -0.000562354
4.081 -0.000550973
4.082 -0.00054026
4.083 -0.000529743
4.084 -0.000519609
4.085 -0.00050972
4.086 -0.000500184
4.087 -0.000490882
4.088 -0.000481847
4.089 -0.000473023
4.09 -0.000463603
4.091 -0.00045514
4.092 -0.000446669
4.093 -0.000438589
4.094 -0.000430603
4.095 -0.00042282
4.096 -0.000415187
4.097 -0.000407435
4.098 -0.000399772
4.099 -0.000392584
4.1 -0.000385249
4.101 -0.000378219
4.102 -0.000371108
4.103 -0.000364239
4.104 -0.000357428
4.105 -0.000350823
4.106 -0.000344309
4.107 -0.000337979
4.108 -0.000331781
4.109 -0.000325713
4.11 -0.000319757
4.111 -0.000313977
4.112 -0.000308309
4.113 -0.000302804
4.114 -0.000297352
4.115 -0.000292049
4.116 -0.000286879
4.117 -0.000281485
4.118 -0.000275841
4.119 -0.000270478
4.12 -0.000264962
4.121 -0.000259558
4.122 -0.000254201
4.123 -0.000248979
4.124 -0.00024385
4.125 -0.000238875
4.126 -0.000233968
4.127 -0.000229212
4.128 -0.000224597
4.129 -0.000220101
4.13 -0.000215729
4.131 -0.000211472
4.132 -0.000207333
4.133 -0.000203301
4.134 -0.000199377
4.135 -0.000195552
4.136 -0.000191823
4.137 -0.000188186
4.138 -0.000184637
4.139 -0.000181172
4.14 -0.000177787
4.141 -0.000174479
4.142 -0.000171246
4.143 -0.000168083
4.144 -0.000164989
4.145 -0.00016196
4.146 -0.000158996
4.147 -0.000156093
4.148 -0.00015325
4.149 -0.000150465
4.15 -0.000147736
4.151 -0.000145062
4.152 -0.000142441
4.153 -0.000139872
4.154 -0.000137353
4.155 -0.000134884
4.156 -0.000132464
4.157 -0.00013008
4.158 -0.00012776
4.159 -0.00012547
4.16 -0.000123236
4.161 -0.000121036
4.162 -0.000118877
4.163 -0.000116621
4.164 -0.000114415
4.165 -0.000112383
4.166 -0.000110386
4.167 -0.000108445
4.168 -0.000106542
4.169 -0.000104692
4.17 -0.000102872
4.171 -0.000101099
4.172 -9.93551e-05
4.173 -9.76485e-05
4.174 -9.59696e-05
4.175 -9.43231e-05
4.176 -9.27029e-05
4.177 -9.11125e-05
4.178 -8.95476e-05
4.179 -8.80108e-05
4.18 -8.64991e-05
4.181 -8.50142e-05
4.182 -8.35541e-05
4.183 -8.21147e-05
4.184 -8.07045e-05
4.185 -7.93185e-05
4.186 -7.79578e-05
4.187 -7.66209e-05
4.188 -7.52694e-05
4.189 -7.39914e-05
4.19 -7.26852e-05
4.191 -7.14591e-05
4.192 -7.02327e-05
4.193 -6.90431e-05
4.194 -6.78619e-05
4.195 -6.67119e-05
4.196 -6.55754e-05
4.197 -6.44654e-05
4.198 -6.33704e-05
4.199 -6.22992e-05
4.2 -6.1244e-05
4.201 -6.02107e-05
4.202 -5.91938e-05
4.203 -5.81972e-05
4.204 -5.72172e-05
4.205 -5.62563e-05
4.206 -5.53117e-05
4.207 -5.43854e-05
4.208 -5.3475e-05
4.209 -5.2582e-05
4.21 -5.17046e-05
4.211 -5.08438e-05
4.212 -4.99982e-05
4.213 -4.91683e-05
4.214 -4.83533e-05
4.215 -4.75534e-05
4.216 -4.67678e-05
4.217 -4.59967e-05
4.218 -4.52394e-05
4.219 -4.44961e-05
4.22 -4.37661e-05
4.221 -4.30495e-05
4.222 -4.23458e-05
4.223 -4.16549e-05
4.224 -4.09765e-05
4.225 -4.03104e-05
4.226 -3.96564e-05
4.227 -3.90142e-05
4.228 -3.83835e-05
4.229 -3.77643e-05
4.23 -3.71563e-05
4.231 -3.65592e-05
4.232 -3.59729e-05
4.233 -3.53972e-05
4.234 -3.48318e-05
4.235 -3.42767e-05
4.236 -3.37315e-05
4.237 -3.31961e-05
4.238 -3.26703e-05
4.239 -3.2154e-05
4.24 -3.16469e-05
4.241 -3.11489e-05
4.242 -3.06599e-05
4.243 -3.01796e-05
4.244 -2.9708e-05
4.245 -2.92447e-05
4.246 -2.87898e-05
4.247 -2.8343e-05
4.248 -2.79042e-05
4.249 -2.74732e-05
4.25 -2.70499e-05
4.251 -2.66342e-05
4.252 -2.62258e-05
4.253 -2.58248e-05
4.254 -2.54309e-05
4.255 -2.5044e-05
4.256 -2.4664e-05
4.257 -2.42908e-05
4.258 -2.39242e-05
4.259 -2.35641e-05
4.26 -2.32104e-05
4.261 -2.2863e-05
4.262 -2.25217e-05
4.263 -2.21865e-05
4.264 -2.18572e-05
4.265 -2.15338e-05
4.266 -2.12161e-05
4.267 -2.0904e-05
4.268 -2.05975e-05
4.269 -2.02963e-05
4.27 -2.00005e-05
4.271 -1.97099e-05
4.272 -1.94244e-05
4.273 -1.91439e-05
4.274 -1.88684e-05
4.275 -1.85978e-05
4.276 -1.83319e-05
4.277 -1.80707e-05
4.278 -1.78141e-05
4.279 -1.7562e-05
4.28 -1.73143e-05
4.281 -1.7071e-05
4.282 -1.68319e-05
4.283 -1.6597e-05
4.284 -1.63663e-05
4.285 -1.61396e-05
4.286 -1.59168e-05
4.287 -1.5698e-05
4.288 -1.5483e-05
4.289 -1.52717e-05
4.29 -1.50641e-05
4.291 -1.48602e-05
4.292 -1.46598e-05
4.293 -1.44629e-05
4.294 -1.42694e-05
4.295 -1.40793e-05
4.296 -1.38925e-05
4.297 -1.37089e-05
4.298 -1.35286e-05
4.299 -1.33513e-05
4.3 -1.31772e-05
4.301 -1.3006e-05
4.302 -1.28378e-05
4.303 -1.26726e-05
4.304 -1.25102e-05
4.305 -1.23506e-05
4.306 -1.21937e-05
4.307 -1.20396e-05
4.308 -1.18881e-05
4.309 -1.17392e-05
4.31 -1.15929e-05
4.311 -1.13998e-05
4.312 -1.1283e-05
4.313 -1.11653e-05
4.314 -1.10602e-05
4.315 -1.09511e-05
4.316 -1.085e-05
4.317 -1.07467e-05
4.318 -1.06468e-05
4.319 -1.0544e-05
4.32 -1.04425e-05
4.321 -1.03385e-05
4.322 -1.0235e-05
4.323 -1.01297e-05
4.324 -1.00248e-05
4.325 -9.87357e-06
4.326 -9.79167e-06
4.327 -9.70658e-06
4.328 -9.63161e-06
4.329 -9.55084e-06
4.33 -9.47613e-06
4.331 -9.39771e-06
4.332 -9.32137e-06
4.333 -9.24099e-06
4.334 -9.1609e-06
4.335 -9.07754e-06
4.336 -8.99401e-06
4.337 -8.90804e-06
4.338 -8.82189e-06
4.339 -8.73412e-06
4.34 -8.64639e-06
4.341 -8.55779e-06
4.342 -8.46953e-06
4.343 -8.38101e-06
4.344 -8.29311e-06
4.345 -8.20543e-06
4.346 -8.11862e-06
4.347 -8.03237e-06
4.348 -7.94717e-06
4.349 -7.8628e-06
4.35 -7.77959e-06
4.351 -7.69738e-06
4.352 -7.61641e-06
4.353 -7.53655e-06
4.354 -7.45796e-06
4.355 -7.38054e-06
4.356 -7.3044e-06
4.357 -7.22946e-06
4.358 -7.15578e-06
4.359 -7.0833e-06
4.36 -7.01206e-06
4.361 -6.942e-06
4.362 -6.87314e-06
4.363 -6.80544e-06
4.364 -6.73891e-06
4.365 -6.6735e-06
4.366 -6.60922e-06
4.367 -6.54602e-06
4.368 -6.48391e-06
4.369 -6.42284e-06
4.37 -6.36282e-06
4.371 -6.30381e-06
4.372 -6.2458e-06
4.373 -6.18877e-06
4.374 -6.13271e-06
4.375 -6.07758e-06
4.376 -6.02338e-06
4.377 -5.97008e-06
4.378 -5.91768e-06
4.379 -5.86614e-06
4.38 -5.81547e-06
4.381 -5.76563e-06
4.382 -5.71663e-06
4.383 -5.66842e-06
4.384 -5.62102e-06
4.385 -5.57439e-06
4.386 -5.52853e-06
4.387 -5.48343e-06
4.388 -5.43905e-06
4.389 -5.39541e-06
4.39 -5.35247e-06
4.391 -5.31023e-06
4.392 -5.26868e-06
4.393 -5.22779e-06
4.394 -5.18757e-06
4.395 -5.14799e-06
4.396 -5.10905e-06
4.397 -5.07074e-06
4.398 -5.03303e-06
4.399 -4.99593e-06
4.4 -4.95942e-06
4.401 -4.92349e-06
4.402 -4.88813e-06
4.403 -4.85332e-06
4.404 -4.81907e-06
4.405 -4.78535e-06
4.406 -4.75216e-06
4.407 -4.71949e-06
4.408 -4.68733e-06
4.409 -4.65567e-06
4.41 -4.62451e-06
4.411 -4.59382e-06
4.412 -4.56361e-06
4.413 -4.53386e-06
4.414 -4.50456e-06
4.415 -4.47572e-06
4.416 -4.44731e-06
4.417 -4.41934e-06
4.418 -4.39179e-06
4.419 -4.36465e-06
4.42 -4.33793e-06
4.421 -4.3116e-06
4.422 -4.28567e-06
4.423 -4.26013e-06
4.424 -4.23496e-06
4.425 -4.21017e-06
4.426 -4.18574e-06
4.427 -4.16167e-06
4.428 -4.13796e-06
4.429 -4.11459e-06
4.43 -4.09156e-06
4.431 -4.06886e-06
4.432 -4.04649e-06
4.433 -4.02444e-06
4.434 -4.00271e-06
4.435 -3.98129e-06
4.436 -3.96017e-06
4.437 -3.93936e-06
4.438 -3.91883e-06
4.439 -3.8986e-06
4.44 -3.87864e-06
4.441 -3.85897e-06
4.442 -3.83956e-06
4.443 -3.82043e-06
4.444 -3.80156e-06
4.445 -3.78294e-06
4.446 -3.76458e-06
4.447 -3.74647e-06
4.448 -3.72861e-06
4.449 -3.71098e-06
4.45 -3.69359e-06
4.451 -3.67643e-06
4.452 -3.6595e-06
4.453 -3.64279e-06
4.454 -3.6263e-06
4.455 -3.61003e-06
4.456 -3.59396e-06
4.457 -3.57811e-06
4.458 -3.56246e-06
4.459 -3.54701e-06
4.46 -3.53175e-06
4.461 -3.51669e-06
4.462 -3.50182e-06
4.463 -3.48713e-06
4.464 -3.47263e-06
4.465 -3.45831e-06
4.466 -3.44416e-06
4.467 -3.43019e-06
4.468 -3.41638e-06
4.469 -3.40275e-06
4.47 -3.38927e-06
4.471 -3.37596e-06
4.472 -3.36281e-06
4.473 -3.34982e-06
4.474 -3.33697e-06
4.475 -3.32428e-06
4.476 -3.31173e-06
4.477 -3.29933e-06
4.478 -3.28707e-06
4.479 -3.27495e-06
4.48 -3.26297e-06
4.481 -3.25112e-06
4.482 -3.2394e-06
4.483 -3.22782e-06
4.484 -3.21636e-06
4.485 -3.20503e-06
4.486 -3.19382e-06
4.487 -3.18273e-06
4.488 -3.17177e-06
4.489 -3.16091e-06
4.49 -3.15018e-06
4.491 -3.13955e-06
4.492 -3.12904e-06
4.493 -3.11864e-06
4.494 -3.10834e-06
4.495 -3.09815e-06
4.496 -3.08806e-06
4.497 -3.07808e-06
4.498 -3.06819e-06
4.499 -3.0584e-06
