0 -0.001401
0.001 -0.0023701
0.002 -0.00315608
0.003 -0.00396645
0.004 -0.00482634
0.005 -0.00568198
0.006 -0.00650491
0.007 -0.00730398
0.008 -0.00808849
0.009 -0.00886599
0.01 -0.00963067
0.011 -0.0103867
0.012 -0.0111303
0.013 -0.0118603
0.014 -0.0125776
0.015 -0.0132863
0.016 -0.013987
0.017 -0.014679
0.018 -0.0153586
0.019 -0.0160276
0.02 -0.0166937
0.021 -0.0173535
0.022 -0.0180047
0.023 -0.0186468
0.024 -0.0192777
0.025 -0.0199046
0.026 -0.0205389
0.027 -0.0211531
0.028 -0.0217688
0.029 -0.0223778
0.03 -0.0229749
0.031 -0.0235756
0.032 -0.0241805
0.033 -0.0247732
0.034 -0.0253603
0.035 -0.025933
0.036 -0.0265008
0.037 -0.0270975
0.038 -0.0276823
0.039 -0.0282243
0.04 -0.0287758
0.041 -0.029327
0.042 -0.0298818
0.043 -0.0304598
0.044 -0.031009
0.045 -0.031539
0.046 -0.0321052
0.047 -0.0326574
0.048 -0.0331703
0.049 -0.0336895
0.05 -0.0342256
0.051 -0.0347155
0.052 -0.0352101
0.053 -0.0357145
0.054 -0.0362362
0.055 -0.0367144
0.056 -0.0371838
0.057 -0.0376842
0.058 -0.0381776
0.059 -0.0386488
0.06 -0.0391145
0.061 -0.0395843
0.062 -0.0400365
0.063 -0.0405123
0.064 -0.0409803
0.065 -0.0414454
0.066 -0.0419147
0.067 -0.0423764
0.068 -0.0428138
0.069 -0.0432994
0.07 -0.0437513
0.071 -0.0442041
0.072 -0.0446591
0.073 -0.0451364
0.074 -0.0455831
0.075 -0.0460651
0.076 -0.0464855
0.077 -0.0469255
0.078 -0.0473462
0.079 -0.0477501
0.08 -0.0481623
0.081 -0.0486148
0.082 -0.0490073
0.083 -0.0494153
0.084 -0.0498211
0.085 -0.0502329
0.086 -0.0506346
0.087 -0.051039
0.088 -0.0514542
0.089 -0.0518664
0.09 -0.0522891
0.091 -0.0526777
0.092 -0.0531216
0.093 -0.0535129
0.094 -0.0539129
0.095 -0.0543606
0.096 -0.054755
0.097 -0.0551882
0.098 -0.0555737
0.099 -0.0559826
0.1 -0.0563333
0.101 -0.0567049
0.102 -0.0571176
0.103 -0.0574836
0.104 -0.0578432
0.105 -0.0581983
0.106 -0.0585594
0.107 -0.058902
0.108 -0.05927
0.109 -0.0596381
0.11 -0.0600136
0.111 -0.0603631
0.112 -0.0607525
0.113 -0.0611143
0.114 -0.0615114
0.115 -0.061869
0.116 -0.0622683
0.117 -0.0625995
0.118 -0.0629574
0.119 -0.0632658
0.12 -0.0636113
0.121 -0.0639105
0.122 -0.0642476
0.123 -0.0645774
0.124 -0.0649133
0.125 -0.0652349
0.126 -0.0655769
0.127 -0.065936
0.128 -0.0662952
0.129 -0.0666585
0.13 -0.0669802
0.131 -0.0673189
0.132 -0.0676656
0.133 -0.0680395
0.134 -0.0683615
0.135 -0.0687005
0.136 -0.0689924
0.137 -0.06933
0.138 -0.0696301
0.139 -0.0699458
0.14 -0.0702262
0.141 -0.0705264
0.142 -0.0708298
0.143 -0.0711423
0.144 -0.071477
0.145 -0.0717731
0.146 -0.0720757
0.147 -0.0724173
0.148 -0.0727331
0.149 -0.0730845
0.15 -0.0733774
0.151 -0.0736333
0.152 -0.0738984
0.153 -0.0741543
0.154 -0.0744488
0.155 -0.0747366
0.156 -0.075012
0.157 -0.0753022
0.158 -0.0756167
0.159 -0.0759462
0.16 -0.0762229
0.161 -0.0765071
0.162 -0.076822
0.163 -0.0771108
0.164 -0.0774061
0.165 -0.0777179
0.166 -0.0779619
0.167 -0.0782542
0.168 -0.0785099
0.169 -0.0787617
0.17 -0.0790162
0.171 -0.079258
0.172 -0.079552
0.173 -0.0798522
0.174 -0.0800974
0.175 -0.0803612
0.176 -0.0806724
0.177 -0.0809496
0.178 -0.0812003
0.179 -0.0814886
0.18 -0.0817004
0.181 -0.0819696
0.182 -0.0821998
0.183 -0.0824169
0.184 -0.0826679
0.185 -0.0829203
0.186 -0.0832007
0.187 -0.0834926
0.188 -0.0837845
0.189 -0.0840262
0.19 -0.0842942
0.191 -0.084574
0.192 -0.0848228
0.193 -0.0850364
0.194 -0.085287
0.195 -0.0854966
0.196 -0.0857338
0.197 -0.0859515
0.198 -0.0861574
0.199 -0.0864039
0.2 -0.0866865
0.201 -0.086946
0.202 -0.0871715
0.203 -0.0874432
0.204 -0.0877142
0.205 -0.0879268
0.206 -0.0880865
0.207 -0.0883226
0.208 -0.0885102
0.209 -0.0887009
0.21 -0.088915
0.211 -0.0891501
0.212 -0.0893999
0.213 -0.0896237
0.214 -0.0898336
0.215 -0.0900918
0.216 -0.090323
0.217 -0.0905527
0.218 -0.0907444
0.219 -0.0909421
0.22 -0.0911365
0.221 -0.0913589
0.222 -0.0915572
0.223 -0.0917398
0.224 -0.0919642
0.225 -0.0922005
0.226 -0.0924364
0.227 -0.0926498
0.228 -0.0928647
0.229 -0.0930626
0.23 -0.093285
0.231 -0.0934455
0.232 -0.0935765
0.233 -0.0937664
0.234 -0.0939754
0.235 -0.0941617
0.236 -0.0943782
0.237 -0.0946046
0.238 -0.0948405
0.239 -0.0950467
0.24 -0.0952399
0.241 -0.0954431
0.242 -0.0956125
0.243 -0.0957866
0.244 -0.095941
0.245 -0.0961127
0.246 -0.0962888
0.247 -0.096482
0.248 -0.0966978
0.249 -0.0968655
0.25 -0.0970627
0.251 -0.0973301
0.252 -0.0975498
0.253 -0.0977075
0.254 -0.0978087
0.255 -0.0979923
0.256 -0.0981286
0.257 -0.0982854
0.258 -0.098439
0.259 -0.0986364
0.26 -0.0988441
0.261 -0.0990562
0.262 -0.0992385
0.263 -0.0994081
0.264 -0.0995901
0.265 -0.0997252
0.266 -0.0999127
0.267 -0.100073
0.268 -0.100206
0.269 -0.100323
0.27 -0.100487
0.271 -0.100691
0.272 -0.100905
0.273 -0.101077
0.274 -0.101234
0.275 -0.101365
0.276 -0.10148
0.277 -0.101645
0.278 -0.101774
0.279 -0.101899
0.28 -0.102036
0.281 -0.102189
0.282 -0.102415
0.283 -0.102607
0.284 -0.102772
0.285 -0.102914
0.286 -0.103076
0.287 -0.103214
0.288 -0.103385
0.289 -0.103499
0.29 -0.103593
0.291 -0.103706
0.292 -0.103879
0.293 -0.104048
0.294 -0.104197
0.295 -0.104414
0.296 -0.104588
0.297 -0.104709
0.298 -0.104769
0.299 -0.10483
0.3 -0.104946
0.301 -0.105105
0.302 -0.10525
0.303 -0.10544
0.304 -0.105606
0.305 -0.10574
0.306 -0.105868
0.307 -0.106012
0.308 -0.106143
0.309 -0.106292
0.31 -0.106403
0.311 -0.106466
0.312 -0.106561
0.313 -0.106738
0.314 -0.106889
0.315 -0.107019
0.316 -0.107217
0.317 -0.107381
0.318 -0.107498
0.319 -0.107542
0.32 -0.107582
0.321 -0.107677
0.322 -0.107812
0.323 -0.107948
0.324 -0.108141
0.325 -0.108308
0.326 -0.108449
0.327 -0.108557
0.328 -0.108695
0.329 -0.108774
0.33 -0.10884
0.331 -0.108953
0.332 -0.109065
0.333 -0.109172
0.334 -0.109339
0.335 -0.109488
0.336 -0.109627
0.337 -0.109732
0.338 -0.109814
0.339 -0.109855
0.34 -0.109993
0.341 -0.110056
0.342 -0.110154
0.343 -0.110263
0.344 -0.110416
0.345 -0.110563
0.346 -0.110682
0.347 -0.110788
0.348 -0.110908
0.349 -0.111006
0.35 -0.111118
0.351 -0.111188
0.352 -0.111261
0.353 -0.111349
0.354 -0.111497
0.355 -0.111611
0.356 -0.111732
0.357 -0.111844
0.358 -0.111921
0.359 -0.111946
0.36 -0.112075
0.361 -0.112129
0.362 -0.112219
0.363 -0.11232
0.364 -0.112466
0.365 -0.11261
0.366 -0.112705
0.367 -0.112801
0.368 -0.112918
0.369 -0.112982
0.37 -0.113095
0.371 -0.113159
0.372 -0.113226
0.373 -0.113308
0.374 -0.113452
0.375 -0.113581
0.376 -0.113685
0.377 -0.113788
0.378 -0.113859
0.379 -0.113877
0.38 -0.113889
0.381 -0.113947
0.382 -0.114053
0.383 -0.114161
0.384 -0.114302
0.385 -0.114425
0.386 -0.114547
0.387 -0.114656
0.388 -0.11477
0.389 -0.114812
0.39 -0.114836
0.391 -0.114886
0.392 -0.114935
0.393 -0.115051
0.394 -0.115142
0.395 -0.115244
0.396 -0.115381
0.397 -0.115424
0.398 -0.115454
0.399 -0.115536
0.4 -0.115555
0.401 -0.115616
0.402 -0.115697
0.403 -0.115826
0.404 -0.11595
0.405 -0.116043
0.406 -0.116111
0.407 -0.116213
0.408 -0.116252
0.409 -0.116264
0.41 -0.116319
0.411 -0.116384
0.412 -0.116459
0.413 -0.11658
0.414 -0.116663
0.415 -0.116803
0.416 -0.116908
0.417 -0.116921
0.418 -0.116955
0.419 -0.116951
0.42 -0.116997
0.421 -0.117069
0.422 -0.117211
0.423 -0.11732
0.424 -0.117407
0.425 -0.117463
0.426 -0.117555
0.427 -0.117587
0.428 -0.117587
0.429 -0.117638
0.43 -0.117674
0.431 -0.117782
0.432 -0.117873
0.433 -0.117949
0.434 -0.118075
0.435 -0.118098
0.436 -0.11812
0.437 -0.11819
0.438 -0.118194
0.439 -0.118245
0.44 -0.118317
0.441 -0.118458
0.442 -0.118573
0.443 -0.118669
0.444 -0.118735
0.445 -0.118821
0.446 -0.118817
0.447 -0.118828
0.448 -0.118831
0.449 -0.118871
0.45 -0.118986
0.451 -0.119071
0.452 -0.119162
0.453 -0.119227
0.454 -0.11926
0.455 -0.119245
0.456 -0.119235
0.457 -0.119269
0.458 -0.119339
0.459 -0.119452
0.46 -0.119574
0.461 -0.119619
0.462 -0.119708
0.463 -0.119774
0.464 -0.119793
0.465 -0.119861
0.466 -0.119887
0.467 -0.11992
0.468 -0.11997
0.469 -0.120081
0.47 -0.120168
0.471 -0.120286
0.472 -0.120374
0.473 -0.120402
0.474 -0.120365
0.475 -0.120342
0.476 -0.12037
0.477 -0.120429
0.478 -0.12054
0.479 -0.120643
0.48 -0.120696
0.481 -0.120755
0.482 -0.120842
0.483 -0.120859
0.484 -0.120827
0.485 -0.120853
0.486 -0.120882
0.487 -0.120977
0.488 -0.121035
0.489 -0.121118
0.49 -0.121181
0.491 -0.121206
0.492 -0.121175
0.493 -0.121149
0.494 -0.121174
0.495 -0.12126
0.496 -0.121319
0.497 -0.121376
0.498 -0.121445
0.499 -0.121544
0.5 -0.121609
0.501 -0.121604
0.502 -0.121694
0.503 -0.121706
0.504 -0.121699
0.505 -0.12174
0.506 -0.121836
0.507 -0.121888
0.508 -0.122003
0.509 -0.12209
0.51 -0.122056
0.511 -0.122075
0.512 -0.122043
0.513 -0.122077
0.514 -0.122127
0.515 -0.122249
0.516 -0.122328
0.517 -0.122435
0.518 -0.122478
0.519 -0.122491
0.52 -0.12252
0.521 -0.122507
0.522 -0.122503
0.523 -0.122532
0.524 -0.122643
0.525 -0.122717
0.526 -0.12282
0.527 -0.12288
0.528 -0.122881
0.529 -0.12286
0.53 -0.122801
0.531 -0.122816
0.532 -0.122862
0.533 -0.122976
0.534 -0.123046
0.535 -0.123146
0.536 -0.123188
0.537 -0.123228
0.538 -0.123237
0.539 -0.12322
0.54 -0.1232
0.541 -0.12322
0.542 -0.123328
0.543 -0.123398
0.544 -0.123494
0.545 -0.123551
0.546 -0.12353
0.547 -0.123513
0.548 -0.123466
0.549 -0.123477
0.55 -0.123518
0.551 -0.123627
0.552 -0.123687
0.553 -0.123777
0.554 -0.123827
0.555 -0.123799
0.556 -0.123832
0.557 -0.12384
0.558 -0.123826
0.559 -0.123843
0.56 -0.123949
0.561 -0.123959
0.562 -0.12407
0.563 -0.12415
0.564 -0.124092
0.565 -0.12409
0.566 -0.124039
0.567 -0.124062
0.568 -0.124109
0.569 -0.124222
0.57 -0.124213
0.571 -0.124321
0.572 -0.124397
0.573 -0.124355
0.574 -0.124371
0.575 -0.124362
0.576 -0.124375
0.577 -0.124405
0.578 -0.124497
0.579 -0.124512
0.58 -0.124622
0.581 -0.124645
0.582 -0.124574
0.583 -0.124598
0.584 -0.124565
0.585 -0.124599
0.586 -0.124626
0.587 -0.124714
0.588 -0.124737
0.589 -0.124801
0.59 -0.124838
0.591 -0.12481
0.592 -0.124863
0.593 -0.124867
0.594 -0.124851
0.595 -0.12488
0.596 -0.124926
0.597 -0.124986
0.598 -0.125079
0.599 -0.125045
0.6 -0.124967
0.601 -0.124932
0.602 -0.124928
0.603 -0.124987
0.604 -0.125033
0.605 -0.125076
0.606 -0.125129
0.607 -0.125167
0.608 -0.125222
0.609 -0.125232
0.61 -0.125196
0.611 -0.125187
0.612 -0.125186
0.613 -0.125263
0.614 -0.125317
0.615 -0.125376
0.616 -0.125415
0.617 -0.125417
0.618 -0.12537
0.619 -0.125316
0.62 -0.125326
0.621 -0.125381
0.622 -0.125459
0.623 -0.12551
0.624 -0.125559
0.625 -0.125591
0.626 -0.125657
0.627 -0.125652
0.628 -0.125618
0.629 -0.125598
0.63 -0.125601
0.631 -0.125706
0.632 -0.125771
0.633 -0.125845
0.634 -0.12589
0.635 -0.125881
0.636 -0.125815
0.637 -0.125758
0.638 -0.125769
0.639 -0.125806
0.64 -0.125909
0.641 -0.125969
0.642 -0.12606
0.643 -0.126093
0.644 -0.126051
0.645 -0.126075
0.646 -0.126062
0.647 -0.126048
0.648 -0.126046
0.649 -0.126134
0.65 -0.126162
0.651 -0.12624
0.652 -0.126212
0.653 -0.126126
0.654 -0.126074
0.655 -0.126096
0.656 -0.12614
0.657 -0.126186
0.658 -0.126232
0.659 -0.126267
0.66 -0.12631
0.661 -0.126352
0.662 -0.126341
0.663 -0.126306
0.664 -0.126297
0.665 -0.126307
0.666 -0.126375
0.667 -0.126424
0.668 -0.126485
0.669 -0.126521
0.67 -0.126525
0.671 -0.126476
0.672 -0.126414
0.673 -0.126413
0.674 -0.126443
0.675 -0.126538
0.676 -0.126627
0.677 -0.126671
0.678 -0.126707
0.679 -0.126758
0.68 -0.126754
0.681 -0.126701
0.682 -0.126679
0.683 -0.126696
0.684 -0.126784
0.685 -0.126791
0.686 -0.126897
0.687 -0.126955
0.688 -0.126858
0.689 -0.126854
0.69 -0.126803
0.691 -0.126819
0.692 -0.126844
0.693 -0.126916
0.694 -0.126936
0.695 -0.126991
0.696 -0.127007
0.697 -0.126978
0.698 -0.126942
0.699 -0.126924
0.7 -0.126923
0.701 -0.126989
0.702 -0.127018
0.703 -0.127078
0.704 -0.127114
0.705 -0.127111
0.706 -0.127055
0.707 -0.126987
0.708 -0.126997
0.709 -0.127016
0.71 -0.1271
0.711 -0.127172
0.712 -0.127219
0.713 -0.127241
0.714 -0.1273
0.715 -0.12726
0.716 -0.127236
0.717 -0.127204
0.718 -0.12721
0.719 -0.127295
0.72 -0.127361
0.721 -0.12743
0.722 -0.127468
0.723 -0.127406
0.724 -0.127389
0.725 -0.127321
0.726 -0.127305
0.727 -0.127336
0.728 -0.127378
0.729 -0.127402
0.73 -0.12744
0.731 -0.127467
0.732 -0.127452
0.733 -0.1274
0.734 -0.127398
0.735 -0.127377
0.736 -0.127439
0.737 -0.127485
0.738 -0.127538
0.739 -0.127566
0.74 -0.127562
0.741 -0.127504
0.742 -0.127444
0.743 -0.127431
0.744 -0.127456
0.745 -0.127562
0.746 -0.127635
0.747 -0.127676
0.748 -0.127703
0.749 -0.127731
0.75 -0.127727
0.751 -0.12768
0.752 -0.127652
0.753 -0.127657
0.754 -0.127738
0.755 -0.127757
0.756 -0.127827
0.757 -0.127768
0.758 -0.127681
0.759 -0.12763
0.76 -0.127611
0.761 -0.127642
0.762 -0.127705
0.763 -0.127745
0.764 -0.127786
0.765 -0.127805
0.766 -0.12786
0.767 -0.127846
0.768 -0.127803
0.769 -0.127752
0.77 -0.127755
0.771 -0.127864
0.772 -0.127932
0.773 -0.128004
0.774 -0.128035
0.775 -0.128001
0.776 -0.127969
0.777 -0.127891
0.778 -0.127895
0.779 -0.127927
0.78 -0.128028
0.781 -0.128015
0.782 -0.128104
0.783 -0.128105
0.784 -0.128075
0.785 -0.128045
0.786 -0.128042
0.787 -0.127999
0.788 -0.128042
0.789 -0.1281
0.79 -0.128142
0.791 -0.12816
0.792 -0.12815
0.793 -0.128087
0.794 -0.128008
0.795 -0.127999
0.796 -0.128024
0.797 -0.12811
0.798 -0.128181
0.799 -0.128208
0.8 -0.128243
0.801 -0.128291
0.802 -0.128251
0.803 -0.128197
0.804 -0.128174
0.805 -0.128189
0.806 -0.128273
0.807 -0.128313
0.808 -0.128407
0.809 -0.128443
0.81 -0.12833
0.811 -0.128314
0.812 -0.12826
0.813 -0.128255
0.814 -0.128265
0.815 -0.128295
0.816 -0.128333
0.817 -0.128352
0.818 -0.12839
0.819 -0.128371
0.82 -0.12832
0.821 -0.128304
0.822 -0.128281
0.823 -0.128356
0.824 -0.128418
0.825 -0.128462
0.826 -0.12849
0.827 -0.128475
0.828 -0.1284
0.829 -0.128328
0.83 -0.128329
0.831 -0.128358
0.832 -0.128454
0.833 -0.128503
0.834 -0.128519
0.835 -0.128508
0.836 -0.128477
0.837 -0.128499
0.838 -0.128477
0.839 -0.128446
0.84 -0.128466
0.841 -0.128488
0.842 -0.128533
0.843 -0.128554
0.844 -0.128535
0.845 -0.128469
0.846 -0.128396
0.847 -0.128404
0.848 -0.128408
0.849 -0.128499
0.85 -0.128567
0.851 -0.128611
0.852 -0.128629
0.853 -0.128675
0.854 -0.128652
0.855 -0.128593
0.856 -0.128557
0.857 -0.128564
0.858 -0.128634
0.859 -0.128644
0.86 -0.128709
0.861 -0.128646
0.862 -0.128552
0.863 -0.128496
0.864 -0.128473
0.865 -0.1285
0.866 -0.128578
0.867 -0.128606
0.868 -0.128649
0.869 -0.128656
0.87 -0.128705
0.871 -0.128686
0.872 -0.12864
0.873 -0.128587
0.874 -0.128588
0.875 -0.12869
0.876 -0.128731
0.877 -0.128803
0.878 -0.128846
0.879 -0.128727
0.88 -0.128706
0.881 -0.128642
0.882 -0.128661
0.883 -0.128693
0.884 -0.128764
0.885 -0.12876
0.886 -0.128779
0.887 -0.128796
0.888 -0.128765
0.889 -0.128713
0.89 -0.128689
0.891 -0.128686
0.892 -0.128745
0.893 -0.128781
0.894 -0.128824
0.895 -0.128853
0.896 -0.128844
0.897 -0.128765
0.898 -0.128694
0.899 -0.128687
0.9 -0.128711
0.901 -0.128786
0.902 -0.128833
0.903 -0.128907
0.904 -0.128931
0.905 -0.128858
0.906 -0.128857
0.907 -0.128828
0.908 -0.128787
0.909 -0.128789
0.91 -0.128825
0.911 -0.128865
0.912 -0.128879
0.913 -0.128856
0.914 -0.128779
0.915 -0.128698
0.916 -0.128689
0.917 -0.128694
0.918 -0.128766
0.919 -0.128828
0.92 -0.128861
0.921 -0.12887
0.922 -0.128905
0.923 -0.128858
0.924 -0.128804
0.925 -0.128767
0.926 -0.128769
0.927 -0.128844
0.928 -0.128857
0.929 -0.12892
0.93 -0.128865
0.931 -0.128776
0.932 -0.128795
0.933 -0.12872
0.934 -0.128716
0.935 -0.128748
0.936 -0.128774
0.937 -0.128795
0.938 -0.1288
0.939 -0.128835
0.94 -0.128805
0.941 -0.128744
0.942 -0.128721
0.943 -0.128693
0.944 -0.128771
0.945 -0.128823
0.946 -0.128862
0.947 -0.128891
0.948 -0.128856
0.949 -0.128798
0.95 -0.128692
0.951 -0.128682
0.952 -0.128683
0.953 -0.128754
0.954 -0.128741
0.955 -0.128767
0.956 -0.128759
0.957 -0.128718
0.958 -0.12865
0.959 -0.128628
0.96 -0.128603
0.961 -0.128658
0.962 -0.128676
0.963 -0.12873
0.964 -0.128734
0.965 -0.128715
0.966 -0.128615
0.967 -0.128539
0.968 -0.128513
0.969 -0.128521
0.97 -0.128603
0.971 -0.128627
0.972 -0.128683
0.973 -0.12869
0.974 -0.128616
0.975 -0.128596
0.976 -0.128549
0.977 -0.128497
0.978 -0.128508
0.979 -0.128531
0.98 -0.128545
0.981 -0.128572
0.982 -0.128516
0.983 -0.128413
0.984 -0.128312
0.985 -0.128274
0.986 -0.128272
0.987 -0.128335
0.988 -0.128392
0.989 -0.128398
0.99 -0.128398
0.991 -0.128423
0.992 -0.128361
0.993 -0.128283
0.994 -0.128224
0.995 -0.128203
0.996 -0.128262
0.997 -0.128234
0.998 -0.128306
0.999 -0.128326
1 -0.128185
1.001 -0.128139
1.002 -0.128044
1.003 -0.128006
1.004 -0.127984
1.005 -0.12798
1.006 -0.127983
1.007 -0.127985
1.008 -0.127975
1.009 -0.12791
1.01 -0.127804
1.011 -0.12775
1.012 -0.127701
1.013 -0.127731
1.014 -0.127733
1.015 -0.127739
1.016 -0.127724
1.017 -0.127667
1.018 -0.127555
1.019 -0.127425
1.02 -0.127362
1.021 -0.127337
1.022 -0.127376
1.023 -0.127402
1.024 -0.127376
1.025 -0.127346
1.026 -0.127302
1.027 -0.127229
1.028 -0.127094
1.029 -0.127008
1.03 -0.126949
1.031 -0.126953
1.032 -0.126898
1.033 -0.126899
1.034 -0.12678
1.035 -0.126613
1.036 -0.126457
1.037 -0.126328
1.038 -0.126292
1.039 -0.126246
1.04 -0.126194
1.041 -0.126132
1.042 -0.126047
1.043 -0.125989
1.044 -0.125883
1.045 -0.125717
1.046 -0.125585
1.047 -0.125461
1.048 -0.125426
1.049 -0.125358
1.05 -0.125297
1.051 -0.125189
1.052 -0.125041
1.053 -0.124833
1.054 -0.12461
1.055 -0.124477
1.056 -0.124342
1.057 -0.124297
1.058 -0.124186
1.059 -0.124073
1.06 -0.123901
1.061 -0.123773
1.062 -0.123573
1.063 -0.123327
1.064 -0.123073
1.065 -0.122865
1.066 -0.122782
1.067 -0.122634
1.068 -0.12248
1.069 -0.122236
1.07 -0.12196
1.071 -0.121615
1.072 -0.121251
1.073 -0.120943
1.074 -0.120673
1.075 -0.120499
1.076 -0.120224
1.077 -0.119937
1.078 -0.119554
1.079 -0.119223
1.08 -0.118823
1.081 -0.118386
1.082 -0.117916
1.083 -0.117486
1.084 -0.117126
1.085 -0.116772
1.086 -0.116276
1.087 -0.115873
1.088 -0.11535
1.089 -0.114686
1.09 -0.113954
1.091 -0.113149
1.092 -0.112405
1.093 -0.111667
1.094 -0.111004
1.095 -0.110148
1.096 -0.109233
1.097 -0.108294
1.098 -0.107271
1.099 -0.10621
1.1 -0.105092
1.101 -0.10373
1.102 -0.102155
1.103 -0.100428
1.104 -0.0982656
1.105 -0.0957825
1.106 -0.0923351
1.107 -0.0882186
1.108 -0.0833572
1.109 -0.0774712
1.11 -0.0706291
1.111 -0.0630341
1.112 -0.0548266
1.113 -0.046148
1.114 0.0166849
1.115 0.00500546
1.116 0.00150164
1.117 0.00844273
1.118 0.018118
1.119 0.0247582
1.12 0.0283151
1.121 0.0310454
1.122 0.0338816
1.123 0.0367292
1.124 0.0391914
1.125 0.0409144
1.126 0.0423026
1.127 0.0432459
1.128 0.0437262
1.129 0.0439491
1.13 0.0434556
1.131 0.0427978
1.132 0.0420501
1.133 0.0410799
1.134 0.0397452
1.135 0.0382948
1.136 0.0368244
1.137 0.0353381
1.138 0.0337727
1.139 0.0321028
1.14 0.0303404
1.141 0.0286215
1.142 0.0269792
1.143 0.0253758
1.144 0.023785
1.145 0.0222206
1.146 0.0206321
1.147 0.019078
1.148 0.0175605
1.149 0.0161073
1.15 0.0146753
1.151 0.0132418
1.152 0.0118734
1.153 0.010567
1.154 0.00929848
1.155 0.0080706
1.156 0.00686789
1.157 0.00568976
1.158 0.0045369
1.159 0.0034122
1.16 0.00231667
1.161 0.0012498
1.162 0.000210125
1.163 -0.000804036
1.164 -0.00179414
1.165 -0.00276132
1.166 -0.00370645
1.167 -0.00463024
1.168 -0.00553336
1.169 -0.00641151
1.17 -0.0072714
1.171 -0.00811269
1.172 -0.0089114
1.173 -0.0096935
1.174 -0.010462
1.175 -0.0112143
1.176 -0.0119571
1.177 -0.0126549
1.178 -0.0133412
1.179 -0.0140187
1.18 -0.0146618
1.181 -0.0152804
1.182 -0.0158869
1.183 -0.0164194
1.184 -0.0169265
1.185 -0.01741
1.186 -0.0178764
1.187 -0.0183181
1.188 -0.0187205
1.189 -0.0190594
1.19 -0.0193599
1.191 -0.0195668
1.192 -0.0197347
1.193 -0.0198713
1.194 -0.0199692
1.195 -0.0199601
1.196 -0.0198817
1.197 -0.0197498
1.198 -0.0195627
1.199 -0.019331
1.2 -0.0190195
1.201 -0.0185573
1.202 -0.0179681
1.203 -0.0173036
1.204 -0.0165855
1.205 -0.0158041
1.206 -0.0149236
1.207 -0.0139723
1.208 -0.0129699
1.209 -0.0119241
1.21 -0.0108514
1.211 -0.00975752
1.212 -0.0086497
1.213 -0.00753532
1.214 -0.0064209
1.215 -0.00531455
1.216 -0.00422336
1.217 -0.00314036
1.218 -0.00209382
1.219 -0.00107309
1.22 -9.03028e-05
1.221 0.000851522
1.222 0.00174935
1.223 0.00258803
1.224 0.00338122
1.225 0.00411731
1.226 0.0048086
1.227 0.0054486
1.228 0.00603061
1.229 0.00655327
1.23 0.00701806
1.231 0.00742887
1.232 0.00778195
1.233 0.00807764
1.234 0.00831738
1.235 0.00850278
1.236 0.00863535
1.237 0.0087088
1.238 0.00875297
1.239 0.00874797
1.24 0.00869831
1.241 0.00859627
1.242 0.00847076
1.243 0.00831107
1.244 0.00811196
1.245 0.00789678
1.246 0.00766358
1.247 0.00740405
1.248 0.00711841
1.249 0.00688705
1.25 0.00664202
1.251 0.00637551
1.252 0.00601606
1.253 0.00563859
1.254 0.00524988
1.255 0.00486144
1.256 0.00445973
1.257 0.00404947
1.258 0.00363423
1.259 0.00321335
1.26 0.00278784
1.261 0.00236028
1.262 0.00193385
1.263 0.00151116
1.264 0.00109406
1.265 0.00068394
1.266 0.000282022
1.267 -0.000110541
1.268 -0.000492666
1.269 -0.000863361
1.27 -0.00122172
1.271 -0.00156693
1.272 -0.00189827
1.273 -0.00221509
1.274 -0.00251686
1.275 -0.00280315
1.276 -0.00307358
1.277 -0.0033278
1.278 -0.00356572
1.279 -0.00378718
1.28 -0.00399148
1.281 -0.00417423
1.282 -0.00433992
1.283 -0.00448612
1.284 -0.00461742
1.285 -0.00473275
1.286 -0.00480523
1.287 -0.00485089
1.288 -0.00487467
1.289 -0.0048784
1.29 -0.00484825
1.291 -0.00479207
1.292 -0.00471537
1.293 -0.00462062
1.294 -0.0045032
1.295 -0.00436887
1.296 -0.00422193
1.297 -0.00406287
1.298 -0.00389139
1.299 -0.00370995
