0 -0.00138349
0.001 -0.00228385
0.002 -0.00299141
0.003 -0.0037294
0.004 -0.00451004
0.005 -0.00527696
0.006 -0.00600632
0.007 -0.00670671
0.008 -0.00739023
0.009 -0.00805936
0.01 -0.00871526
0.011 -0.00935816
0.012 -0.00998015
0.013 -0.0105785
0.014 -0.0111722
0.015 -0.0117597
0.016 -0.0123293
0.017 -0.0128965
0.018 -0.0134547
0.019 -0.0140033
0.02 -0.0145438
0.021 -0.015076
0.022 -0.0155989
0.023 -0.016122
0.024 -0.0166435
0.025 -0.0171641
0.026 -0.0176709
0.027 -0.0181686
0.028 -0.0186601
0.029 -0.0191449
0.03 -0.0196154
0.031 -0.0200759
0.032 -0.0205296
0.033 -0.0209869
0.034 -0.0214385
0.035 -0.021882
0.036 -0.0223322
0.037 -0.0227727
0.038 -0.0232404
0.039 -0.0236856
0.04 -0.0241146
0.041 -0.0245357
0.042 -0.0249606
0.043 -0.0254035
0.044 -0.0258115
0.045 -0.0262149
0.046 -0.0265981
0.047 -0.0269806
0.048 -0.0273672
0.049 -0.0277297
0.05 -0.0280957
0.051 -0.0284712
0.052 -0.028841
0.053 -0.0292316
0.054 -0.029616
0.055 -0.0299881
0.056 -0.0303757
0.057 -0.0307495
0.058 -0.0311269
0.059 -0.0314622
0.06 -0.0318071
0.061 -0.032153
0.062 -0.0324993
0.063 -0.0328088
0.064 -0.0331146
0.065 -0.0334314
0.066 -0.0337414
0.067 -0.0340783
0.068 -0.0344108
0.069 -0.0347322
0.07 -0.0350512
0.071 -0.0353281
0.072 -0.0356246
0.073 -0.0359272
0.074 -0.0362365
0.075 -0.0365807
0.076 -0.0369057
0.077 -0.0372141
0.078 -0.0375649
0.079 -0.0378894
0.08 -0.0382009
0.081 -0.0384828
0.082 -0.0387561
0.083 -0.0390062
0.084 -0.0392818
0.085 -0.0395647
0.086 -0.0398834
0.087 -0.0401868
0.088 -0.0404962
0.089 -0.0407959
0.09 -0.0410313
0.091 -0.0412814
0.092 -0.041542
0.093 -0.0417567
0.094 -0.0419893
0.095 -0.0422298
0.096 -0.0424989
0.097 -0.042777
0.098 -0.0430453
0.099 -0.0432923
0.1 -0.0435395
0.101 -0.0437813
0.102 -0.0440796
0.103 -0.0443702
0.104 -0.0446359
0.105 -0.0449295
0.106 -0.0451849
0.107 -0.0454058
0.108 -0.0456356
0.109 -0.0458452
0.11 -0.0460744
0.111 -0.0463345
0.112 -0.0465932
0.113 -0.0468661
0.114 -0.0471318
0.115 -0.0473437
0.116 -0.0475718
0.117 -0.0478065
0.118 -0.0479641
0.119 -0.0481717
0.12 -0.0483924
0.121 -0.0486357
0.122 -0.0488575
0.123 -0.0490385
0.124 -0.0492343
0.125 -0.0494299
0.126 -0.0497029
0.127 -0.0499448
0.128 -0.0501734
0.129 -0.0504227
0.13 -0.0506467
0.131 -0.0508491
0.132 -0.0510034
0.133 -0.0511919
0.134 -0.0514357
0.135 -0.051682
0.136 -0.0519243
0.137 -0.0521285
0.138 -0.0522996
0.139 -0.0524746
0.14 -0.0525993
0.141 -0.0527624
0.142 -0.0529475
0.143 -0.0531691
0.144 -0.0533756
0.145 -0.0535467
0.146 -0.0537338
0.147 -0.0539406
0.148 -0.0541847
0.149 -0.0543884
0.15 -0.0546297
0.151 -0.0548281
0.152 -0.0549808
0.153 -0.0551152
0.154 -0.0552862
0.155 -0.0555126
0.156 -0.0557182
0.157 -0.0559298
0.158 -0.0560996
0.159 -0.0562824
0.16 -0.0564251
0.161 -0.0565663
0.162 -0.0567084
0.163 -0.0569132
0.164 -0.0570906
0.165 -0.0572132
0.166 -0.0573684
0.167 -0.0575483
0.168 -0.057767
0.169 -0.0579664
0.17 -0.0581764
0.171 -0.0583514
0.172 -0.0584942
0.173 -0.058627
0.174 -0.0587807
0.175 -0.0589936
0.176 -0.0592107
0.177 -0.059338
0.178 -0.0594792
0.179 -0.0596079
0.18 -0.059708
0.181 -0.0598257
0.182 -0.0600161
0.183 -0.060188
0.184 -0.0603184
0.185 -0.060466
0.186 -0.0606647
0.187 -0.0608596
0.188 -0.0610482
0.189 -0.0612158
0.19 -0.0613396
0.191 -0.0614416
0.192 -0.0615743
0.193 -0.0617635
0.194 -0.0619685
0.195 -0.0621546
0.196 -0.0622833
0.197 -0.0624243
0.198 -0.0625097
0.199 -0.0626124
0.2 -0.0627751
0.201 -0.0629186
0.202 -0.0630109
0.203 -0.0631324
0.204 -0.0633218
0.205 -0.0634935
0.206 -0.0636884
0.207 -0.0638536
0.208 -0.0639705
0.209 -0.0640394
0.21 -0.0641626
0.211 -0.0643538
0.212 -0.0645469
0.213 -0.0646567
0.214 -0.064759
0.215 -0.0648062
0.216 -0.0648937
0.217 -0.0650128
0.218 -0.0651719
0.219 -0.0652986
0.22 -0.0654195
0.221 -0.0655624
0.222 -0.0657437
0.223 -0.065913
0.224 -0.0660569
0.225 -0.0661508
0.226 -0.0662227
0.227 -0.0663417
0.228 -0.0665126
0.229 -0.0666921
0.23 -0.0668007
0.231 -0.0669217
0.232 -0.0670067
0.233 -0.0670909
0.234 -0.0672175
0.235 -0.0673396
0.236 -0.0674075
0.237 -0.0675104
0.238 -0.0676753
0.239 -0.0678232
0.24 -0.067996
0.241 -0.0681191
0.242 -0.0682019
0.243 -0.0682808
0.244 -0.0684363
0.245 -0.0686106
0.246 -0.0687597
0.247 -0.0688232
0.248 -0.0688793
0.249 -0.0689178
0.25 -0.0689962
0.251 -0.0691326
0.252 -0.069238
0.253 -0.0693376
0.254 -0.0694837
0.255 -0.069632
0.256 -0.0697824
0.257 -0.0698632
0.258 -0.0699402
0.259 -0.0700157
0.26 -0.0701473
0.261 -0.0703227
0.262 -0.0704698
0.263 -0.0705488
0.264 -0.0705933
0.265 -0.0706535
0.266 -0.0707407
0.267 -0.0708548
0.268 -0.0709229
0.269 -0.0710051
0.27 -0.0711452
0.271 -0.0712754
0.272 -0.0714203
0.273 -0.0715316
0.274 -0.0715607
0.275 -0.0716279
0.276 -0.0717817
0.277 -0.0719491
0.278 -0.0720075
0.279 -0.0720782
0.28 -0.0720634
0.281 -0.0721203
0.282 -0.0722553
0.283 -0.0723679
0.284 -0.0724412
0.285 -0.0725409
0.286 -0.0726897
0.287 -0.0728197
0.288 -0.0729267
0.289 -0.0729829
0.29 -0.07303
0.291 -0.0731448
0.292 -0.0733067
0.293 -0.0734416
0.294 -0.0735059
0.295 -0.0735341
0.296 -0.0735791
0.297 -0.0736746
0.298 -0.0737645
0.299 -0.0738056
0.3 -0.0738746
0.301 -0.0740052
0.302 -0.074115
0.303 -0.0742501
0.304 -0.0743271
0.305 -0.0743548
0.306 -0.0744569
0.307 -0.0746116
0.308 -0.0747435
0.309 -0.0747782
0.31 -0.0747462
0.311 -0.0747708
0.312 -0.0748758
0.313 -0.074972
0.314 -0.0750312
0.315 -0.0751173
0.316 -0.0752516
0.317 -0.0753675
0.318 -0.0754613
0.319 -0.0754975
0.32 -0.0755363
0.321 -0.0756531
0.322 -0.0757903
0.323 -0.0758634
0.324 -0.075932
0.325 -0.0759132
0.326 -0.0759614
0.327 -0.0760623
0.328 -0.0761051
0.329 -0.0761577
0.33 -0.0762592
0.331 -0.0763733
0.332 -0.0764966
0.333 -0.0765709
0.334 -0.076579
0.335 -0.0766319
0.336 -0.0767633
0.337 -0.0768988
0.338 -0.0769409
0.339 -0.0769567
0.34 -0.0769483
0.341 -0.0769891
0.342 -0.077086
0.343 -0.0771405
0.344 -0.0771964
0.345 -0.0773326
0.346 -0.0774203
0.347 -0.077519
0.348 -0.0775594
0.349 -0.0775866
0.35 -0.077692
0.351 -0.0778215
0.352 -0.0778991
0.353 -0.0779543
0.354 -0.0779363
0.355 -0.0779528
0.356 -0.07805
0.357 -0.0780854
0.358 -0.0781304
0.359 -0.0782362
0.36 -0.0783274
0.361 -0.0784451
0.362 -0.0785005
0.363 -0.0784941
0.364 -0.0785819
0.365 -0.0787206
0.366 -0.078805
0.367 -0.0788316
0.368 -0.078773
0.369 -0.0787788
0.37 -0.0788739
0.371 -0.0789369
0.372 -0.0789895
0.373 -0.0791046
0.374 -0.0791995
0.375 -0.0792762
0.376 -0.0793082
0.377 -0.079311
0.378 -0.0793931
0.379 -0.0795136
0.38 -0.0796294
0.381 -0.0796671
0.382 -0.0796641
0.383 -0.0796719
0.384 -0.0797357
0.385 -0.0797551
0.386 -0.0797928
0.387 -0.0798919
0.388 -0.0799825
0.389 -0.0800875
0.39 -0.0801306
0.391 -0.0801137
0.392 -0.0801933
0.393 -0.080324
0.394 -0.0804003
0.395 -0.0804181
0.396 -0.0803327
0.397 -0.0803385
0.398 -0.0804325
0.399 -0.0804876
0.4 -0.0805323
0.401 -0.0806338
0.402 -0.0807079
0.403 -0.0807873
0.404 -0.0808149
0.405 -0.0808196
0.406 -0.080908
0.407 -0.0810225
0.408 -0.0810529
0.409 -0.0811033
0.41 -0.0810892
0.411 -0.0811034
0.412 -0.0811629
0.413 -0.0811742
0.414 -0.081212
0.415 -0.081308
0.416 -0.0814112
0.417 -0.0814917
0.418 -0.0815025
0.419 -0.0814958
0.42 -0.0815946
0.421 -0.0817103
0.422 -0.0817283
0.423 -0.0816905
0.424 -0.0816632
0.425 -0.0817261
0.426 -0.0817895
0.427 -0.0818182
0.428 -0.0818853
0.429 -0.0819814
0.43 -0.0820477
0.431 -0.0820668
0.432 -0.0820549
0.433 -0.0821241
0.434 -0.0822459
0.435 -0.0823274
0.436 -0.0823547
0.437 -0.0822898
0.438 -0.0822861
0.439 -0.0823575
0.44 -0.0823783
0.441 -0.0824046
0.442 -0.0824906
0.443 -0.0825619
0.444 -0.0826589
0.445 -0.0826668
0.446 -0.0826523
0.447 -0.082745
0.448 -0.0828564
0.449 -0.0828694
0.45 -0.0828553
0.451 -0.082813
0.452 -0.082862
0.453 -0.0829172
0.454 -0.0829403
0.455 -0.0830142
0.456 -0.083099
0.457 -0.0831587
0.458 -0.0831657
0.459 -0.0831508
0.46 -0.0832191
0.461 -0.0833356
0.462 -0.0833882
0.463 -0.0834118
0.464 -0.083373
0.465 -0.0833738
0.466 -0.0834243
0.467 -0.0834253
0.468 -0.0834622
0.469 -0.0835431
0.47 -0.0836487
0.471 -0.0836973
0.472 -0.0836544
0.473 -0.0836678
0.474 -0.0837732
0.475 -0.0838896
0.476 -0.083886
0.477 -0.0837872
0.478 -0.083764
0.479 -0.0838379
0.48 -0.0838775
0.481 -0.083908
0.482 -0.0839948
0.483 -0.0840427
0.484 -0.0841087
0.485 -0.0841051
0.486 -0.0840998
0.487 -0.0841791
0.488 -0.0842787
0.489 -0.0843043
0.49 -0.0842779
0.491 -0.0842678
0.492 -0.0843148
0.493 -0.0843018
0.494 -0.0843173
0.495 -0.0843906
0.496 -0.0844588
0.497 -0.0845483
0.498 -0.0845747
0.499 -0.0845434
0.5 -0.0846071
0.501 -0.0847159
0.502 -0.0847168
0.503 -0.0846909
0.504 -0.0846364
0.505 -0.0846753
0.506 -0.0847214
0.507 -0.0847353
0.508 -0.0848065
0.509 -0.08488
0.51 -0.0849285
0.511 -0.0849266
0.512 -0.08491
0.513 -0.0849746
0.514 -0.0850742
0.515 -0.0850849
0.516 -0.0851139
0.517 -0.0850796
0.518 -0.0851009
0.519 -0.085129
0.52 -0.0851165
0.521 -0.0851634
0.522 -0.085235
0.523 -0.0853188
0.524 -0.0853362
0.525 -0.0853025
0.526 -0.0853581
0.527 -0.0854593
0.528 -0.0854491
0.529 -0.0854546
0.53 -0.0853802
0.531 -0.0854032
0.532 -0.0854433
0.533 -0.0854551
0.534 -0.0855169
0.535 -0.0855892
0.536 -0.0856338
0.537 -0.0856276
0.538 -0.0856076
0.539 -0.085673
0.54 -0.0857663
0.541 -0.0857719
0.542 -0.0857974
0.543 -0.0857595
0.544 -0.0857774
0.545 -0.085802
0.546 -0.0857862
0.547 -0.0858298
0.548 -0.0858987
0.549 -0.0859794
0.55 -0.0859937
0.551 -0.0859558
0.552 -0.0860075
0.553 -0.086108
0.554 -0.0861003
0.555 -0.0860668
0.556 -0.0860041
0.557 -0.0860358
0.558 -0.086075
0.559 -0.086082
0.56 -0.086156
0.561 -0.0861983
0.562 -0.0862457
0.563 -0.0862447
0.564 -0.0862229
0.565 -0.0862781
0.566 -0.0863723
0.567 -0.0863839
0.568 -0.0863635
0.569 -0.0863361
0.57 -0.0863647
0.571 -0.0863387
0.572 -0.086345
0.573 -0.0864105
0.574 -0.0864669
0.575 -0.0865461
0.576 -0.0865335
0.577 -0.0864948
0.578 -0.0865672
0.579 -0.0866624
0.58 -0.0866551
0.581 -0.0865568
0.582 -0.0865205
0.583 -0.0865703
0.584 -0.0865922
0.585 -0.0866098
0.586 -0.0866833
0.587 -0.0867392
0.588 -0.0867813
0.589 -0.0867237
0.59 -0.0867216
0.591 -0.0868035
0.592 -0.0869039
0.593 -0.0869108
0.594 -0.086859
0.595 -0.0868116
0.596 -0.0868482
0.597 -0.0868292
0.598 -0.0868312
0.599 -0.0869106
0.6 -0.0870041
0.601 -0.0870366
0.602 -0.0869761
0.603 -0.0869752
0.604 -0.087089
0.605 -0.0871475
0.606 -0.0871346
0.607 -0.0870261
0.608 -0.0869954
0.609 -0.087044
0.61 -0.0870591
0.611 -0.0870949
0.612 -0.08717
0.613 -0.0872087
0.614 -0.0872025
0.615 -0.0871665
0.616 -0.0872161
0.617 -0.0873156
0.618 -0.0873178
0.619 -0.0873409
0.62 -0.0872921
0.621 -0.0873018
0.622 -0.0873204
0.623 -0.0872991
0.624 -0.0873442
0.625 -0.0873943
0.626 -0.0874695
0.627 -0.0874815
0.628 -0.0874337
0.629 -0.0874822
0.63 -0.0875703
0.631 -0.0875602
0.632 -0.0874566
0.633 -0.0874142
0.634 -0.087463
0.635 -0.0874776
0.636 -0.0874898
0.637 -0.087559
0.638 -0.0876105
0.639 -0.0876486
0.64 -0.0875867
0.641 -0.0875854
0.642 -0.0876611
0.643 -0.0877569
0.644 -0.0877602
0.645 -0.0876565
0.646 -0.0876398
0.647 -0.0876765
0.648 -0.0876598
0.649 -0.0876782
0.65 -0.0877402
0.651 -0.0878273
0.652 -0.0878434
0.653 -0.0877746
0.654 -0.0878143
0.655 -0.0879127
0.656 -0.0878939
0.657 -0.0878867
0.658 -0.087801
0.659 -0.0878027
0.66 -0.0878382
0.661 -0.0878432
0.662 -0.0878954
0.663 -0.0879587
0.664 -0.0879931
0.665 -0.0879794
0.666 -0.0879492
0.667 -0.0879983
0.668 -0.0880813
0.669 -0.0880877
0.67 -0.088041
0.671 -0.088012
0.672 -0.0880314
0.673 -0.0880042
0.674 -0.0880086
0.675 -0.0880677
0.676 -0.0881375
0.677 -0.0881703
0.678 -0.0881071
0.679 -0.0880998
0.68 -0.0881857
0.681 -0.0882839
0.682 -0.088259
0.683 -0.0881338
0.684 -0.0880941
0.685 -0.0881379
0.686 -0.0881481
0.687 -0.088179
0.688 -0.0882492
0.689 -0.0882824
0.69 -0.0882713
0.691 -0.0882374
0.692 -0.08829
0.693 -0.0883737
0.694 -0.0883732
0.695 -0.0883618
0.696 -0.0883194
0.697 -0.088334
0.698 -0.0883195
0.699 -0.0883074
0.7 -0.0883578
0.701 -0.0884174
0.702 -0.0884818
0.703 -0.0884533
0.704 -0.0884074
0.705 -0.0884734
0.706 -0.088571
0.707 -0.0885471
0.708 -0.0884217
0.709 -0.0883686
0.71 -0.0884199
0.711 -0.08842
0.712 -0.0884508
0.713 -0.0885197
0.714 -0.0885815
0.715 -0.0885543
0.716 -0.0885015
0.717 -0.0885434
0.718 -0.088638
0.719 -0.0886328
0.72 -0.0886461
0.721 -0.0885915
0.722 -0.0885958
0.723 -0.0886082
0.724 -0.0885817
0.725 -0.088625
0.726 -0.0886682
0.727 -0.0887369
0.728 -0.0887124
0.729 -0.0886617
0.73 -0.0887236
0.731 -0.0888192
0.732 -0.0887938
0.733 -0.0886816
0.734 -0.0886285
0.735 -0.0886761
0.736 -0.088661
0.737 -0.0886746
0.738 -0.0887509
0.739 -0.0888152
0.74 -0.088787
0.741 -0.0887326
0.742 -0.0887714
0.743 -0.0888657
0.744 -0.0888946
0.745 -0.088894
0.746 -0.0888257
0.747 -0.0888264
0.748 -0.0888396
0.749 -0.0888118
0.75 -0.0888511
0.751 -0.0888934
0.752 -0.0889611
0.753 -0.0889356
0.754 -0.0888835
0.755 -0.0889441
0.756 -0.0890294
0.757 -0.0890102
0.758 -0.0888995
0.759 -0.0888447
0.76 -0.0888954
0.761 -0.0888925
0.762 -0.0888775
0.763 -0.0889576
0.764 -0.089024
0.765 -0.0889963
0.766 -0.0889413
0.767 -0.0889794
0.768 -0.0890734
0.769 -0.0890958
0.77 -0.0890971
0.771 -0.0890298
0.772 -0.0890301
0.773 -0.0890421
0.774 -0.0890138
0.775 -0.0890527
0.776 -0.0890945
0.777 -0.0891616
0.778 -0.0891352
0.779 -0.0890824
0.78 -0.0891423
0.781 -0.0892365
0.782 -0.0892094
0.783 -0.0890954
0.784 -0.0890406
0.785 -0.0890821
0.786 -0.0890675
0.787 -0.0890924
0.788 -0.0891624
0.789 -0.0892224
0.79 -0.0891921
0.791 -0.0891363
0.792 -0.0891759
0.793 -0.0892681
0.794 -0.0892603
0.795 -0.0892743
0.796 -0.0892157
0.797 -0.0892168
0.798 -0.089227
0.799 -0.0891982
0.8 -0.0892333
0.801 -0.0892771
0.802 -0.089345
0.803 -0.0893149
0.804 -0.0892637
0.805 -0.0893243
0.806 -0.0894181
0.807 -0.0893904
0.808 -0.0892415
0.809 -0.089203
0.81 -0.0892441
0.811 -0.0892436
0.812 -0.0892715
0.813 -0.0893375
0.814 -0.0893649
0.815 -0.0893486
0.816 -0.0893029
0.817 -0.0893547
0.818 -0.089436
0.819 -0.0894308
0.82 -0.0894148
0.821 -0.0893677
0.822 -0.0893782
0.823 -0.0893356
0.824 -0.0893306
0.825 -0.0893842
0.826 -0.0894256
0.827 -0.089491
0.828 -0.0894158
0.829 -0.0893949
0.83 -0.0894731
0.831 -0.0895672
0.832 -0.0895371
0.833 -0.0894046
0.834 -0.089359
0.835 -0.0893973
0.836 -0.0894023
0.837 -0.0894283
0.838 -0.0894933
0.839 -0.0895228
0.84 -0.0894999
0.841 -0.0894613
0.842 -0.0895053
0.843 -0.0895891
0.844 -0.0895857
0.845 -0.0895302
0.846 -0.0894945
0.847 -0.0895083
0.848 -0.0894744
0.849 -0.0894734
0.85 -0.0895274
0.851 -0.0896034
0.852 -0.0896251
0.853 -0.0895525
0.854 -0.089539
0.855 -0.0896403
0.856 -0.0896302
0.857 -0.0896171
0.858 -0.0895171
0.859 -0.0894916
0.86 -0.0895272
0.861 -0.08953
0.862 -0.0895816
0.863 -0.0896146
0.864 -0.0896478
0.865 -0.0896168
0.866 -0.0895817
0.867 -0.0896352
0.868 -0.0897226
0.869 -0.0897174
0.87 -0.0896618
0.871 -0.0896128
0.872 -0.0896257
0.873 -0.0895889
0.874 -0.0895995
0.875 -0.0896542
0.876 -0.0897319
0.877 -0.0897382
0.878 -0.0896592
0.879 -0.0896905
0.88 -0.0897811
0.881 -0.0897533
0.882 -0.0897181
0.883 -0.0896339
0.884 -0.0896467
0.885 -0.0896541
0.886 -0.0896546
0.887 -0.089709
0.888 -0.0897295
0.889 -0.0897685
0.89 -0.0897005
0.891 -0.0896898
0.892 -0.0897559
0.893 -0.089844
0.894 -0.0898387
0.895 -0.0897504
0.896 -0.0897117
0.897 -0.089733
0.898 -0.0897105
0.899 -0.08972
0.9 -0.089774
0.901 -0.0898392
0.902 -0.0898384
0.903 -0.0897786
0.904 -0.089818
0.905 -0.089898
0.906 -0.0898763
0.907 -0.0897606
0.908 -0.0897088
0.909 -0.0897446
0.91 -0.0897523
0.911 -0.0897328
0.912 -0.0898029
0.913 -0.0898624
0.914 -0.0898389
0.915 -0.0897758
0.916 -0.0898076
0.917 -0.0898971
0.918 -0.0899162
0.919 -0.0899144
0.92 -0.089843
0.921 -0.0898398
0.922 -0.0898483
0.923 -0.0898174
0.924 -0.0898492
0.925 -0.0898898
0.926 -0.089955
0.927 -0.089922
0.928 -0.0898677
0.929 -0.0899256
0.93 -0.0900172
0.931 -0.089987
0.932 -0.0898353
0.933 -0.0897944
0.934 -0.0898332
0.935 -0.0898342
0.936 -0.089858
0.937 -0.0899212
0.938 -0.0899463
0.939 -0.0899221
0.94 -0.0898838
0.941 -0.0899261
0.942 -0.0900068
0.943 -0.0900003
0.944 -0.0899425
0.945 -0.0899049
0.946 -0.0899275
0.947 -0.0898844
0.948 -0.089879
0.949 -0.0899325
0.95 -0.0900083
0.951 -0.0900285
0.952 -0.0899534
0.953 -0.0899378
0.954 -0.0900376
0.955 -0.0900257
0.956 -0.0900108
0.957 -0.0899088
0.958 -0.0898875
0.959 -0.089919
0.96 -0.0899189
0.961 -0.0899777
0.962 -0.0900038
0.963 -0.0900337
0.964 -0.0900012
0.965 -0.0899649
0.966 -0.0900165
0.967 -0.0901026
0.968 -0.0900958
0.969 -0.0900277
0.97 -0.0899639
0.971 -0.0899895
0.972 -0.0899581
0.973 -0.0899673
0.974 -0.0900195
0.975 -0.090079
0.976 -0.0900906
0.977 -0.0900282
0.978 -0.0900594
0.979 -0.090143
0.98 -0.0901163
0.981 -0.0900655
0.982 -0.0899843
0.983 -0.0900013
0.984 -0.0899982
0.985 -0.0900001
0.986 -0.0900574
0.987 -0.0900967
0.988 -0.0900745
0.989 -0.0900202
0.99 -0.0900233
0.991 -0.0901189
0.992 -0.0901386
0.993 -0.0901377
0.994 -0.0900646
0.995 -0.0900388
0.996 -0.090058
0.997 -0.0900312
0.998 -0.0900631
0.999 -0.0901003
1 -0.0901637
1.001 -0.0901337
1.002 -0.0900769
1.003 -0.0901326
1.004 -0.0902231
1.005 -0.0901921
1.006 -0.0900584
1.007 -0.0899982
1.008 -0.0900499
1.009 -0.09004
1.01 -0.0900624
1.011 -0.0901244
1.012 -0.0901477
1.013 -0.0901277
1.014 -0.0900854
1.015 -0.0901299
1.016 -0.0902065
1.017 -0.0901976
1.018 -0.0901786
1.019 -0.0901284
1.02 -0.090137
1.021 -0.0900872
1.022 -0.0900802
1.023 -0.0901312
1.024 -0.0901929
1.025 -0.0902169
1.026 -0.0901432
1.027 -0.0901268
1.028 -0.0902249
1.029 -0.090212
1.03 -0.0901964
1.031 -0.0900933
1.032 -0.0900653
1.033 -0.0900986
1.034 -0.0900988
1.035 -0.0901552
1.036 -0.0901815
1.037 -0.0902102
1.038 -0.0901767
1.039 -0.0901396
1.04 -0.0901909
1.041 -0.0902761
1.042 -0.0902685
1.043 -0.0901903
1.044 -0.0901365
1.045 -0.090151
1.046 -0.0901225
1.047 -0.0901331
1.048 -0.0901851
1.049 -0.0902435
1.05 -0.0902407
1.051 -0.0901854
1.052 -0.0902168
1.053 -0.0903004
1.054 -0.0902729
1.055 -0.090158
1.056 -0.0900992
1.057 -0.0901357
1.058 -0.0901391
1.059 -0.0901411
1.06 -0.0901984
1.061 -0.0902484
1.062 -0.0902216
1.063 -0.0901652
1.064 -0.0901685
1.065 -0.0902643
1.066 -0.0902927
1.067 -0.0902874
1.068 -0.090211
1.069 -0.0901982
1.07 -0.0902091
1.071 -0.0901782
1.072 -0.0902137
1.073 -0.0902497
1.074 -0.0903112
1.075 -0.0902796
1.076 -0.0902219
1.077 -0.0902773
1.078 -0.0903667
1.079 -0.0903344
1.08 -0.0901804
1.081 -0.0901376
1.082 -0.0901745
1.083 -0.0901737
1.084 -0.090196
1.085 -0.0902572
1.086 -0.0902801
1.087 -0.0902542
1.088 -0.0902135
1.089 -0.0902544
1.09 -0.090334
1.091 -0.0903256
1.092 -0.0902659
1.093 -0.0902269
1.094 -0.0902371
1.095 -0.0901997
1.096 -0.0901835
1.097 -0.0902384
1.098 -0.0903145
1.099 -0.0903334
1.1 -0.0902421
1.101 -0.0902641
1.102 -0.0903512
1.103 -0.0903204
1.104 -0.0903017
1.105 -0.0902031
1.106 -0.0902045
1.107 -0.0902242
1.108 -0.0902165
1.109 -0.090263
1.11 -0.0903014
1.111 -0.0903277
1.112 -0.0902853
1.113 -0.0902483
1.114 -0.0903024
1.115 -0.0903856
1.116 -0.0903764
1.117 -0.0902711
1.118 -0.0902325
1.119 -0.0902525
1.12 -0.0902269
1.121 -0.0902328
1.122 -0.0902831
1.123 -0.090345
1.124 -0.090341
1.125 -0.0902778
1.126 -0.0903134
1.127 -0.0903903
1.128 -0.0903652
1.129 -0.0902458
1.13 -0.0901867
1.131 -0.090222
1.132 -0.090228
1.133 -0.0902011
1.134 -0.0902693
1.135 -0.090327
1.136 -0.0902924
1.137 -0.0902307
1.138 -0.0902647
1.139 -0.0903517
1.14 -0.0903381
1.141 -0.0903407
1.142 -0.0902774
1.143 -0.090275
1.144 -0.0902484
1.145 -0.0902282
1.146 -0.0902693
1.147 -0.0903039
1.148 -0.0903644
1.149 -0.0902827
1.15 -0.0902556
1.151 -0.0903281
1.152 -0.0903814
1.153 -0.0903586
1.154 -0.0902303
1.155 -0.0901831
1.156 -0.0902173
1.157 -0.0902168
1.158 -0.0902563
1.159 -0.0903067
1.16 -0.0903266
1.161 -0.0903008
1.162 -0.0902589
1.163 -0.0902993
1.164 -0.0903702
1.165 -0.0903636
1.166 -0.0903054
1.167 -0.0902512
1.168 -0.0902553
1.169 -0.0902111
1.17 -0.0902218
1.171 -0.0902722
1.172 -0.090344
1.173 -0.0903449
1.174 -0.0902606
1.175 -0.0902897
1.176 -0.0903748
1.177 -0.0903457
1.178 -0.0902907
1.179 -0.0902046
1.18 -0.0902163
1.181 -0.0902122
1.182 -0.0902106
1.183 -0.0902639
1.184 -0.0902988
1.185 -0.0902797
1.186 -0.090219
1.187 -0.0902163
1.188 -0.0902837
1.189 -0.0903468
1.19 -0.0903376
1.191 -0.0902506
1.192 -0.0902159
1.193 -0.0902315
1.194 -0.090202
1.195 -0.0902228
1.196 -0.0902599
1.197 -0.0903212
1.198 -0.0902872
1.199 -0.0902258
1.2 -0.0902772
1.201 -0.0903643
1.202 -0.0903294
1.203 -0.0901909
1.204 -0.0901261
1.205 -0.0901668
1.206 -0.090156
1.207 -0.0901765
1.208 -0.0902349
1.209 -0.0902537
1.21 -0.0902297
1.211 -0.0901832
1.212 -0.0902234
1.213 -0.0902964
1.214 -0.0902833
1.215 -0.0902601
1.216 -0.0902051
1.217 -0.0902092
1.218 -0.0901544
1.219 -0.0901437
1.22 -0.090191
1.221 -0.0902548
1.222 -0.0902714
1.223 -0.0901905
1.224 -0.0901686
1.225 -0.0902623
1.226 -0.0902443
1.227 -0.0902235
1.228 -0.0901144
1.229 -0.0900865
1.23 -0.0901118
1.231 -0.090106
1.232 -0.0901584
1.233 -0.0901788
1.234 -0.0902016
1.235 -0.0901623
1.236 -0.0901194
1.237 -0.0901652
1.238 -0.0902454
1.239 -0.0902323
1.24 -0.0901231
1.241 -0.0900802
1.242 -0.0900933
1.243 -0.0900589
1.244 -0.0900629
1.245 -0.0901092
1.246 -0.0901621
1.247 -0.0901536
1.248 -0.0900916
1.249 -0.0901163
1.25 -0.0901944
1.251 -0.0901602
1.252 -0.0900373
1.253 -0.0899714
1.254 -0.0900017
1.255 -0.0899988
1.256 -0.0899945
1.257 -0.0900449
1.258 -0.0900872
1.259 -0.0900526
1.26 -0.0899883
1.261 -0.0899845
1.262 -0.0900734
1.263 -0.0900864
1.264 -0.0900779
1.265 -0.0899957
1.266 -0.0899683
1.267 -0.0899751
1.268 -0.0899384
1.269 -0.0899632
1.27 -0.089992
1.271 -0.0900464
1.272 -0.0900062
1.273 -0.0899394
1.274 -0.089986
1.275 -0.0900676
1.276 -0.0900269
1.277 -0.0898815
1.278 -0.0898103
1.279 -0.0898522
1.28 -0.0898328
1.281 -0.0898453
1.282 -0.0898969
1.283 -0.0899087
1.284 -0.0898775
1.285 -0.0898236
1.286 -0.0898568
1.287 -0.0899236
1.288 -0.0899037
1.289 -0.0898733
1.29 -0.0898106
1.291 -0.0898069
1.292 -0.0897472
1.293 -0.0897249
1.294 -0.0897643
1.295 -0.0898145
1.296 -0.0898265
1.297 -0.0897378
1.298 -0.0897071
1.299 -0.0897749
1.3 -0.0898166
1.301 -0.0897808
1.302 -0.0896389
1.303 -0.08958
1.304 -0.0896028
1.305 -0.0895913
1.306 -0.0896191
1.307 -0.0896579
1.308 -0.0896641
1.309 -0.0896246
1.31 -0.0895688
1.311 -0.0895962
1.312 -0.0896551
1.313 -0.089635
1.314 -0.0895619
1.315 -0.089492
1.316 -0.0894946
1.317 -0.0894454
1.318 -0.0894061
1.319 -0.0894497
1.32 -0.0895112
1.321 -0.089497
1.322 -0.0893931
1.323 -0.0894005
1.324 -0.0894716
1.325 -0.0894219
1.326 -0.0893851
1.327 -0.089265
1.328 -0.0892463
1.329 -0.0892472
1.33 -0.0892208
1.331 -0.0892519
1.332 -0.0892587
1.333 -0.089265
1.334 -0.0892074
1.335 -0.0891463
1.336 -0.0891751
1.337 -0.0892397
1.338 -0.0892094
1.339 -0.0891147
1.34 -0.0890223
1.341 -0.0890152
1.342 -0.0889615
1.343 -0.0889476
1.344 -0.088974
1.345 -0.0890228
1.346 -0.0890004
1.347 -0.0888883
1.348 -0.0888879
1.349 -0.0889501
1.35 -0.08889
1.351 -0.0888323
1.352 -0.088706
1.353 -0.0886818
1.354 -0.0886737
1.355 -0.0886372
1.356 -0.0886508
1.357 -0.0886517
1.358 -0.0886492
1.359 -0.0885795
1.36 -0.0885057
1.361 -0.0885233
1.362 -0.0885773
1.363 -0.088535
1.364 -0.0884267
1.365 -0.0883386
1.366 -0.0883106
1.367 -0.0882308
1.368 -0.0882005
1.369 -0.0882174
1.37 -0.0882535
1.371 -0.0882161
1.372 -0.0880858
1.373 -0.088068
1.374 -0.0881161
1.375 -0.0880591
1.376 -0.0879906
1.377 -0.0878327
1.378 -0.0877626
1.379 -0.0877466
1.38 -0.0876997
1.381 -0.0876939
1.382 -0.0877009
1.383 -0.0876662
1.384 -0.0875858
1.385 -0.0874894
1.386 -0.0874768
1.387 -0.0875089
1.388 -0.0874455
1.389 -0.0873244
1.39 -0.0872253
1.391 -0.0871883
1.392 -0.0870828
1.393 -0.0870161
1.394 -0.0870021
1.395 -0.086999
1.396 -0.0869928
1.397 -0.0868797
1.398 -0.0867519
1.399 -0.0867439
1.4 -0.0867717
1.401 -0.0866663
1.402 -0.0864577
1.403 -0.0863174
1.404 -0.0862857
1.405 -0.0862213
1.406 -0.0861259
1.407 -0.0861101
1.408 -0.0860678
1.409 -0.085955
1.41 -0.085804
1.411 -0.08572
1.412 -0.0857071
1.413 -0.0857124
1.414 -0.0856117
1.415 -0.0854416
1.416 -0.0852939
1.417 -0.0852146
1.418 -0.0850843
1.419 -0.0849772
1.42 -0.084927
1.421 -0.0848826
1.422 -0.0848026
1.423 -0.0845934
1.424 -0.0844511
1.425 -0.0844161
1.426 -0.0843996
1.427 -0.0842376
1.428 -0.0839635
1.429 -0.0837686
1.43 -0.0836809
1.431 -0.0835598
1.432 -0.0834343
1.433 -0.083345
1.434 -0.0832538
1.435 -0.0831197
1.436 -0.0829124
1.437 -0.0827126
1.438 -0.0826079
1.439 -0.0825482
1.44 -0.0823712
1.441 -0.0821768
1.442 -0.0819452
1.443 -0.0817717
1.444 -0.0815884
1.445 -0.0813717
1.446 -0.0812027
1.447 -0.0810748
1.448 -0.0809533
1.449 -0.0807484
1.45 -0.0804289
1.451 -0.080183
1.452 -0.0800487
1.453 -0.0799354
1.454 -0.0796604
1.455 -0.0792428
1.456 -0.0789301
1.457 -0.0787249
1.458 -0.0785036
1.459 -0.0782406
1.46 -0.0780064
1.461 -0.0778067
1.462 -0.0775587
1.463 -0.0772116
1.464 -0.0768046
1.465 -0.0764845
1.466 -0.076254
1.467 -0.0760468
1.468 -0.075704
1.469 -0.0753667
1.47 -0.0749336
1.471 -0.0745433
1.472 -0.0741548
1.473 -0.0737565
1.474 -0.0734033
1.475 -0.0730384
1.476 -0.0726918
1.477 -0.0723114
1.478 -0.0718904
1.479 -0.0712743
1.48 -0.0707229
1.481 -0.0703017
1.482 -0.0699362
1.483 -0.0693654
1.484 -0.068846
1.485 -0.0680775
1.486 -0.0674614
1.487 -0.0669424
1.488 -0.0663731
1.489 -0.0657618
1.49 -0.0651934
1.491 -0.0646143
1.492 -0.0640804
1.493 -0.0634112
1.494 -0.0626254
1.495 -0.0617461
1.496 -0.0608889
1.497 -0.0601094
1.498 -0.059403
1.499 -0.0587502
1.5 -0.058016
1.501 -0.0572278
1.502 -0.0563073
1.503 -0.0553194
1.504 -0.0542965
1.505 -0.0532395
1.506 -0.051877
1.507 -0.0503986
1.508 -0.048822
1.509 -0.0471363
1.51 -0.0451226
1.511 -0.0428886
1.512 -0.040539
1.513 -0.0379271
1.514 -0.0351505
1.515 -0.0323523
1.516 -0.0294986
1.517 -0.0265627
1.518 -0.0233544
1.519 -0.0200379
1.52 -0.0167089
1.521 -0.0132908
1.522 -0.00990976
1.523 -0.00660817
1.524 -0.00342365
1.525 -0.000388743
1.526 0.00246781
1.527 0.00512142
1.528 0.00755193
1.529 0.00974383
1.53 0.0117048
1.531 0.0133505
1.532 0.0146724
1.533 0.0157346
1.534 0.0165797
1.535 0.0172654
1.536 0.017947
1.537 0.0185098
1.538 0.0189253
1.539 0.0192596
1.54 0.0195312
1.541 0.0196873
1.542 0.01972
1.543 0.0197043
1.544 0.0195053
1.545 0.0192579
1.546 0.018991
1.547 0.0186543
1.548 0.0182288
1.549 0.0177148
1.55 0.0171004
1.551 0.0164026
1.552 0.0156798
1.553 0.0148434
1.554 0.0139517
1.555 0.0130674
1.556 0.0121994
1.557 0.0113431
1.558 0.0104868
1.559 0.00963572
1.56 0.00880095
1.561 0.00797429
1.562 0.00716109
1.563 0.00636508
1.564 0.00558529
1.565 0.00482507
1.566 0.0040863
1.567 0.00337089
1.568 0.00268122
1.569 0.00201827
1.57 0.0013811
1.571 0.000769117
1.572 0.000180555
1.573 -0.000380633
1.574 -0.000912811
1.575 -0.00142034
1.576 -0.00190243
1.577 -0.00235819
1.578 -0.00278758
1.579 -0.00318992
1.58 -0.0035673
1.581 -0.00391985
1.582 -0.0042475
1.583 -0.00455052
1.584 -0.00482941
1.585 -0.00507901
1.586 -0.00530127
1.587 -0.00549643
1.588 -0.00566959
1.589 -0.00581976
1.59 -0.00594693
1.591 -0.0060483
1.592 -0.00612932
1.593 -0.00619168
1.594 -0.00623463
1.595 -0.00625882
1.596 -0.00626563
1.597 -0.00625618
1.598 -0.00623122
1.599 -0.00619125
1.6 -0.00613684
1.601 -0.00606978
1.602 -0.00597347
1.603 -0.00586875
1.604 -0.00575434
1.605 -0.00558474
1.606 -0.00539774
1.607 -0.00519573
1.608 -0.0049772
1.609 -0.00474218
1.61 -0.00449308
1.611 -0.00422855
1.612 -0.0039433
1.613 -0.00365845
1.614 -0.00337031
1.615 -0.00308103
1.616 -0.00278585
1.617 -0.00249553
1.618 -0.00219755
1.619 -0.00190271
1.62 -0.00161132
1.621 -0.00132375
1.622 -0.00104114
1.623 -0.000764968
1.624 -0.000496545
1.625 -0.00023696
1.626 1.28428e-05
1.627 0.000252
1.628 0.000479715
1.629 0.000695306
1.63 0.000898201
1.631 0.00108794
1.632 0.00126412
1.633 0.00142646
1.634 0.00157471
1.635 0.00170874
1.636 0.0018285
1.637 0.00192347
1.638 0.00200275
1.639 0.00207227
1.64 0.00212469
1.641 0.00216557
1.642 0.00218995
1.643 0.00219882
1.644 0.00219775
1.645 0.00218669
1.646 0.0021654
1.647 0.00212176
1.648 0.00207321
1.649 0.00202348
1.65 0.00196878
1.651 0.00190679
1.652 0.00183816
1.653 0.00176452
1.654 0.0016869
1.655 0.00160578
1.656 0.00152149
1.657 0.00143453
1.658 0.00134548
1.659 0.00125491
1.66 0.00116333
1.661 0.0010712
1.662 0.000978977
1.663 0.000887104
1.664 0.000793939
1.665 0.000702649
1.666 0.0006137
1.667 0.000526936
1.668 0.000442332
1.669 0.000360133
1.67 0.000280818
1.671 0.000204377
1.672 0.000131179
1.673 6.11667e-05
1.674 -5.46539e-06
1.675 -6.85255e-05
1.676 -0.000127896
1.677 -0.000183736
1.678 -0.000235632
1.679 -0.000283608
1.68 -0.000327959
1.681 -0.000368327
1.682 -0.000404783
1.683 -0.000437434
1.684 -0.000466362
1.685 -0.000491624
1.686 -0.000513286
1.687 -0.000531439
1.688 -0.000546191
1.689 -0.000556281
1.69 -0.000563758
1.691 -0.000568626
1.692 -0.000570774
1.693 -0.000570217
1.694 -0.000567099
1.695 -0.000561596
1.696 -0.000553865
1.697 -0.000544047
1.698 -0.000532289
1.699 -0.000518747
1.7 -0.00050358
1.701 -0.000486943
1.702 -0.000468994
1.703 -0.000449885
1.704 -0.000429766
1.705 -0.000408786
1.706 -0.000387087
1.707 -0.000364809
1.708 -0.000342087
1.709 -0.000319049
1.71 -0.000295821
1.711 -0.000272519
1.712 -0.000249258
1.713 -0.000226142
1.714 -0.000203272
1.715 -0.000180741
1.716 -0.000158636
1.717 -0.000137038
1.718 -0.000116019
1.719 -9.56478e-05
1.72 -7.5984e-05
1.721 -5.70817e-05
1.722 -3.89886e-05
1.723 -2.1746e-05
1.724 -5.38907e-06
1.725 1.0053e-05
1.726 2.45569e-05
1.727 3.81047e-05
1.728 5.0684e-05
1.729 6.22875e-05
1.73 7.29128e-05
1.731 8.25622e-05
1.732 9.12423e-05
1.733 9.89641e-05
1.734 0.000105742
1.735 0.000111595
1.736 0.000116543
1.737 0.000120613
1.738 0.00012383
1.739 0.000126226
1.74 0.000127831
1.741 0.000128681
1.742 0.000128811
1.743 0.000128257
1.744 0.000127059
1.745 0.000125256
1.746 0.000122888
1.747 0.000119995
1.748 0.000116618
1.749 0.000112798
1.75 0.000108575
1.751 0.000103991
1.752 9.90856e-05
1.753 9.38974e-05
1.754 8.84653e-05
1.755 8.28271e-05
1.756 7.70193e-05
1.757 7.10774e-05
1.758 6.50357e-05
1.759 5.8927e-05
1.76 5.27827e-05
1.761 4.66329e-05
1.762 4.05058e-05
1.763 3.44283e-05
1.764 2.84254e-05
1.765 2.25208e-05
1.766 1.6736e-05
1.767 1.10912e-05
1.768 5.60482e-06
1.769 2.93426e-07
1.77 -4.82797e-06
1.771 -9.74606e-06
1.772 -1.44492e-05
1.773 -1.89272e-05
1.774 -2.31717e-05
1.775 -2.71756e-05
1.776 -3.09335e-05
1.777 -3.44413e-05
1.778 -3.76962e-05
1.779 -4.06968e-05
1.78 -4.3443e-05
1.781 -4.59357e-05
1.782 -4.81771e-05
1.783 -5.01703e-05
1.784 -5.19194e-05
1.785 -5.34295e-05
1.786 -5.47064e-05
1.787 -5.57567e-05
1.788 -5.65877e-05
1.789 -5.72073e-05
1.79 -5.7624e-05
1.791 -5.78467e-05
1.792 -5.78848e-05
1.793 -5.77481e-05
1.794 -5.74463e-05
1.795 -5.69899e-05
1.796 -5.63892e-05
1.797 -5.56546e-05
1.798 -5.47966e-05
1.799 -5.3826e-05
1.8 -5.2753e-05
1.801 -5.15882e-05
1.802 -5.03418e-05
1.803 -4.90239e-05
1.804 -4.76444e-05
1.805 -4.62129e-05
1.806 -4.47387e-05
1.807 -4.3231e-05
1.808 -4.16985e-05
1.809 -4.01494e-05
1.81 -3.85919e-05
1.811 -3.70335e-05
1.812 -3.54814e-05
1.813 -3.39424e-05
1.814 -3.24228e-05
1.815 -3.09286e-05
1.816 -2.94652e-05
1.817 -2.80378e-05
1.818 -2.66508e-05
1.819 -2.53086e-05
1.82 -2.40148e-05
1.821 -2.27727e-05
1.822 -2.15853e-05
1.823 -2.0455e-05
1.824 -1.93839e-05
1.825 -1.83737e-05
1.826 -1.74258e-05
1.827 -1.6541e-05
1.828 -1.57201e-05
1.829 -1.49633e-05
1.83 -1.42706e-05
1.831 -1.36417e-05
1.832 -1.30759e-05
1.833 -1.25723e-05
1.834 -1.213e-05
1.835 -1.17475e-05
1.836 -1.14233e-05
1.837 -1.11557e-05
1.838 -1.09427e-05
1.839 -1.07824e-05
1.84 -1.06724e-05
1.841 -1.06106e-05
1.842 -1.05944e-05
1.843 -1.06214e-05
1.844 -1.0689e-05
1.845 -1.07947e-05
1.846 -1.09357e-05
1.847 -1.11093e-05
1.848 -1.13129e-05
1.849 -1.15439e-05
1.85 -1.17994e-05
1.851 -1.20769e-05
1.852 -1.23737e-05
1.853 -1.26874e-05
1.854 -1.30154e-05
1.855 -1.33552e-05
1.856 -1.37045e-05
1.857 -1.40611e-05
1.858 -1.44226e-05
1.859 -1.47871e-05
1.86 -1.51525e-05
1.861 -1.55168e-05
1.862 -1.58784e-05
1.863 -1.62355e-05
1.864 -1.65865e-05
1.865 -1.693e-05
1.866 -1.72645e-05
1.867 -1.75889e-05
1.868 -1.7902e-05
1.869 -1.82028e-05
1.87 -1.84903e-05
1.871 -1.87638e-05
1.872 -1.90225e-05
1.873 -1.9266e-05
1.874 -1.94935e-05
1.875 -1.97049e-05
1.876 -1.98998e-05
1.877 -2.00779e-05
1.878 -2.02391e-05
1.879 -2.03835e-05
1.88 -2.0511e-05
1.881 -2.06218e-05
1.882 -2.0716e-05
1.883 -2.07939e-05
1.884 -2.08558e-05
1.885 -2.09022e-05
1.886 -2.09333e-05
1.887 -2.09497e-05
1.888 -2.09519e-05
1.889 -2.09404e-05
1.89 -2.09158e-05
1.891 -2.08788e-05
1.892 -2.08299e-05
1.893 -2.07698e-05
1.894 -2.06992e-05
1.895 -2.06188e-05
1.896 -2.05292e-05
1.897 -2.04312e-05
1.898 -2.03254e-05
1.899 -2.02126e-05
1.9 -2.00934e-05
1.901 -1.99685e-05
1.902 -1.98386e-05
1.903 -1.97044e-05
1.904 -1.95664e-05
1.905 -1.94254e-05
1.906 -1.9282e-05
1.907 -1.91366e-05
1.908 -1.89899e-05
1.909 -1.88424e-05
1.91 -1.86947e-05
1.911 -1.85471e-05
1.912 -1.84003e-05
1.913 -1.82545e-05
1.914 -1.81102e-05
1.915 -1.79679e-05
1.916 -1.78277e-05
1.917 -1.76901e-05
1.918 -1.75553e-05
1.919 -1.74237e-05
1.92 -1.72953e-05
1.921 -1.71705e-05
1.922 -1.70493e-05
1.923 -1.6932e-05
1.924 -1.68187e-05
1.925 -1.67095e-05
1.926 -1.66044e-05
1.927 -1.65035e-05
1.928 -1.64068e-05
1.929 -1.63144e-05
1.93 -1.62261e-05
1.931 -1.61421e-05
1.932 -1.60622e-05
1.933 -1.59864e-05
1.934 -1.59146e-05
1.935 -1.58466e-05
1.936 -1.57825e-05
1.937 -1.5722e-05
1.938 -1.56651e-05
1.939 -1.56115e-05
1.94 -1.55613e-05
1.941 -1.55141e-05
1.942 -1.54698e-05
1.943 -1.54284e-05
1.944 -1.53895e-05
1.945 -1.5353e-05
1.946 -1.53188e-05
1.947 -1.52867e-05
1.948 -1.52565e-05
1.949 -1.5228e-05
1.95 -1.52011e-05
1.951 -1.51756e-05
1.952 -1.51512e-05
1.953 -1.51279e-05
1.954 -1.51055e-05
1.955 -1.50839e-05
1.956 -1.50628e-05
1.957 -1.50421e-05
1.958 -1.50218e-05
1.959 -1.50016e-05
1.96 -1.49814e-05
1.961 -1.49612e-05
1.962 -1.49407e-05
1.963 -1.492e-05
1.964 -1.48988e-05
1.965 -1.48772e-05
1.966 -1.48549e-05
1.967 -1.48321e-05
1.968 -1.48085e-05
1.969 -1.47841e-05
1.97 -1.47589e-05
1.971 -1.47327e-05
1.972 -1.47057e-05
1.973 -1.46777e-05
1.974 -1.46487e-05
1.975 -1.46187e-05
1.976 -1.45877e-05
1.977 -1.45556e-05
1.978 -1.45225e-05
1.979 -1.44883e-05
1.98 -1.44531e-05
1.981 -1.44169e-05
1.982 -1.43797e-05
1.983 -1.43416e-05
1.984 -1.43024e-05
1.985 -1.42623e-05
1.986 -1.42213e-05
1.987 -1.41795e-05
1.988 -1.41368e-05
1.989 -1.40933e-05
1.99 -1.4049e-05
1.991 -1.40041e-05
1.992 -1.39584e-05
1.993 -1.39122e-05
1.994 -1.38653e-05
1.995 -1.3818e-05
1.996 -1.37701e-05
1.997 -1.37218e-05
1.998 -1.36731e-05
1.999 -1.3624e-05
2 -1.35746e-05
2.001 -1.3525e-05
2.002 -1.34752e-05
2.003 -1.34252e-05
2.004 -1.3375e-05
2.005 -1.33248e-05
2.006 -1.32745e-05
2.007 -1.32242e-05
2.008 -1.31739e-05
2.009 -1.31237e-05
2.01 -1.30736e-05
2.011 -1.30235e-05
2.012 -1.29737e-05
2.013 -1.2924e-05
2.014 -1.28746e-05
2.015 -1.28253e-05
2.016 -1.27763e-05
2.017 -1.27276e-05
2.018 -1.26792e-05
2.019 -1.26311e-05
2.02 -1.25832e-05
2.021 -1.25358e-05
2.022 -1.24886e-05
2.023 -1.24419e-05
2.024 -1.23954e-05
2.025 -1.23494e-05
2.026 -1.23037e-05
2.027 -1.22584e-05
2.028 -1.22134e-05
2.029 -1.21689e-05
2.03 -1.21247e-05
2.031 -1.20808e-05
2.032 -1.20374e-05
2.033 -1.19943e-05
2.034 -1.19515e-05
2.035 -1.19091e-05
2.036 -1.18671e-05
2.037 -1.18253e-05
2.038 -1.17839e-05
2.039 -1.17428e-05
2.04 -1.1702e-05
2.041 -1.16615e-05
2.042 -1.16213e-05
2.043 -1.15814e-05
2.044 -1.15417e-05
2.045 -1.15023e-05
2.046 -1.14631e-05
2.047 -1.14241e-05
2.048 -1.13854e-05
2.049 -1.13469e-05
2.05 -1.13085e-05
2.051 -1.12703e-05
2.052 -1.12323e-05
2.053 -1.11945e-05
2.054 -1.11568e-05
2.055 -1.11193e-05
2.056 -1.10819e-05
2.057 -1.10446e-05
2.058 -1.10074e-05
2.059 -1.09703e-05
2.06 -1.09333e-05
2.061 -1.08964e-05
2.062 -1.08596e-05
2.063 -1.08229e-05
2.064 -1.07862e-05
2.065 -1.07496e-05
2.066 -1.07131e-05
2.067 -1.06766e-05
2.068 -1.06401e-05
2.069 -1.06037e-05
2.07 -1.05674e-05
2.071 -1.05311e-05
2.072 -1.04948e-05
2.073 -1.04585e-05
2.074 -1.04223e-05
2.075 -1.03862e-05
2.076 -1.035e-05
2.077 -1.03139e-05
2.078 -1.02778e-05
2.079 -1.02417e-05
2.08 -1.02057e-05
2.081 -1.01697e-05
2.082 -1.01338e-05
2.083 -1.00978e-05
2.084 -1.0062e-05
2.085 -1.00261e-05
2.086 -9.9903e-06
2.087 -9.95453e-06
2.088 -9.91881e-06
2.089 -9.88314e-06
2.09 -9.84752e-06
2.091 -9.81195e-06
2.092 -9.77644e-06
2.093 -9.74099e-06
2.094 -9.7056e-06
2.095 -9.67027e-06
2.096 -9.63502e-06
2.097 -9.59983e-06
2.098 -9.56472e-06
2.099 -9.52968e-06
2.1 -9.49472e-06
2.101 -9.45985e-06
2.102 -9.42506e-06
2.103 -9.39036e-06
2.104 -9.35574e-06
2.105 -9.32123e-06
2.106 -9.2868e-06
2.107 -9.25248e-06
2.108 -9.21825e-06
2.109 -9.18413e-06
2.11 -9.15011e-06
2.111 -9.1162e-06
2.112 -9.08239e-06
2.113 -9.0487e-06
2.114 -9.01511e-06
2.115 -8.98164e-06
2.116 -8.94828e-06
2.117 -8.91503e-06
2.118 -8.8819e-06
2.119 -8.84889e-06
2.12 -8.81599e-06
2.121 -8.78321e-06
2.122 -8.75055e-06
2.123 -8.71801e-06
2.124 -8.68558e-06
2.125 -8.65328e-06
2.126 -8.62109e-06
2.127 -8.58902e-06
2.128 -8.55707e-06
2.129 -8.52524e-06
2.13 -8.49353e-06
2.131 -8.46194e-06
2.132 -8.43046e-06
2.133 -8.3991e-06
2.134 -8.36786e-06
2.135 -8.33674e-06
2.136 -8.30572e-06
2.137 -8.27483e-06
2.138 -8.24404e-06
2.139 -8.21337e-06
2.14 -8.18282e-06
2.141 -8.15237e-06
2.142 -8.12203e-06
2.143 -8.0918e-06
2.144 -8.06168e-06
2.145 -8.03167e-06
2.146 -8.00177e-06
2.147 -7.97197e-06
2.148 -7.94228e-06
2.149 -7.91269e-06
2.15 -7.8832e-06
2.151 -7.85381e-06
2.152 -7.82453e-06
2.153 -7.79535e-06
2.154 -7.76626e-06
2.155 -7.73728e-06
2.156 -7.70839e-06
2.157 -7.6796e-06
2.158 -7.65091e-06
2.159 -7.62231e-06
2.16 -7.59381e-06
2.161 -7.5654e-06
2.162 -7.53709e-06
2.163 -7.50886e-06
2.164 -7.48073e-06
2.165 -7.4527e-06
2.166 -7.42475e-06
2.167 -7.3969e-06
2.168 -7.36913e-06
2.169 -7.34146e-06
2.17 -7.31388e-06
2.171 -7.28638e-06
2.172 -7.25898e-06
2.173 -7.23166e-06
2.174 -7.20443e-06
2.175 -7.17729e-06
2.176 -7.15024e-06
2.177 -7.12328e-06
2.178 -7.0964e-06
2.179 -7.06961e-06
2.18 -7.04291e-06
2.181 -7.01629e-06
2.182 -6.98977e-06
2.183 -6.96333e-06
2.184 -6.93697e-06
2.185 -6.91071e-06
2.186 -6.88453e-06
2.187 -6.85843e-06
2.188 -6.83243e-06
2.189 -6.80651e-06
2.19 -6.78067e-06
2.191 -6.75493e-06
2.192 -6.72927e-06
2.193 -6.70369e-06
2.194 -6.67821e-06
2.195 -6.65281e-06
2.196 -6.62749e-06
2.197 -6.60227e-06
2.198 -6.57713e-06
2.199 -6.55207e-06
2.2 -6.52711e-06
2.201 -6.50222e-06
2.202 -6.47743e-06
2.203 -6.45272e-06
2.204 -6.4281e-06
2.205 -6.40357e-06
2.206 -6.37912e-06
2.207 -6.35475e-06
2.208 -6.33048e-06
2.209 -6.30629e-06
2.21 -6.28218e-06
2.211 -6.25817e-06
2.212 -6.23423e-06
2.213 -6.21039e-06
2.214 -6.18663e-06
2.215 -6.16295e-06
2.216 -6.13936e-06
2.217 -6.11586e-06
2.218 -6.09244e-06
2.219 -6.0691e-06
2.22 -6.04585e-06
2.221 -6.02269e-06
2.222 -5.9996e-06
2.223 -5.97661e-06
2.224 -5.9537e-06
2.225 -5.93087e-06
2.226 -5.90812e-06
2.227 -5.88546e-06
2.228 -5.86288e-06
2.229 -5.84039e-06
2.23 -5.81797e-06
2.231 -5.79564e-06
2.232 -5.77339e-06
2.233 -5.75123e-06
2.234 -5.72914e-06
2.235 -5.70714e-06
2.236 -5.68522e-06
2.237 -5.66338e-06
2.238 -5.64162e-06
2.239 -5.61994e-06
2.24 -5.59834e-06
2.241 -5.57682e-06
2.242 -5.55538e-06
2.243 -5.53402e-06
2.244 -5.51274e-06
2.245 -5.49154e-06
2.246 -5.47042e-06
2.247 -5.44937e-06
2.248 -5.42841e-06
2.249 -5.40752e-06
2.25 -5.38671e-06
2.251 -5.36597e-06
2.252 -5.34532e-06
2.253 -5.32474e-06
2.254 -5.30423e-06
2.255 -5.28381e-06
2.256 -5.26346e-06
2.257 -5.24318e-06
2.258 -5.22298e-06
2.259 -5.20286e-06
2.26 -5.18281e-06
2.261 -5.16283e-06
2.262 -5.14293e-06
2.263 -5.12311e-06
2.264 -5.10335e-06
2.265 -5.08368e-06
2.266 -5.06407e-06
2.267 -5.04454e-06
2.268 -5.02508e-06
2.269 -5.0057e-06
2.27 -4.98639e-06
2.271 -4.96715e-06
2.272 -4.94798e-06
2.273 -4.92888e-06
2.274 -4.90986e-06
2.275 -4.89091e-06
2.276 -4.87203e-06
2.277 -4.85322e-06
2.278 -4.83448e-06
2.279 -4.81581e-06
2.28 -4.79721e-06
2.281 -4.77868e-06
2.282 -4.76023e-06
2.283 -4.74184e-06
2.284 -4.72352e-06
2.285 -4.70527e-06
2.286 -4.6871e-06
2.287 -4.66899e-06
2.288 -4.65094e-06
2.289 -4.63297e-06
2.29 -4.61507e-06
2.291 -4.59723e-06
2.292 -4.57947e-06
2.293 -4.56177e-06
2.294 -4.54414e-06
2.295 -4.52657e-06
2.296 -4.50907e-06
2.297 -4.49164e-06
2.298 -4.47428e-06
2.299 -4.45699e-06
2.3 -4.43976e-06
2.301 -4.42259e-06
2.302 -4.4055e-06
2.303 -4.38847e-06
2.304 -4.3715e-06
2.305 -4.3546e-06
2.306 -4.33777e-06
2.307 -4.321e-06
2.308 -4.30429e-06
2.309 -4.28765e-06
2.31 -4.27108e-06
2.311 -4.25457e-06
2.312 -4.23812e-06
2.313 -4.22174e-06
2.314 -4.20542e-06
2.315 -4.18917e-06
2.316 -4.17298e-06
2.317 -4.15685e-06
2.318 -4.14078e-06
2.319 -4.12478e-06
2.32 -4.10884e-06
2.321 -4.09296e-06
2.322 -4.07715e-06
2.323 -4.0614e-06
2.324 -4.04571e-06
2.325 -4.03008e-06
2.326 -4.01451e-06
2.327 -3.999e-06
2.328 -3.98356e-06
2.329 -3.96817e-06
2.33 -3.95285e-06
2.331 -3.93758e-06
2.332 -3.92238e-06
2.333 -3.90724e-06
2.334 -3.89215e-06
2.335 -3.87713e-06
2.336 -3.86217e-06
2.337 -3.84726e-06
2.338 -3.83241e-06
2.339 -3.81763e-06
2.34 -3.8029e-06
2.341 -3.78823e-06
2.342 -3.77362e-06
2.343 -3.75906e-06
2.344 -3.74457e-06
2.345 -3.73013e-06
2.346 -3.71575e-06
2.347 -3.70143e-06
2.348 -3.68716e-06
2.349 -3.67295e-06
2.35 -3.6588e-06
2.351 -3.6447e-06
2.352 -3.63067e-06
2.353 -3.61668e-06
2.354 -3.60276e-06
2.355 -3.58888e-06
2.356 -3.57507e-06
2.357 -3.56131e-06
2.358 -3.5476e-06
2.359 -3.53395e-06
2.36 -3.52036e-06
2.361 -3.50682e-06
2.362 -3.49333e-06
2.363 -3.4799e-06
2.364 -3.46652e-06
2.365 -3.4532e-06
2.366 -3.43993e-06
2.367 -3.42671e-06
2.368 -3.41355e-06
2.369 -3.40044e-06
2.37 -3.38738e-06
2.371 -3.37438e-06
2.372 -3.36143e-06
2.373 -3.34853e-06
2.374 -3.33568e-06
2.375 -3.32289e-06
2.376 -3.31015e-06
2.377 -3.29746e-06
2.378 -3.28482e-06
2.379 -3.27223e-06
2.38 -3.25969e-06
2.381 -3.24721e-06
2.382 -3.23478e-06
2.383 -3.22239e-06
2.384 -3.21006e-06
2.385 -3.19778e-06
2.386 -3.18554e-06
2.387 -3.17336e-06
2.388 -3.16123e-06
2.389 -3.14915e-06
2.39 -3.13711e-06
2.391 -3.12513e-06
2.392 -3.11319e-06
2.393 -3.10131e-06
2.394 -3.08947e-06
2.395 -3.07768e-06
2.396 -3.06594e-06
2.397 -3.05425e-06
2.398 -3.04261e-06
2.399 -3.03101e-06
2.4 -3.01947e-06
2.401 -3.00797e-06
2.402 -2.99651e-06
2.403 -2.98511e-06
2.404 -2.97375e-06
2.405 -2.96244e-06
2.406 -2.95118e-06
2.407 -2.93996e-06
2.408 -2.92879e-06
2.409 -2.91766e-06
2.41 -2.90659e-06
2.411 -2.89555e-06
2.412 -2.88457e-06
2.413 -2.87363e-06
2.414 -2.86273e-06
2.415 -2.85188e-06
2.416 -2.84108e-06
2.417 -2.83032e-06
2.418 -2.8196e-06
2.419 -2.80894e-06
2.42 -2.79831e-06
2.421 -2.78773e-06
2.422 -2.77719e-06
2.423 -2.7667e-06
2.424 -2.75625e-06
2.425 -2.74585e-06
2.426 -2.73549e-06
2.427 -2.72517e-06
2.428 -2.7149e-06
2.429 -2.70466e-06
2.43 -2.69448e-06
2.431 -2.68433e-06
2.432 -2.67423e-06
2.433 -2.66417e-06
2.434 -2.65415e-06
2.435 -2.64418e-06
2.436 -2.63424e-06
2.437 -2.62435e-06
2.438 -2.6145e-06
2.439 -2.6047e-06
2.44 -2.59493e-06
2.441 -2.58521e-06
2.442 -2.57552e-06
2.443 -2.56588e-06
2.444 -2.55628e-06
2.445 -2.54672e-06
2.446 -2.5372e-06
2.447 -2.52772e-06
2.448 -2.51828e-06
2.449 -2.50888e-06
2.45 -2.49952e-06
2.451 -2.4902e-06
2.452 -2.48092e-06
2.453 -2.47168e-06
2.454 -2.46248e-06
2.455 -2.45332e-06
2.456 -2.4442e-06
2.457 -2.43511e-06
2.458 -2.42607e-06
2.459 -2.41706e-06
2.46 -2.4081e-06
2.461 -2.39917e-06
2.462 -2.39028e-06
2.463 -2.38143e-06
2.464 -2.37261e-06
2.465 -2.36384e-06
2.466 -2.3551e-06
2.467 -2.3464e-06
2.468 -2.33774e-06
2.469 -2.32911e-06
2.47 -2.32052e-06
2.471 -2.31197e-06
2.472 -2.30346e-06
2.473 -2.29498e-06
2.474 -2.28654e-06
2.475 -2.27813e-06
2.476 -2.26976e-06
2.477 -2.26143e-06
2.478 -2.25314e-06
2.479 -2.24488e-06
2.48 -2.23665e-06
2.481 -2.22846e-06
2.482 -2.22031e-06
2.483 -2.21219e-06
2.484 -2.20411e-06
2.485 -2.19606e-06
2.486 -2.18805e-06
2.487 -2.18008e-06
2.488 -2.17213e-06
2.489 -2.16423e-06
2.49 -2.15635e-06
2.491 -2.14851e-06
2.492 -2.14071e-06
2.493 -2.13294e-06
2.494 -2.1252e-06
2.495 -2.1175e-06
2.496 -2.10983e-06
2.497 -2.1022e-06
2.498 -2.0946e-06
2.499 -2.08703e-06
2.5 -2.0795e-06
2.501 -2.07199e-06
2.502 -2.06453e-06
2.503 -2.05709e-06
2.504 -2.04969e-06
2.505 -2.04232e-06
2.506 -2.03498e-06
2.507 -2.02768e-06
2.508 -2.0204e-06
2.509 -2.01316e-06
2.51 -2.00595e-06
2.511 -1.99878e-06
2.512 -1.99163e-06
2.513 -1.98452e-06
2.514 -1.97744e-06
2.515 -1.97039e-06
2.516 -1.96337e-06
2.517 -1.95638e-06
2.518 -1.94942e-06
2.519 -1.9425e-06
2.52 -1.9356e-06
2.521 -1.92874e-06
2.522 -1.92191e-06
2.523 -1.9151e-06
2.524 -1.90833e-06
2.525 -1.90159e-06
2.526 -1.89488e-06
2.527 -1.88819e-06
2.528 -1.88154e-06
2.529 -1.87492e-06
2.53 -1.86833e-06
2.531 -1.86176e-06
2.532 -1.85523e-06
2.533 -1.84872e-06
2.534 -1.84225e-06
2.535 -1.8358e-06
2.536 -1.82939e-06
2.537 -1.823e-06
2.538 -1.81664e-06
2.539 -1.81031e-06
2.54 -1.80401e-06
2.541 -1.79773e-06
2.542 -1.79149e-06
2.543 -1.78527e-06
2.544 -1.77908e-06
2.545 -1.77292e-06
2.546 -1.76679e-06
2.547 -1.76068e-06
2.548 -1.7546e-06
2.549 -1.74856e-06
2.55 -1.74253e-06
2.551 -1.73654e-06
2.552 -1.73057e-06
2.553 -1.72463e-06
2.554 -1.71872e-06
2.555 -1.71283e-06
2.556 -1.70697e-06
2.557 -1.70114e-06
2.558 -1.69533e-06
2.559 -1.68955e-06
2.56 -1.6838e-06
2.561 -1.67807e-06
2.562 -1.67237e-06
2.563 -1.6667e-06
2.564 -1.66105e-06
2.565 -1.65543e-06
2.566 -1.64983e-06
2.567 -1.64426e-06
2.568 -1.63871e-06
2.569 -1.63319e-06
2.57 -1.6277e-06
2.571 -1.62223e-06
2.572 -1.61679e-06
2.573 -1.61137e-06
2.574 -1.60597e-06
2.575 -1.6006e-06
2.576 -1.59526e-06
2.577 -1.58994e-06
2.578 -1.58465e-06
2.579 -1.57938e-06
2.58 -1.57413e-06
2.581 -1.56891e-06
2.582 -1.56371e-06
2.583 -1.55854e-06
2.584 -1.55339e-06
2.585 -1.54827e-06
2.586 -1.54317e-06
2.587 -1.53809e-06
2.588 -1.53304e-06
2.589 -1.52801e-06
2.59 -1.523e-06
2.591 -1.51802e-06
2.592 -1.51306e-06
2.593 -1.50812e-06
2.594 -1.50321e-06
2.595 -1.49832e-06
2.596 -1.49345e-06
2.597 -1.48861e-06
2.598 -1.48379e-06
2.599 -1.47899e-06
