0.0000000000000000e+00 1.9586799999999999e-01
1.5625000000000001e-03 1.9586799999999999e-01
3.1250000000000002e-03 1.9586799999999999e-01
4.6874999999999998e-03 1.9586799999999999e-01
6.2500000000000003e-03 1.9586799999999999e-01
7.8125000000000000e-03 1.9586899999999999e-01
9.3749999999999997e-03 1.9586899999999999e-01
1.0937499999999999e-02 1.9586899999999999e-01
1.2500000000000001e-02 1.9586899999999999e-01
1.4062500000000000e-02 1.9586999999999999e-01
1.5625000000000000e-02 1.9586999999999999e-01
1.7187500000000001e-02 1.9586999999999999e-01
1.8749999999999999e-02 1.9586999999999999e-01
2.0312500000000001e-02 1.9587099999999999e-01
2.1874999999999999e-02 1.9587099999999999e-01
2.3437500000000000e-02 1.9587099999999999e-01
2.5000000000000001e-02 1.9587199999999999e-01
2.6562499999999999e-02 1.9587199999999999e-01
2.8125000000000001e-02 1.9587299999999999e-01
2.9687499999999999e-02 1.9587299999999999e-01
3.1250000000000000e-02 1.9587099999999999e-01
3.2812500000000001e-02 1.9587199999999999e-01
3.4375000000000003e-02 1.9587199999999999e-01
3.5937499999999997e-02 1.9587199999999999e-01
3.7499999999999999e-02 1.9587299999999999e-01
3.9062500000000000e-02 1.9587299999999999e-01
4.0625000000000001e-02 1.9587399999999999e-01
4.2187500000000003e-02 1.9587399999999999e-01
4.3749999999999997e-02 1.9587499999999999e-01
4.5312499999999999e-02 1.9587499999999999e-01
4.6875000000000000e-02 1.9587599999999999e-01
4.8437500000000001e-02 1.9587599999999999e-01
5.0000000000000003e-02 1.9587700000000000e-01
5.1562499999999997e-02 1.9587700000000000e-01
5.3124999999999999e-02 1.9587800000000000e-01
5.4687500000000000e-02 1.9587900000000000e-01
5.6250000000000001e-02 1.9587900000000000e-01
5.7812500000000003e-02 1.9588000000000000e-01
5.9374999999999997e-02 1.9588100000000000e-01
6.0937499999999999e-02 1.9588200000000000e-01
6.2500000000000000e-02 1.9587900000000000e-01
6.4062499999999994e-02 1.9588000000000000e-01
6.5625000000000003e-02 1.9588100000000000e-01
6.7187499999999997e-02 1.9588100000000000e-01
6.8750000000000006e-02 1.9588200000000000e-01
7.0312500000000000e-02 1.9588300000000000e-01
7.1874999999999994e-02 1.9588400000000000e-01
7.3437500000000003e-02 1.9588500000000000e-01
7.4999999999999997e-02 1.9588600000000000e-01
7.6562500000000006e-02 1.9588700000000001e-01
7.8125000000000000e-02 1.9588800000000001e-01
7.9687499999999994e-02 1.9588900000000001e-01
8.1250000000000003e-02 1.9588900000000001e-01
8.2812499999999997e-02 1.9589000000000001e-01
8.4375000000000006e-02 1.9589100000000001e-01
8.5937500000000000e-02 1.9589200000000001e-01
8.7499999999999994e-02 1.9589400000000001e-01
8.9062500000000003e-02 1.9589500000000001e-01
9.0624999999999997e-02 1.9589599999999999e-01
9.2187500000000006e-02 1.9589799999999999e-01
9.3750000000000000e-02 1.9589999999999999e-01
9.5312499999999994e-02 1.9590099999999999e-01
9.6875000000000003e-02 1.9590199999999999e-01
9.8437499999999997e-02 1.9590399999999999e-01
1.0000000000000001e-01 1.9590500000000000e-01
1.0156200000000000e-01 1.9590600000000000e-01
1.0312499999999999e-01 1.9590800000000000e-01
1.0468700000000000e-01 1.9590900000000000e-01
1.0625000000000000e-01 1.9591100000000000e-01
1.0781300000000001e-01 1.9591200000000000e-01
1.0937500000000000e-01 1.9591400000000000e-01
1.1093699999999999e-01 1.9591600000000001e-01
1.1250000000000000e-01 1.9591800000000001e-01
1.1406300000000000e-01 1.9592000000000001e-01
1.1562500000000001e-01 1.9592200000000001e-01
1.1718700000000000e-01 1.9592399999999999e-01
1.1874999999999999e-01 1.9592699999999999e-01
1.2031200000000000e-01 1.9592899999999999e-01
1.2187500000000000e-01 1.9593099999999999e-01
1.2343800000000001e-01 1.9593300000000000e-01
1.2500000000000000e-01 1.9593300000000000e-01
1.2656300000000001e-01 1.9593600000000000e-01
1.2812499999999999e-01 1.9593800000000000e-01
1.2968800000000000e-01 1.9594000000000000e-01
1.3125000000000001e-01 1.9594200000000001e-01
1.3281200000000001e-01 1.9594400000000001e-01
1.3437499999999999e-01 1.9594700000000001e-01
1.3593700000000000e-01 1.9594900000000001e-01
1.3750000000000001e-01 1.9595099999999999e-01
1.3906199999999999e-01 1.9595399999999999e-01
1.4062500000000000e-01 1.9595599999999999e-01
1.4218800000000001e-01 1.9595899999999999e-01
1.4374999999999999e-01 1.9596200000000000e-01
1.4531300000000000e-01 1.9596500000000000e-01
1.4687500000000001e-01 1.9596800000000000e-01
1.4843700000000001e-01 1.9597100000000001e-01
1.4999999999999999e-01 1.9597400000000001e-01
1.5156200000000000e-01 1.9597700000000001e-01
1.5312500000000001e-01 1.9597999999999999e-01
1.5468699999999999e-01 1.9598299999999999e-01
1.5625000000000000e-01 1.9597800000000001e-01
1.5781300000000001e-01 1.9598399999999999e-01
1.5937499999999999e-01 1.9598699999999999e-01
1.6093800000000000e-01 1.9599000000000000e-01
1.6250000000000001e-01 1.9599300000000000e-01
1.6406200000000001e-01 1.9599600000000000e-01
1.6562499999999999e-01 1.9599900000000001e-01
1.6718700000000000e-01 1.9600200000000001e-01
1.6875000000000001e-01 1.9600600000000001e-01
1.7031199999999999e-01 1.9600899999999999e-01
1.7187500000000000e-01 1.9601299999999999e-01
1.7343800000000001e-01 1.9601600000000000e-01
1.7499999999999999e-01 1.9602000000000000e-01
1.7656300000000000e-01 1.9602300000000000e-01
1.7812500000000001e-01 1.9602700000000001e-01
1.7968700000000001e-01 1.9603000000000001e-01
1.8124999999999999e-01 1.9603400000000001e-01
1.8281200000000000e-01 1.9603799999999999e-01
1.8437500000000001e-01 1.9604099999999999e-01
1.8593699999999999e-01 1.9604500000000000e-01
1.8750000000000000e-01 1.9603799999999999e-01
1.8906300000000001e-01 1.9604500000000000e-01
1.9062499999999999e-01 1.9604900000000000e-01
1.9218800000000000e-01 1.9605200000000000e-01
1.9375000000000001e-01 1.9605500000000001e-01
1.9531200000000001e-01 1.9605900000000001e-01
1.9687499999999999e-01 1.9606199999999999e-01
1.9843700000000000e-01 1.9606499999999999e-01
2.0000000000000001e-01 1.9606799999999999e-01
2.0156199999999999e-01 1.9607100000000000e-01
2.0312500000000000e-01 1.9607400000000000e-01
2.0468800000000001e-01 1.9607700000000000e-01
2.0624999999999999e-01 1.9608000000000000e-01
2.0781300000000000e-01 1.9608300000000001e-01
2.0937500000000001e-01 1.9608500000000001e-01
2.1093700000000001e-01 1.9608700000000001e-01
2.1249999999999999e-01 1.9608999999999999e-01
2.1406200000000000e-01 1.9609199999999999e-01
2.1562500000000001e-01 1.9609299999999999e-01
2.1718699999999999e-01 1.9609499999999999e-01
2.1875000000000000e-01 1.9609099999999999e-01
2.2031300000000001e-01 1.9609599999999999e-01
2.2187499999999999e-01 1.9609699999999999e-01
2.2343800000000000e-01 1.9609900000000000e-01
2.2500000000000001e-01 1.9610000000000000e-01
2.2656200000000001e-01 1.9610100000000000e-01
2.2812499999999999e-01 1.9610100000000000e-01
2.2968700000000000e-01 1.9610200000000000e-01
2.3125000000000001e-01 1.9610200000000000e-01
2.3281199999999999e-01 1.9610200000000000e-01
2.3437500000000000e-01 1.9610200000000000e-01
2.3593800000000001e-01 1.9610100000000000e-01
2.3749999999999999e-01 1.9610000000000000e-01
2.3906300000000000e-01 1.9609900000000000e-01
2.4062500000000001e-01 1.9609799999999999e-01
2.4218700000000001e-01 1.9609599999999999e-01
2.4374999999999999e-01 1.9609399999999999e-01
2.4531200000000000e-01 1.9609199999999999e-01
2.4687500000000001e-01 1.9608900000000001e-01
2.4843699999999999e-01 1.9608600000000001e-01
2.5000000000000000e-01 1.9609199999999999e-01
2.5156299999999998e-01 1.9609399999999999e-01
2.5312499999999999e-01 1.9609099999999999e-01
2.5468700000000000e-01 1.9608800000000001e-01
2.5624999999999998e-01 1.9608500000000001e-01
2.5781199999999999e-01 1.9608100000000001e-01
2.5937500000000002e-01 1.9607700000000000e-01
2.6093800000000000e-01 1.9607300000000000e-01
2.6250000000000001e-01 1.9606899999999999e-01
2.6406200000000002e-01 1.9606399999999999e-01
2.6562500000000000e-01 1.9606000000000001e-01
2.6718799999999998e-01 1.9605500000000001e-01
2.6874999999999999e-01 1.9605000000000000e-01
2.7031200000000000e-01 1.9604500000000000e-01
2.7187499999999998e-01 1.9603999999999999e-01
2.7343699999999999e-01 1.9603499999999999e-01
2.7500000000000002e-01 1.9602900000000001e-01
2.7656300000000000e-01 1.9602400000000000e-01
2.7812500000000001e-01 1.9601900000000000e-01
2.7968700000000002e-01 1.9601299999999999e-01
2.8125000000000000e-01 1.9601800000000000e-01
2.8281299999999998e-01 1.9602300000000000e-01
2.8437499999999999e-01 1.9601700000000000e-01
2.8593700000000000e-01 1.9601199999999999e-01
2.8749999999999998e-01 1.9600600000000001e-01
2.8906199999999999e-01 1.9600100000000001e-01
2.9062500000000002e-01 1.9599500000000000e-01
2.9218800000000000e-01 1.9599000000000000e-01
2.9375000000000001e-01 1.9598399999999999e-01
2.9531200000000002e-01 1.9597899999999999e-01
2.9687500000000000e-01 1.9597400000000001e-01
2.9843799999999998e-01 1.9596800000000000e-01
2.9999999999999999e-01 1.9596400000000000e-01
3.0156200000000000e-01 1.9595899999999999e-01
3.0312499999999998e-01 1.9595499999999999e-01
3.0468699999999999e-01 1.9595099999999999e-01
3.0625000000000002e-01 1.9594700000000001e-01
3.0781300000000000e-01 1.9594400000000001e-01
3.0937500000000001e-01 1.9594100000000000e-01
3.1093700000000002e-01 1.9593800000000000e-01
3.1250000000000000e-01 1.9592999999999999e-01
3.1406299999999998e-01 1.9594100000000000e-01
3.1562499999999999e-01 1.9593800000000000e-01
3.1718700000000000e-01 1.9593600000000000e-01
3.1874999999999998e-01 1.9593500000000000e-01
3.2031199999999999e-01 1.9593300000000000e-01
3.2187500000000002e-01 1.9593300000000000e-01
3.2343800000000000e-01 1.9593200000000000e-01
3.2500000000000001e-01 1.9593300000000000e-01
3.2656200000000002e-01 1.9593300000000000e-01
3.2812500000000000e-01 1.9593300000000000e-01
3.2968799999999998e-01 1.9593300000000000e-01
3.3124999999999999e-01 1.9593400000000000e-01
3.3281200000000000e-01 1.9593500000000000e-01
3.3437499999999998e-01 1.9593600000000000e-01
3.3593699999999999e-01 1.9593800000000000e-01
3.3750000000000002e-01 1.9594000000000000e-01
3.3906300000000000e-01 1.9594300000000001e-01
3.4062500000000001e-01 1.9594700000000001e-01
3.4218700000000002e-01 1.9595000000000001e-01
3.4375000000000000e-01 1.9592999999999999e-01
3.4531299999999998e-01 1.9594800000000001e-01
3.4687499999999999e-01 1.9595299999999999e-01
3.4843700000000000e-01 1.9595799999999999e-01
3.4999999999999998e-01 1.9596300000000000e-01
3.5156199999999999e-01 1.9596900000000000e-01
3.5312500000000002e-01 1.9597500000000001e-01
3.5468800000000000e-01 1.9598199999999999e-01
3.5625000000000001e-01 1.9598800000000000e-01
3.5781200000000002e-01 1.9599500000000000e-01
3.5937500000000000e-01 1.9600200000000001e-01
3.6093799999999998e-01 1.9600999999999999e-01
3.6249999999999999e-01 1.9601700000000000e-01
3.6406200000000000e-01 1.9602500000000000e-01
3.6562499999999998e-01 1.9603300000000001e-01
3.6718699999999999e-01 1.9604099999999999e-01
3.6875000000000002e-01 1.9604900000000000e-01
3.7031300000000000e-01 1.9605700000000001e-01
3.7187500000000001e-01 1.9606499999999999e-01
3.7343700000000002e-01 1.9607300000000000e-01
3.7500000000000000e-01 1.9607300000000000e-01
3.7656299999999998e-01 1.9608900000000001e-01
3.7812499999999999e-01 1.9609799999999999e-01
3.7968700000000000e-01 1.9610600000000000e-01
3.8124999999999998e-01 1.9611400000000001e-01
3.8281199999999999e-01 1.9612199999999999e-01
3.8437500000000002e-01 1.9612900000000000e-01
3.8593800000000000e-01 1.9613700000000001e-01
3.8750000000000001e-01 1.9614400000000001e-01
3.8906200000000002e-01 1.9615099999999999e-01
3.9062500000000000e-01 1.9615800000000000e-01
3.9218799999999998e-01 1.9616500000000001e-01
3.9374999999999999e-01 1.9617100000000001e-01
3.9531200000000000e-01 1.9617699999999999e-01
3.9687499999999998e-01 1.9618300000000000e-01
3.9843699999999999e-01 1.9618800000000000e-01
4.0000000000000002e-01 1.9619200000000001e-01
4.0156300000000000e-01 1.9619700000000001e-01
4.0312500000000001e-01 1.9620000000000001e-01
4.0468700000000002e-01 1.9620299999999999e-01
4.0625000000000000e-01 1.9621800000000000e-01
4.0781299999999998e-01 1.9622000000000001e-01
4.0937499999999999e-01 1.9622100000000001e-01
4.1093700000000000e-01 1.9622100000000001e-01
4.1249999999999998e-01 1.9621900000000000e-01
4.1406199999999999e-01 1.9621800000000000e-01
4.1562500000000002e-01 1.9621500000000000e-01
4.1718800000000000e-01 1.9621100000000000e-01
4.1875000000000001e-01 1.9620699999999999e-01
4.2031200000000002e-01 1.9620199999999999e-01
4.2187500000000000e-01 1.9619600000000001e-01
4.2343799999999998e-01 1.9618900000000000e-01
4.2499999999999999e-01 1.9618200000000000e-01
4.2656200000000000e-01 1.9617399999999999e-01
4.2812499999999998e-01 1.9616600000000001e-01
4.2968699999999999e-01 1.9615700000000000e-01
4.3125000000000002e-01 1.9614799999999999e-01
4.3281300000000000e-01 1.9613900000000001e-01
4.3437500000000001e-01 1.9612900000000000e-01
4.3593700000000002e-01 1.9611899999999999e-01
4.3750000000000000e-01 1.9610900000000001e-01
4.3906299999999998e-01 1.9610000000000000e-01
4.4062499999999999e-01 1.9608999999999999e-01
4.4218700000000000e-01 1.9608100000000001e-01
4.4374999999999998e-01 1.9607200000000000e-01
4.4531199999999999e-01 1.9606299999999999e-01
4.4687500000000002e-01 1.9605400000000001e-01
4.4843800000000000e-01 1.9604500000000000e-01
4.5000000000000001e-01 1.9603699999999999e-01
4.5156200000000002e-01 1.9602900000000001e-01
4.5312500000000000e-01 1.9602100000000000e-01
4.5468799999999998e-01 1.9601399999999999e-01
4.5624999999999999e-01 1.9600799999999999e-01
4.5781200000000000e-01 1.9600200000000001e-01
4.5937499999999998e-01 1.9599700000000000e-01
4.6093699999999999e-01 1.9599300000000000e-01
4.6250000000000002e-01 1.9599000000000000e-01
4.6406300000000000e-01 1.9598699999999999e-01
4.6562500000000001e-01 1.9598599999999999e-01
4.6718700000000002e-01 1.9598499999999999e-01
4.6875000000000000e-01 1.9599200000000000e-01
4.7031299999999998e-01 1.9599300000000000e-01
4.7187499999999999e-01 1.9599400000000000e-01
4.7343700000000000e-01 1.9599700000000000e-01
4.7499999999999998e-01 1.9600100000000001e-01
4.7656199999999999e-01 1.9600600000000001e-01
4.7812500000000002e-01 1.9601199999999999e-01
4.7968800000000000e-01 1.9601900000000000e-01
4.8125000000000001e-01 1.9602600000000001e-01
4.8281200000000002e-01 1.9603499999999999e-01
4.8437500000000000e-01 1.9604400000000000e-01
4.8593799999999998e-01 1.9605300000000001e-01
4.8749999999999999e-01 1.9606299999999999e-01
4.8906200000000000e-01 1.9607400000000000e-01
4.9062499999999998e-01 1.9608500000000001e-01
4.9218699999999999e-01 1.9609599999999999e-01
4.9375000000000002e-01 1.9610800000000000e-01
4.9531300000000000e-01 1.9611999999999999e-01
4.9687500000000001e-01 1.9613300000000000e-01
4.9843700000000002e-01 1.9614500000000001e-01
5.0000000000000000e-01 1.9615199999999999e-01
5.0156199999999995e-01 1.9616500000000001e-01
5.0312500000000004e-01 1.9617799999999999e-01
5.0468700000000000e-01 1.9619100000000000e-01
5.0624999999999998e-01 1.9620299999999999e-01
5.0781200000000004e-01 1.9621500000000000e-01
5.0937500000000002e-01 1.9622600000000001e-01
5.1093800000000000e-01 1.9623599999999999e-01
5.1249999999999996e-01 1.9624600000000000e-01
5.1406300000000005e-01 1.9625400000000001e-01
5.1562500000000000e-01 1.9626199999999999e-01
5.1718699999999995e-01 1.9626900000000000e-01
5.1875000000000004e-01 1.9627600000000001e-01
5.2031200000000000e-01 1.9628100000000001e-01
5.2187499999999998e-01 1.9628599999999999e-01
5.2343700000000004e-01 1.9628999999999999e-01
5.2500000000000002e-01 1.9629300000000000e-01
5.2656300000000000e-01 1.9629400000000000e-01
5.2812499999999996e-01 1.9629400000000000e-01
5.2968800000000005e-01 1.9629400000000000e-01
5.3125000000000000e-01 1.9627400000000000e-01
5.3281199999999995e-01 1.9627200000000000e-01
5.3437500000000004e-01 1.9626800000000000e-01
5.3593700000000000e-01 1.9626500000000000e-01
5.3749999999999998e-01 1.9625999999999999e-01
5.3906200000000004e-01 1.9625600000000001e-01
5.4062500000000002e-01 1.9625100000000001e-01
5.4218800000000000e-01 1.9624600000000000e-01
5.4374999999999996e-01 1.9624100000000000e-01
5.4531300000000005e-01 1.9623599999999999e-01
5.4687500000000000e-01 1.9623099999999999e-01
5.4843699999999995e-01 1.9622600000000001e-01
5.5000000000000004e-01 1.9622200000000001e-01
5.5156200000000000e-01 1.9621700000000000e-01
5.5312499999999998e-01 1.9621300000000000e-01
5.5468700000000004e-01 1.9620899999999999e-01
5.5625000000000002e-01 1.9620599999999999e-01
5.5781300000000000e-01 1.9620299999999999e-01
5.5937499999999996e-01 1.9620099999999999e-01
5.6093800000000005e-01 1.9619900000000001e-01
5.6250000000000000e-01 1.9618099999999999e-01
5.6406199999999995e-01 1.9618099999999999e-01
5.6562500000000004e-01 1.9618099999999999e-01
5.6718700000000000e-01 1.9618300000000000e-01
5.6874999999999998e-01 1.9618500000000000e-01
5.7031200000000004e-01 1.9618800000000000e-01
5.7187500000000002e-01 1.9619100000000000e-01
5.7343800000000000e-01 1.9619600000000001e-01
5.7499999999999996e-01 1.9620099999999999e-01
5.7656300000000005e-01 1.9620599999999999e-01
5.7812500000000000e-01 1.9621200000000000e-01
5.7968699999999995e-01 1.9621900000000000e-01
5.8125000000000004e-01 1.9622500000000001e-01
5.8281200000000000e-01 1.9623199999999999e-01
5.8437499999999998e-01 1.9623900000000000e-01
5.8593700000000004e-01 1.9624500000000000e-01
5.8750000000000002e-01 1.9625100000000001e-01
5.8906300000000000e-01 1.9625600000000001e-01
5.9062499999999996e-01 1.9626099999999999e-01
5.9218800000000005e-01 1.9626500000000000e-01
5.9375000000000000e-01 1.9627500000000001e-01
5.9531199999999995e-01 1.9627900000000001e-01
5.9687500000000004e-01 1.9628300000000001e-01
5.9843700000000000e-01 1.9628599999999999e-01
5.9999999999999998e-01 1.9628799999999999e-01
6.0156200000000004e-01 1.9628899999999999e-01
6.0312500000000002e-01 1.9628899999999999e-01
6.0468800000000000e-01 1.9628799999999999e-01
6.0624999999999996e-01 1.9628599999999999e-01
6.0781300000000005e-01 1.9628300000000001e-01
6.0937500000000000e-01 1.9628000000000001e-01
6.1093699999999995e-01 1.9627500000000001e-01
6.1250000000000004e-01 1.9627000000000000e-01
6.1406200000000000e-01 1.9626399999999999e-01
6.1562499999999998e-01 1.9625600000000001e-01
6.1718700000000004e-01 1.9624800000000001e-01
6.1875000000000002e-01 1.9623900000000000e-01
6.2031300000000000e-01 1.9622999999999999e-01
6.2187499999999996e-01 1.9622000000000001e-01
6.2343800000000005e-01 1.9620899999999999e-01
6.2500000000000000e-01 1.9619100000000000e-01
6.2656199999999995e-01 1.9617899999999999e-01
6.2812500000000004e-01 1.9616700000000001e-01
6.2968700000000000e-01 1.9615500000000000e-01
6.3124999999999998e-01 1.9614400000000001e-01
6.3281200000000004e-01 1.9613400000000000e-01
6.3437500000000002e-01 1.9612399999999999e-01
6.3593800000000000e-01 1.9611500000000001e-01
6.3749999999999996e-01 1.9610700000000000e-01
6.3906300000000005e-01 1.9610100000000000e-01
6.4062500000000000e-01 1.9609499999999999e-01
6.4218699999999995e-01 1.9609199999999999e-01
6.4375000000000004e-01 1.9608900000000001e-01
6.4531200000000000e-01 1.9608800000000001e-01
6.4687499999999998e-01 1.9608900000000001e-01
6.4843700000000004e-01 1.9609199999999999e-01
6.5000000000000002e-01 1.9609599999999999e-01
6.5156300000000000e-01 1.9610200000000000e-01
6.5312499999999996e-01 1.9611000000000001e-01
6.5468800000000005e-01 1.9611899999999999e-01
6.5625000000000000e-01 1.9611999999999999e-01
6.5781199999999995e-01 1.9613200000000000e-01
6.5937500000000004e-01 1.9614400000000001e-01
6.6093700000000000e-01 1.9615700000000000e-01
6.6249999999999998e-01 1.9617100000000001e-01
6.6406200000000004e-01 1.9618600000000000e-01
6.6562500000000002e-01 1.9620099999999999e-01
6.6718800000000000e-01 1.9621600000000000e-01
6.6874999999999996e-01 1.9623099999999999e-01
6.7031300000000005e-01 1.9624500000000000e-01
6.7187500000000000e-01 1.9625899999999999e-01
6.7343699999999995e-01 1.9627200000000000e-01
6.7500000000000004e-01 1.9628499999999999e-01
6.7656200000000000e-01 1.9629600000000000e-01
6.7812499999999998e-01 1.9630400000000001e-01
6.7968700000000004e-01 1.9631199999999999e-01
6.8125000000000002e-01 1.9631699999999999e-01
6.8281300000000000e-01 1.9632100000000000e-01
6.8437499999999996e-01 1.9632400000000000e-01
6.8593800000000005e-01 1.9632400000000000e-01
6.8750000000000000e-01 1.9632700000000000e-01
6.8906199999999995e-01 1.9632300000000000e-01
6.9062500000000004e-01 1.9631699999999999e-01
6.9218700000000000e-01 1.9630900000000001e-01
6.9374999999999998e-01 1.9629900000000000e-01
6.9531200000000004e-01 1.9628699999999999e-01
6.9687500000000002e-01 1.9627300000000000e-01
6.9843800000000000e-01 1.9625699999999999e-01
6.9999999999999996e-01 1.9624000000000000e-01
7.0156300000000005e-01 1.9622100000000001e-01
7.0312500000000000e-01 1.9620099999999999e-01
7.0468699999999995e-01 1.9617999999999999e-01
7.0625000000000004e-01 1.9615900000000000e-01
7.0781200000000000e-01 1.9613700000000001e-01
7.0937499999999998e-01 1.9611500000000001e-01
7.1093700000000004e-01 1.9609399999999999e-01
7.1250000000000002e-01 1.9607300000000000e-01
7.1406300000000000e-01 1.9605300000000001e-01
7.1562499999999996e-01 1.9603599999999999e-01
7.1718800000000005e-01 1.9601800000000000e-01
7.1875000000000000e-01 1.9599900000000001e-01
7.2031199999999995e-01 1.9598399999999999e-01
7.2187500000000004e-01 1.9597100000000001e-01
7.2343700000000000e-01 1.9596100000000000e-01
7.2499999999999998e-01 1.9595299999999999e-01
7.2656200000000004e-01 1.9594700000000001e-01
7.2812500000000002e-01 1.9594400000000001e-01
7.2968800000000000e-01 1.9594200000000001e-01
7.3124999999999996e-01 1.9594200000000001e-01
7.3281300000000005e-01 1.9594400000000001e-01
7.3437500000000000e-01 1.9594200000000001e-01
7.3593699999999995e-01 1.9594700000000001e-01
7.3750000000000004e-01 1.9595299999999999e-01
7.3906200000000000e-01 1.9596000000000000e-01
7.4062499999999998e-01 1.9596800000000000e-01
7.4218700000000004e-01 1.9597600000000001e-01
7.4375000000000002e-01 1.9598499999999999e-01
7.4531300000000000e-01 1.9599400000000000e-01
7.4687499999999996e-01 1.9600200000000001e-01
7.4843800000000005e-01 1.9601099999999999e-01
7.5000000000000000e-01 1.9603499999999999e-01
7.5156199999999995e-01 1.9604400000000000e-01
7.5312500000000004e-01 1.9605200000000000e-01
7.5468700000000000e-01 1.9605800000000001e-01
7.5624999999999998e-01 1.9606299999999999e-01
7.5781200000000004e-01 1.9606599999999999e-01
7.5937500000000002e-01 1.9606799999999999e-01
7.6093800000000000e-01 1.9606699999999999e-01
7.6249999999999996e-01 1.9606599999999999e-01
7.6406300000000005e-01 1.9606199999999999e-01
7.6562500000000000e-01 1.9605700000000001e-01
7.6718699999999995e-01 1.9604900000000000e-01
7.6875000000000004e-01 1.9604099999999999e-01
7.7031200000000000e-01 1.9603000000000001e-01
7.7187499999999998e-01 1.9601800000000000e-01
7.7343700000000004e-01 1.9600500000000001e-01
7.7500000000000002e-01 1.9599000000000000e-01
7.7656300000000000e-01 1.9597500000000001e-01
7.7812499999999996e-01 1.9595899999999999e-01
7.7968800000000005e-01 1.9594200000000001e-01
7.8125000000000000e-01 1.9592799999999999e-01
7.8281199999999995e-01 1.9591100000000000e-01
7.8437500000000004e-01 1.9589500000000001e-01
7.8593700000000000e-01 1.9588000000000000e-01
7.8749999999999998e-01 1.9586600000000001e-01
7.8906200000000004e-01 1.9585500000000000e-01
7.9062500000000002e-01 1.9584499999999999e-01
7.9218800000000000e-01 1.9583800000000001e-01
7.9374999999999996e-01 1.9583400000000001e-01
7.9531300000000005e-01 1.9583300000000001e-01
7.9687500000000000e-01 1.9583400000000001e-01
7.9843699999999995e-01 1.9583800000000001e-01
8.0000000000000004e-01 1.9584499999999999e-01
8.0156200000000000e-01 1.9585500000000000e-01
8.0312499999999998e-01 1.9586799999999999e-01
8.0468700000000004e-01 1.9588300000000000e-01
8.0625000000000002e-01 1.9590099999999999e-01
8.0781300000000000e-01 1.9592000000000001e-01
8.0937499999999996e-01 1.9594100000000000e-01
8.1093800000000005e-01 1.9596300000000000e-01
8.1250000000000000e-01 1.9597600000000001e-01
8.1406199999999995e-01 1.9600000000000001e-01
8.1562500000000004e-01 1.9602400000000000e-01
8.1718700000000000e-01 1.9604700000000000e-01
8.1874999999999998e-01 1.9606999999999999e-01
8.2031200000000004e-01 1.9609199999999999e-01
8.2187500000000002e-01 1.9611200000000001e-01
8.2343800000000000e-01 1.9613000000000000e-01
8.2499999999999996e-01 1.9614599999999999e-01
8.2656300000000005e-01 1.9615900000000000e-01
8.2812500000000000e-01 1.9617000000000001e-01
8.2968699999999995e-01 1.9617799999999999e-01
8.3125000000000004e-01 1.9618300000000000e-01
8.3281200000000000e-01 1.9618500000000000e-01
8.3437499999999998e-01 1.9618500000000000e-01
8.3593700000000004e-01 1.9618099999999999e-01
8.3750000000000002e-01 1.9617399999999999e-01
8.3906300000000000e-01 1.9616400000000001e-01
8.4062499999999996e-01 1.9614999999999999e-01
8.4218800000000005e-01 1.9613400000000000e-01
8.4375000000000000e-01 1.9609900000000000e-01
8.4531199999999995e-01 1.9607500000000000e-01
8.4687500000000004e-01 1.9604900000000000e-01
8.4843700000000000e-01 1.9602100000000000e-01
8.4999999999999998e-01 1.9599200000000000e-01
8.5156200000000004e-01 1.9596200000000000e-01
8.5312500000000002e-01 1.9593099999999999e-01
8.5468800000000000e-01 1.9590099999999999e-01
8.5624999999999996e-01 1.9587299999999999e-01
8.5781300000000005e-01 1.9584499999999999e-01
8.5937500000000000e-01 1.9581999999999999e-01
8.6093699999999995e-01 1.9579800000000000e-01
8.6250000000000004e-01 1.9577800000000001e-01
8.6406200000000000e-01 1.9576199999999999e-01
8.6562499999999998e-01 1.9574900000000001e-01
8.6718700000000004e-01 1.9574100000000000e-01
8.6875000000000002e-01 1.9573399999999999e-01
8.7031300000000000e-01 1.9573499999999999e-01
8.7187499999999996e-01 1.9573900000000000e-01
8.7343800000000005e-01 1.9574800000000001e-01
8.7500000000000000e-01 1.9576600000000000e-01
8.7656199999999995e-01 1.9579199999999999e-01
8.7812500000000004e-01 1.9581100000000001e-01
8.7968700000000000e-01 1.9583200000000001e-01
8.8124999999999998e-01 1.9585500000000000e-01
8.8281200000000004e-01 1.9588100000000000e-01
8.8437500000000002e-01 1.9590800000000000e-01
8.8593800000000000e-01 1.9593800000000000e-01
8.8749999999999996e-01 1.9596800000000000e-01
8.8906300000000005e-01 1.9599800000000001e-01
8.9062500000000000e-01 1.9602900000000001e-01
8.9218699999999995e-01 1.9605900000000001e-01
8.9375000000000004e-01 1.9608900000000001e-01
8.9531200000000000e-01 1.9611700000000001e-01
8.9687499999999998e-01 1.9614300000000001e-01
8.9843700000000004e-01 1.9616800000000001e-01
9.0000000000000002e-01 1.9619100000000000e-01
9.0156300000000000e-01 1.9621000000000000e-01
9.0312499999999996e-01 1.9622700000000001e-01
9.0468800000000005e-01 1.9624100000000000e-01
9.0625000000000000e-01 1.9625600000000001e-01
9.0781199999999995e-01 1.9626199999999999e-01
9.0937500000000004e-01 1.9626500000000000e-01
9.1093700000000000e-01 1.9626399999999999e-01
9.1249999999999998e-01 1.9625799999999999e-01
9.1406200000000004e-01 1.9624900000000001e-01
9.1562500000000002e-01 1.9623699999999999e-01
9.1718800000000000e-01 1.9622200000000001e-01
9.1874999999999996e-01 1.9620499999999999e-01
9.2031300000000005e-01 1.9618500000000000e-01
9.2187500000000000e-01 1.9616500000000001e-01
9.2343699999999995e-01 1.9614300000000001e-01
9.2500000000000004e-01 1.9612099999999999e-01
9.2656200000000000e-01 1.9609900000000000e-01
9.2812499999999998e-01 1.9607900000000000e-01
9.2968700000000004e-01 1.9606000000000001e-01
9.3125000000000002e-01 1.9604199999999999e-01
9.3281300000000000e-01 1.9602800000000001e-01
9.3437499999999996e-01 1.9601499999999999e-01
9.3593800000000005e-01 1.9600600000000001e-01
9.3750000000000000e-01 1.9599800000000001e-01
9.3906199999999995e-01 1.9600300000000001e-01
9.4062500000000004e-01 1.9600400000000001e-01
9.4218700000000000e-01 1.9600999999999999e-01
9.4374999999999998e-01 1.9602000000000000e-01
9.4531200000000004e-01 1.9603400000000001e-01
9.4687500000000002e-01 1.9605200000000000e-01
9.4843800000000000e-01 1.9607400000000000e-01
9.4999999999999996e-01 1.9609799999999999e-01
9.5156300000000005e-01 1.9612499999999999e-01
9.5312500000000000e-01 1.9615400000000000e-01
9.5468699999999995e-01 1.9618300000000000e-01
9.5625000000000004e-01 1.9621400000000000e-01
9.5781200000000000e-01 1.9624500000000000e-01
9.5937499999999998e-01 1.9627700000000001e-01
9.6093700000000004e-01 1.9630900000000001e-01
9.6250000000000002e-01 1.9634099999999999e-01
9.6406300000000000e-01 1.9637099999999999e-01
9.6562499999999996e-01 1.9640099999999999e-01
9.6718800000000005e-01 1.9642899999999999e-01
9.6875000000000000e-01 1.9646000000000000e-01
9.7031199999999995e-01 1.9647700000000001e-01
9.7187500000000004e-01 1.9649700000000000e-01
9.7343700000000000e-01 1.9651399999999999e-01
9.7499999999999998e-01 1.9652700000000001e-01
9.7656200000000004e-01 1.9653599999999999e-01
9.7812500000000002e-01 1.9653899999999999e-01
9.7968800000000000e-01 1.9653699999999999e-01
9.8124999999999996e-01 1.9653000000000001e-01
9.8281300000000005e-01 1.9651700000000000e-01
9.8437500000000000e-01 1.9649900000000001e-01
9.8593699999999995e-01 1.9647700000000001e-01
9.8750000000000004e-01 1.9645000000000001e-01
9.8906200000000000e-01 1.9641900000000001e-01
9.9062499999999998e-01 1.9638500000000000e-01
9.9218700000000004e-01 1.9634799999999999e-01
9.9375000000000002e-01 1.9630800000000001e-01
9.9531300000000000e-01 1.9626700000000000e-01
9.9687499999999996e-01 1.9622500000000001e-01
9.9843800000000005e-01 1.9618200000000000e-01
1.0000000000000000e+00 1.9612800000000000e-01
1.0015600000000000e+00 1.9608200000000001e-01
1.0031200000000000e+00 1.9603999999999999e-01
1.0046900000000001e+00 1.9600000000000001e-01
1.0062500000000001e+00 1.9596300000000000e-01
1.0078100000000001e+00 1.9592999999999999e-01
1.0093700000000001e+00 1.9589999999999999e-01
1.0109399999999999e+00 1.9587399999999999e-01
1.0125000000000000e+00 1.9585300000000000e-01
1.0140600000000000e+00 1.9583700000000001e-01
1.0156200000000000e+00 1.9582500000000000e-01
1.0171900000000000e+00 1.9581799999999999e-01
1.0187500000000000e+00 1.9581699999999999e-01
1.0203100000000001e+00 1.9581999999999999e-01
1.0218799999999999e+00 1.9582800000000000e-01
1.0234399999999999e+00 1.9584099999999999e-01
1.0249999999999999e+00 1.9586000000000001e-01
1.0265599999999999e+00 1.9588700000000001e-01
1.0281300000000000e+00 1.9591800000000001e-01
1.0296900000000000e+00 1.9595399999999999e-01
1.0312500000000000e+00 1.9599500000000000e-01
1.0328100000000000e+00 1.9603499999999999e-01
1.0343700000000000e+00 1.9607700000000000e-01
1.0359400000000001e+00 1.9612199999999999e-01
1.0375000000000001e+00 1.9616700000000001e-01
1.0390600000000001e+00 1.9621300000000000e-01
1.0406200000000001e+00 1.9625799999999999e-01
1.0421899999999999e+00 1.9630200000000000e-01
1.0437500000000000e+00 1.9634399999999999e-01
1.0453100000000000e+00 1.9638300000000000e-01
1.0468700000000000e+00 1.9641900000000001e-01
1.0484400000000000e+00 1.9645000000000001e-01
1.0500000000000000e+00 1.9647700000000001e-01
1.0515600000000001e+00 1.9649600000000000e-01
1.0531299999999999e+00 1.9650999999999999e-01
1.0546899999999999e+00 1.9651800000000000e-01
1.0562499999999999e+00 1.9652100000000000e-01
1.0578099999999999e+00 1.9652000000000000e-01
1.0593800000000000e+00 1.9650899999999999e-01
1.0609400000000000e+00 1.9649900000000001e-01
1.0625000000000000e+00 1.9648699999999999e-01
1.0640600000000000e+00 1.9646500000000000e-01
1.0656200000000000e+00 1.9643800000000000e-01
1.0671900000000001e+00 1.9640700000000000e-01
1.0687500000000001e+00 1.9637099999999999e-01
1.0703100000000001e+00 1.9633100000000001e-01
1.0718700000000001e+00 1.9628899999999999e-01
1.0734399999999999e+00 1.9624400000000000e-01
1.0750000000000000e+00 1.9619800000000001e-01
1.0765600000000000e+00 1.9614999999999999e-01
1.0781200000000000e+00 1.9610300000000000e-01
1.0796900000000000e+00 1.9605600000000001e-01
1.0812500000000000e+00 1.9600899999999999e-01
1.0828100000000001e+00 1.9596300000000000e-01
1.0843799999999999e+00 1.9591900000000001e-01
1.0859399999999999e+00 1.9587700000000000e-01
1.0874999999999999e+00 1.9583800000000001e-01
1.0890599999999999e+00 1.9580100000000000e-01
1.0906300000000000e+00 1.9576900000000000e-01
1.0921900000000000e+00 1.9574000000000000e-01
1.0937500000000000e+00 1.9573699999999999e-01
1.0953100000000000e+00 1.9571400000000000e-01
1.0968700000000000e+00 1.9570100000000001e-01
1.0984400000000001e+00 1.9569200000000000e-01
1.1000000000000001e+00 1.9568900000000000e-01
1.1015600000000001e+00 1.9569000000000000e-01
1.1031200000000001e+00 1.9569500000000001e-01
1.1046899999999999e+00 1.9570599999999999e-01
1.1062500000000000e+00 1.9572100000000001e-01
1.1078100000000000e+00 1.9573900000000000e-01
1.1093700000000000e+00 1.9576199999999999e-01
1.1109400000000000e+00 1.9578799999999999e-01
1.1125000000000000e+00 1.9581799999999999e-01
1.1140600000000001e+00 1.9584900000000000e-01
1.1156299999999999e+00 1.9588300000000000e-01
1.1171899999999999e+00 1.9591700000000001e-01
1.1187499999999999e+00 1.9595199999999999e-01
1.1203099999999999e+00 1.9598699999999999e-01
1.1218800000000000e+00 1.9602000000000000e-01
1.1234400000000000e+00 1.9605200000000000e-01
1.1250000000000000e+00 1.9609799999999999e-01
1.1265600000000000e+00 1.9612399999999999e-01
1.1281200000000000e+00 1.9614699999999999e-01
1.1296900000000001e+00 1.9616800000000001e-01
1.1312500000000001e+00 1.9618400000000000e-01
1.1328100000000001e+00 1.9619800000000001e-01
1.1343700000000001e+00 1.9620699999999999e-01
1.1359399999999999e+00 1.9621300000000000e-01
1.1375000000000000e+00 1.9621400000000000e-01
1.1390600000000000e+00 1.9621200000000000e-01
1.1406200000000000e+00 1.9620599999999999e-01
1.1421900000000000e+00 1.9619600000000001e-01
1.1437500000000000e+00 1.9618300000000000e-01
1.1453100000000001e+00 1.9616700000000001e-01
1.1468799999999999e+00 1.9614699999999999e-01
1.1484399999999999e+00 1.9612599999999999e-01
1.1499999999999999e+00 1.9610200000000000e-01
1.1515599999999999e+00 1.9607600000000000e-01
1.1531300000000000e+00 1.9604900000000000e-01
1.1546900000000000e+00 1.9602100000000000e-01
1.1562500000000000e+00 1.9600300000000001e-01
1.1578100000000000e+00 1.9597100000000001e-01
1.1593700000000000e+00 1.9594100000000000e-01
1.1609400000000001e+00 1.9591200000000000e-01
1.1625000000000001e+00 1.9588400000000000e-01
1.1640600000000001e+00 1.9585800000000000e-01
1.1656200000000001e+00 1.9583400000000001e-01
1.1671899999999999e+00 1.9581200000000001e-01
1.1687500000000000e+00 1.9579199999999999e-01
1.1703100000000000e+00 1.9577500000000000e-01
1.1718700000000000e+00 1.9575899999999999e-01
1.1734400000000000e+00 1.9574700000000000e-01
1.1750000000000000e+00 1.9573800000000000e-01
1.1765600000000001e+00 1.9573299999999999e-01
1.1781299999999999e+00 1.9573299999999999e-01
1.1796899999999999e+00 1.9573599999999999e-01
1.1812499999999999e+00 1.9574500000000000e-01
1.1828099999999999e+00 1.9575699999999999e-01
1.1843800000000000e+00 1.9577500000000000e-01
1.1859400000000000e+00 1.9579700000000000e-01
1.1875000000000000e+00 1.9583000000000000e-01
1.1890600000000000e+00 1.9585400000000000e-01
1.1906200000000000e+00 1.9588100000000000e-01
1.1921900000000001e+00 1.9591100000000000e-01
1.1937500000000001e+00 1.9594300000000001e-01
1.1953100000000001e+00 1.9597800000000001e-01
1.1968700000000001e+00 1.9601299999999999e-01
1.1984399999999999e+00 1.9605000000000000e-01
1.2000000000000000e+00 1.9609099999999999e-01
1.2015600000000000e+00 1.9612700000000000e-01
1.2031200000000000e+00 1.9616100000000000e-01
1.2046900000000000e+00 1.9619400000000001e-01
1.2062500000000000e+00 1.9622600000000001e-01
1.2078100000000001e+00 1.9625600000000001e-01
1.2093799999999999e+00 1.9628200000000001e-01
1.2109399999999999e+00 1.9630600000000001e-01
1.2124999999999999e+00 1.9632700000000000e-01
1.2140599999999999e+00 1.9634299999999999e-01
1.2156300000000000e+00 1.9635400000000000e-01
1.2171900000000000e+00 1.9636200000000001e-01
1.2187500000000000e+00 1.9636400000000001e-01
1.2203100000000000e+00 1.9636899999999999e-01
1.2218700000000000e+00 1.9636899999999999e-01
1.2234400000000001e+00 1.9636500000000001e-01
1.2250000000000001e+00 1.9635700000000000e-01
1.2265600000000001e+00 1.9634399999999999e-01
1.2281200000000001e+00 1.9632900000000000e-01
1.2296899999999999e+00 1.9630900000000001e-01
1.2312500000000000e+00 1.9628699999999999e-01
1.2328100000000000e+00 1.9626099999999999e-01
1.2343700000000000e+00 1.9623299999999999e-01
1.2359400000000000e+00 1.9620299999999999e-01
1.2375000000000000e+00 1.9617200000000001e-01
1.2390600000000001e+00 1.9614000000000001e-01
1.2406299999999999e+00 1.9610700000000000e-01
1.2421899999999999e+00 1.9607500000000000e-01
1.2437499999999999e+00 1.9604400000000000e-01
1.2453099999999999e+00 1.9601199999999999e-01
1.2468800000000000e+00 1.9598099999999999e-01
1.2484400000000000e+00 1.9595000000000001e-01
1.2500000000000000e+00 1.9594900000000001e-01
1.2515600000000000e+00 1.9591200000000000e-01
1.2531200000000000e+00 1.9591400000000000e-01
1.2546900000000001e+00 1.9589000000000001e-01
1.2562500000000001e+00 1.9586899999999999e-01
1.2578100000000001e+00 1.9585000000000000e-01
1.2593700000000001e+00 1.9583500000000001e-01
1.2609399999999999e+00 1.9582200000000000e-01
1.2625000000000000e+00 1.9581399999999999e-01
1.2640600000000000e+00 1.9581299999999999e-01
1.2656200000000000e+00 1.9581599999999999e-01
1.2671900000000000e+00 1.9582300000000000e-01
1.2687500000000000e+00 1.9583400000000001e-01
1.2703100000000001e+00 1.9584799999999999e-01
1.2718799999999999e+00 1.9586600000000001e-01
1.2734399999999999e+00 1.9588800000000001e-01
1.2749999999999999e+00 1.9591300000000000e-01
1.2765599999999999e+00 1.9594100000000000e-01
1.2781300000000000e+00 1.9597100000000001e-01
1.2796900000000000e+00 1.9600400000000001e-01
1.2812500000000000e+00 1.9602600000000001e-01
1.2828100000000000e+00 1.9605700000000001e-01
1.2843700000000000e+00 1.9609199999999999e-01
1.2859400000000001e+00 1.9612700000000000e-01
1.2875000000000001e+00 1.9616300000000000e-01
1.2890600000000001e+00 1.9619800000000001e-01
1.2906200000000001e+00 1.9623299999999999e-01
1.2921899999999999e+00 1.9626800000000000e-01
1.2937500000000000e+00 1.9630300000000001e-01
1.2953100000000000e+00 1.9633600000000001e-01
1.2968700000000000e+00 1.9636899999999999e-01
1.2984400000000000e+00 1.9639999999999999e-01
1.3000000000000000e+00 1.9642999999999999e-01
1.3015600000000001e+00 1.9645699999999999e-01
1.3031299999999999e+00 1.9648199999999999e-01
1.3046899999999999e+00 1.9650500000000001e-01
1.3062499999999999e+00 1.9652500000000001e-01
1.3078099999999999e+00 1.9654400000000000e-01
1.3093800000000000e+00 1.9655900000000001e-01
1.3109400000000000e+00 1.9656899999999999e-01
1.3125000000000000e+00 1.9653100000000001e-01
1.3140600000000000e+00 1.9655900000000001e-01
1.3156200000000000e+00 1.9656000000000001e-01
1.3171900000000001e+00 1.9655700000000001e-01
1.3187500000000001e+00 1.9655000000000000e-01
1.3203100000000001e+00 1.9653999999999999e-01
1.3218700000000001e+00 1.9652600000000001e-01
1.3234399999999999e+00 1.9650799999999999e-01
1.3250000000000000e+00 1.9648599999999999e-01
1.3265600000000000e+00 1.9646200000000000e-01
1.3281200000000000e+00 1.9643400000000000e-01
1.3296900000000000e+00 1.9640400000000000e-01
1.3312500000000000e+00 1.9636999999999999e-01
1.3328100000000001e+00 1.9633500000000001e-01
1.3343799999999999e+00 1.9629800000000000e-01
1.3359399999999999e+00 1.9625999999999999e-01
1.3374999999999999e+00 1.9622200000000001e-01
1.3390599999999999e+00 1.9618300000000000e-01
1.3406300000000000e+00 1.9614899999999999e-01
1.3421900000000000e+00 1.9611600000000001e-01
1.3437500000000000e+00 1.9609199999999999e-01
1.3453100000000000e+00 1.9605700000000001e-01
1.3468700000000000e+00 1.9602900000000001e-01
1.3484400000000001e+00 1.9600300000000001e-01
1.3500000000000001e+00 1.9597899999999999e-01
1.3515600000000001e+00 1.9595799999999999e-01
1.3531200000000001e+00 1.9593900000000000e-01
1.3546899999999999e+00 1.9592300000000001e-01
1.3562500000000000e+00 1.9591000000000000e-01
1.3578100000000000e+00 1.9589999999999999e-01
1.3593700000000000e+00 1.9589400000000001e-01
1.3609400000000000e+00 1.9589200000000001e-01
1.3625000000000000e+00 1.9589200000000001e-01
1.3640600000000001e+00 1.9589599999999999e-01
1.3656299999999999e+00 1.9590199999999999e-01
1.3671899999999999e+00 1.9591000000000000e-01
1.3687499999999999e+00 1.9592000000000001e-01
1.3703099999999999e+00 1.9593200000000000e-01
1.3718800000000000e+00 1.9594600000000001e-01
1.3734400000000000e+00 1.9596000000000000e-01
1.3750000000000000e+00 1.9597200000000001e-01
1.3765600000000000e+00 1.9598599999999999e-01
1.3781200000000000e+00 1.9600300000000001e-01
1.3796900000000001e+00 1.9602000000000000e-01
1.3812500000000001e+00 1.9603799999999999e-01
1.3828100000000001e+00 1.9605700000000001e-01
1.3843700000000001e+00 1.9607500000000000e-01
1.3859399999999999e+00 1.9609399999999999e-01
1.3875000000000000e+00 1.9611300000000001e-01
1.3890600000000000e+00 1.9613200000000000e-01
1.3906200000000000e+00 1.9615099999999999e-01
1.3921900000000000e+00 1.9616900000000001e-01
1.3937500000000000e+00 1.9618800000000000e-01
1.3953100000000001e+00 1.9620599999999999e-01
1.3968799999999999e+00 1.9622200000000001e-01
1.3984399999999999e+00 1.9623699999999999e-01
1.3999999999999999e+00 1.9625100000000001e-01
1.4015599999999999e+00 1.9626199999999999e-01
1.4031300000000000e+00 1.9627200000000000e-01
1.4046900000000000e+00 1.9628000000000001e-01
1.4062500000000000e+00 1.9630000000000000e-01
1.4078100000000000e+00 1.9630700000000001e-01
1.4093700000000000e+00 1.9631000000000001e-01
1.4109400000000001e+00 1.9631100000000001e-01
1.4125000000000001e+00 1.9630300000000001e-01
1.4140600000000001e+00 1.9630000000000000e-01
1.4156200000000001e+00 1.9629400000000000e-01
1.4171899999999999e+00 1.9628599999999999e-01
1.4187500000000000e+00 1.9627700000000001e-01
1.4203100000000000e+00 1.9626399999999999e-01
1.4218700000000000e+00 1.9625000000000001e-01
1.4234400000000000e+00 1.9623499999999999e-01
1.4250000000000000e+00 1.9621700000000000e-01
1.4265600000000001e+00 1.9619900000000001e-01
1.4281299999999999e+00 1.9617899999999999e-01
1.4296899999999999e+00 1.9615900000000000e-01
1.4312499999999999e+00 1.9613900000000001e-01
1.4328099999999999e+00 1.9611799999999999e-01
1.4343800000000000e+00 1.9609799999999999e-01
1.4359400000000000e+00 1.9607700000000000e-01
1.4375000000000000e+00 1.9606899999999999e-01
1.4390600000000000e+00 1.9603400000000001e-01
1.4406200000000000e+00 1.9601199999999999e-01
1.4421900000000001e+00 1.9599000000000000e-01
1.4437500000000001e+00 1.9596900000000000e-01
1.4453100000000001e+00 1.9594900000000001e-01
1.4468700000000001e+00 1.9593200000000000e-01
1.4484399999999999e+00 1.9593700000000000e-01
1.4500000000000000e+00 1.9592100000000001e-01
1.4515600000000000e+00 1.9590700000000000e-01
1.4531200000000000e+00 1.9589300000000001e-01
1.4546900000000000e+00 1.9588200000000000e-01
1.4562500000000000e+00 1.9587199999999999e-01
1.4578100000000001e+00 1.9586400000000001e-01
1.4593799999999999e+00 1.9585700000000000e-01
1.4609399999999999e+00 1.9585200000000000e-01
1.4624999999999999e+00 1.9584799999999999e-01
1.4640599999999999e+00 1.9584499999999999e-01
1.4656300000000000e+00 1.9584299999999999e-01
1.4671900000000000e+00 1.9584299999999999e-01
1.4687500000000000e+00 1.9585300000000000e-01
1.4703100000000000e+00 1.9585400000000000e-01
1.4718700000000000e+00 1.9585800000000000e-01
1.4734400000000001e+00 1.9586200000000001e-01
1.4750000000000001e+00 1.9586799999999999e-01
1.4765600000000001e+00 1.9587499999999999e-01
1.4781200000000001e+00 1.9588300000000000e-01
1.4796899999999999e+00 1.9589200000000001e-01
1.4812500000000000e+00 1.9590099999999999e-01
1.4828100000000000e+00 1.9591100000000000e-01
1.4843700000000000e+00 1.9592100000000001e-01
1.4859400000000000e+00 1.9593200000000000e-01
1.4875000000000000e+00 1.9594400000000001e-01
1.4890600000000001e+00 1.9595499999999999e-01
1.4906299999999999e+00 1.9596600000000000e-01
1.4921899999999999e+00 1.9597800000000001e-01
1.4937499999999999e+00 1.9598900000000000e-01
1.4953099999999999e+00 1.9599900000000001e-01
1.4968800000000000e+00 1.9600899999999999e-01
1.4984400000000000e+00 1.9601900000000000e-01
1.5000000000000000e+00 1.9603899999999999e-01
1.5015600000000000e+00 1.9604400000000000e-01
1.5031200000000000e+00 1.9605000000000000e-01
1.5046900000000001e+00 1.9605500000000001e-01
1.5062500000000001e+00 1.9605900000000001e-01
1.5078100000000001e+00 1.9606199999999999e-01
1.5093700000000001e+00 1.9606499999999999e-01
1.5109399999999999e+00 1.9606599999999999e-01
1.5125000000000000e+00 1.9606599999999999e-01
1.5140600000000000e+00 1.9606399999999999e-01
1.5156200000000000e+00 1.9606199999999999e-01
1.5171900000000000e+00 1.9605800000000001e-01
1.5187500000000000e+00 1.9605300000000001e-01
1.5203100000000001e+00 1.9604500000000000e-01
1.5218799999999999e+00 1.9603599999999999e-01
1.5234399999999999e+00 1.9602500000000000e-01
1.5249999999999999e+00 1.9601299999999999e-01
1.5265599999999999e+00 1.9600100000000001e-01
1.5281300000000000e+00 1.9598800000000000e-01
1.5296900000000000e+00 1.9597600000000001e-01
1.5312500000000000e+00 1.9599000000000000e-01
1.5328100000000000e+00 1.9597899999999999e-01
1.5343700000000000e+00 1.9599200000000000e-01
1.5359400000000001e+00 1.9598199999999999e-01
1.5375000000000001e+00 1.9597200000000001e-01
1.5390600000000001e+00 1.9596100000000000e-01
1.5406200000000001e+00 1.9595099999999999e-01
1.5421899999999999e+00 1.9594100000000000e-01
1.5437500000000000e+00 1.9593099999999999e-01
1.5453100000000000e+00 1.9592300000000001e-01
1.5468700000000000e+00 1.9591700000000001e-01
1.5484400000000000e+00 1.9591200000000000e-01
1.5500000000000000e+00 1.9590900000000000e-01
1.5515600000000001e+00 1.9590900000000000e-01
1.5531299999999999e+00 1.9590900000000000e-01
1.5546899999999999e+00 1.9591100000000000e-01
1.5562499999999999e+00 1.9591400000000000e-01
1.5578099999999999e+00 1.9591900000000001e-01
1.5593800000000000e+00 1.9592399999999999e-01
1.5609400000000000e+00 1.9593099999999999e-01
1.5625000000000000e+00 1.9591300000000000e-01
1.5640600000000000e+00 1.9592100000000001e-01
1.5656200000000000e+00 1.9592899999999999e-01
1.5671900000000001e+00 1.9593900000000000e-01
1.5687500000000001e+00 1.9595000000000001e-01
1.5703100000000001e+00 1.9596200000000000e-01
1.5718700000000001e+00 1.9597400000000001e-01
1.5734399999999999e+00 1.9598699999999999e-01
1.5750000000000000e+00 1.9600100000000001e-01
1.5765600000000000e+00 1.9601499999999999e-01
1.5781200000000000e+00 1.9602900000000001e-01
1.5796900000000000e+00 1.9604400000000000e-01
1.5812500000000000e+00 1.9605800000000001e-01
1.5828100000000001e+00 1.9607200000000000e-01
1.5843799999999999e+00 1.9608600000000001e-01
1.5859399999999999e+00 1.9609799999999999e-01
1.5874999999999999e+00 1.9611000000000001e-01
1.5890599999999999e+00 1.9612099999999999e-01
1.5906300000000000e+00 1.9613000000000000e-01
1.5921900000000000e+00 1.9613900000000001e-01
1.5937500000000000e+00 1.9614999999999999e-01
1.5953100000000000e+00 1.9615900000000000e-01
1.5968700000000000e+00 1.9616700000000001e-01
1.5984400000000001e+00 1.9617399999999999e-01
1.6000000000000001e+00 1.9617899999999999e-01
1.6015600000000001e+00 1.9618300000000000e-01
1.6031200000000001e+00 1.9618500000000000e-01
1.6046899999999999e+00 1.9618600000000000e-01
1.6062500000000000e+00 1.9618600000000000e-01
1.6078100000000000e+00 1.9618800000000000e-01
1.6093700000000000e+00 1.9618600000000000e-01
1.6109400000000000e+00 1.9618300000000000e-01
1.6125000000000000e+00 1.9617799999999999e-01
1.6140600000000001e+00 1.9617100000000001e-01
1.6156299999999999e+00 1.9616300000000000e-01
1.6171899999999999e+00 1.9615400000000000e-01
1.6187499999999999e+00 1.9614300000000001e-01
1.6203099999999999e+00 1.9613100000000000e-01
1.6218800000000000e+00 1.9611799999999999e-01
1.6234400000000000e+00 1.9610400000000000e-01
1.6250000000000000e+00 1.9608900000000001e-01
1.6265600000000000e+00 1.9607500000000000e-01
1.6281200000000000e+00 1.9606000000000001e-01
1.6296900000000001e+00 1.9604500000000000e-01
1.6312500000000001e+00 1.9603000000000001e-01
1.6328100000000001e+00 1.9601399999999999e-01
1.6343700000000001e+00 1.9599800000000001e-01
1.6359399999999999e+00 1.9598199999999999e-01
1.6375000000000000e+00 1.9596600000000000e-01
1.6390600000000000e+00 1.9595000000000001e-01
1.6406200000000000e+00 1.9593500000000000e-01
1.6421900000000000e+00 1.9592100000000001e-01
1.6437500000000000e+00 1.9590800000000000e-01
1.6453100000000001e+00 1.9589699999999999e-01
1.6468799999999999e+00 1.9588700000000001e-01
1.6484399999999999e+00 1.9587800000000000e-01
1.6499999999999999e+00 1.9587199999999999e-01
1.6515599999999999e+00 1.9586999999999999e-01
1.6531300000000000e+00 1.9586999999999999e-01
1.6546900000000000e+00 1.9587199999999999e-01
1.6562500000000000e+00 1.9591900000000001e-01
1.6578100000000000e+00 1.9590800000000000e-01
1.6593700000000000e+00 1.9591200000000000e-01
1.6609400000000001e+00 1.9591900000000001e-01
1.6625000000000001e+00 1.9592799999999999e-01
1.6640600000000001e+00 1.9594000000000000e-01
1.6656200000000001e+00 1.9595399999999999e-01
1.6671899999999999e+00 1.9597100000000001e-01
1.6687500000000000e+00 1.9598900000000000e-01
1.6703100000000000e+00 1.9600899999999999e-01
1.6718700000000000e+00 1.9603200000000001e-01
1.6734400000000000e+00 1.9605500000000001e-01
1.6750000000000000e+00 1.9607900000000000e-01
1.6765600000000001e+00 1.9610400000000000e-01
1.6781299999999999e+00 1.9612900000000000e-01
1.6796899999999999e+00 1.9615500000000000e-01
1.6812499999999999e+00 1.9617999999999999e-01
1.6828099999999999e+00 1.9620599999999999e-01
1.6843800000000000e+00 1.9623099999999999e-01
1.6859400000000000e+00 1.9625699999999999e-01
1.6875000000000000e+00 1.9625300000000001e-01
1.6890600000000000e+00 1.9627300000000000e-01
1.6906200000000000e+00 1.9629700000000000e-01
1.6921900000000001e+00 1.9632100000000000e-01
1.6937500000000001e+00 1.9634599999999999e-01
1.6953100000000001e+00 1.9636999999999999e-01
1.6968700000000001e+00 1.9639400000000001e-01
1.6984399999999999e+00 1.9641700000000001e-01
1.7000000000000000e+00 1.9644000000000000e-01
1.7015600000000000e+00 1.9646100000000000e-01
1.7031200000000000e+00 1.9647999999999999e-01
1.7046900000000000e+00 1.9649600000000000e-01
1.7062500000000000e+00 1.9650999999999999e-01
1.7078100000000001e+00 1.9652200000000000e-01
1.7093799999999999e+00 1.9653000000000001e-01
1.7109399999999999e+00 1.9653399999999999e-01
1.7124999999999999e+00 1.9653599999999999e-01
1.7140599999999999e+00 1.9653399999999999e-01
1.7156300000000000e+00 1.9653000000000001e-01
1.7171900000000000e+00 1.9650200000000001e-01
1.7187500000000000e+00 1.9649000000000000e-01
1.7203100000000000e+00 1.9647999999999999e-01
1.7218700000000000e+00 1.9646800000000000e-01
1.7234400000000001e+00 1.9645299999999999e-01
1.7250000000000001e+00 1.9643500000000000e-01
1.7265600000000001e+00 1.9641600000000001e-01
1.7281200000000001e+00 1.9639400000000001e-01
1.7296899999999999e+00 1.9636999999999999e-01
1.7312500000000000e+00 1.9634399999999999e-01
1.7328100000000000e+00 1.9631699999999999e-01
1.7343700000000000e+00 1.9628899999999999e-01
1.7359400000000000e+00 1.9625899999999999e-01
1.7375000000000000e+00 1.9622800000000001e-01
1.7390600000000001e+00 1.9619600000000001e-01
1.7406299999999999e+00 1.9616400000000001e-01
1.7421899999999999e+00 1.9613000000000000e-01
1.7437499999999999e+00 1.9609799999999999e-01
1.7453099999999999e+00 1.9606599999999999e-01
1.7468800000000000e+00 1.9603499999999999e-01
1.7484400000000000e+00 1.9600400000000001e-01
1.7500000000000000e+00 1.9599600000000000e-01
1.7515600000000000e+00 1.9597600000000001e-01
1.7531200000000000e+00 1.9594700000000001e-01
1.7546900000000001e+00 1.9592000000000001e-01
1.7562500000000001e+00 1.9589400000000001e-01
1.7578100000000001e+00 1.9586899999999999e-01
1.7593700000000001e+00 1.9584699999999999e-01
1.7609399999999999e+00 1.9582800000000000e-01
1.7625000000000000e+00 1.9581200000000001e-01
1.7640600000000000e+00 1.9580000000000000e-01
1.7656200000000000e+00 1.9579099999999999e-01
1.7671900000000000e+00 1.9578499999999999e-01
1.7687500000000000e+00 1.9578300000000001e-01
1.7703100000000001e+00 1.9578499999999999e-01
1.7718799999999999e+00 1.9579099999999999e-01
1.7734399999999999e+00 1.9580000000000000e-01
1.7749999999999999e+00 1.9581299999999999e-01
1.7765599999999999e+00 1.9583000000000000e-01
1.7781300000000000e+00 1.9584900000000000e-01
1.7796900000000000e+00 1.9587099999999999e-01
1.7812500000000000e+00 1.9590399999999999e-01
1.7828100000000000e+00 1.9592300000000001e-01
1.7843700000000000e+00 1.9594900000000001e-01
1.7859400000000001e+00 1.9597800000000001e-01
1.7875000000000001e+00 1.9600899999999999e-01
1.7890600000000001e+00 1.9604199999999999e-01
1.7906200000000001e+00 1.9607600000000000e-01
1.7921899999999999e+00 1.9611200000000001e-01
1.7937500000000000e+00 1.9614899999999999e-01
1.7953100000000000e+00 1.9618600000000000e-01
1.7968700000000000e+00 1.9622300000000001e-01
1.7984400000000000e+00 1.9626099999999999e-01
1.8000000000000000e+00 1.9629900000000000e-01
1.8015600000000001e+00 1.9633700000000001e-01
1.8031299999999999e+00 1.9637499999999999e-01
1.8046899999999999e+00 1.9641200000000000e-01
1.8062499999999999e+00 1.9644900000000001e-01
1.8078099999999999e+00 1.9648499999999999e-01
1.8093800000000000e+00 1.9651900000000000e-01
1.8109400000000000e+00 1.9655200000000000e-01
1.8125000000000000e+00 1.9651600000000000e-01
1.8140600000000000e+00 1.9656000000000001e-01
1.8156200000000000e+00 1.9658600000000001e-01
1.8171900000000001e+00 1.9660900000000001e-01
1.8187500000000001e+00 1.9662900000000000e-01
1.8203100000000001e+00 1.9664799999999999e-01
1.8218700000000001e+00 1.9666300000000000e-01
1.8234399999999999e+00 1.9667599999999999e-01
1.8250000000000000e+00 1.9668500000000000e-01
1.8265600000000000e+00 1.9669100000000000e-01
1.8281200000000000e+00 1.9669100000000000e-01
1.8296900000000000e+00 1.9661100000000001e-01
1.8312500000000000e+00 1.9660400000000000e-01
1.8328100000000001e+00 1.9659399999999999e-01
1.8343799999999999e+00 1.9658000000000000e-01
1.8359399999999999e+00 1.9656100000000001e-01
1.8374999999999999e+00 1.9653899999999999e-01
1.8390599999999999e+00 1.9651500000000000e-01
1.8406300000000000e+00 1.9648699999999999e-01
1.8421900000000000e+00 1.9645699999999999e-01
1.8437500000000000e+00 1.9642999999999999e-01
1.8453100000000000e+00 1.9639799999999999e-01
1.8468700000000000e+00 1.9636400000000001e-01
1.8484400000000001e+00 1.9632700000000000e-01
1.8500000000000001e+00 1.9628899999999999e-01
1.8515600000000001e+00 1.9624900000000001e-01
1.8531200000000001e+00 1.9620899999999999e-01
1.8546899999999999e+00 1.9616800000000001e-01
1.8562500000000000e+00 1.9612599999999999e-01
1.8578100000000000e+00 1.9608700000000001e-01
1.8593700000000000e+00 1.9604400000000000e-01
1.8609400000000000e+00 1.9600200000000001e-01
1.8625000000000000e+00 1.9596200000000000e-01
1.8640600000000001e+00 1.9592200000000001e-01
1.8656299999999999e+00 1.9588400000000000e-01
1.8671899999999999e+00 1.9584699999999999e-01
1.8687499999999999e+00 1.9581100000000001e-01
1.8703099999999999e+00 1.9577700000000001e-01
1.8718800000000000e+00 1.9574400000000000e-01
1.8734400000000000e+00 1.9571300000000000e-01
1.8750000000000000e+00 1.9571900000000000e-01
1.8765600000000000e+00 1.9567100000000001e-01
1.8781200000000000e+00 1.9564799999999999e-01
1.8796900000000001e+00 1.9562800000000000e-01
1.8812500000000001e+00 1.9561500000000001e-01
1.8828100000000001e+00 1.9560400000000000e-01
1.8843700000000001e+00 1.9559699999999999e-01
1.8859399999999999e+00 1.9559299999999999e-01
1.8875000000000000e+00 1.9559299999999999e-01
1.8890600000000000e+00 1.9559799999999999e-01
1.8906200000000000e+00 1.9560600000000000e-01
1.8921900000000000e+00 1.9561799999999999e-01
1.8937500000000000e+00 1.9563400000000000e-01
1.8953100000000001e+00 1.9565299999999999e-01
1.8968799999999999e+00 1.9567699999999999e-01
1.8984399999999999e+00 1.9570399999999999e-01
1.8999999999999999e+00 1.9573399999999999e-01
1.9015599999999999e+00 1.9576600000000000e-01
1.9031300000000000e+00 1.9580200000000000e-01
1.9046900000000000e+00 1.9583999999999999e-01
1.9062500000000000e+00 1.9591500000000001e-01
1.9078100000000000e+00 1.9594900000000001e-01
1.9093700000000000e+00 1.9598599999999999e-01
1.9109400000000001e+00 1.9602600000000001e-01
1.9125000000000001e+00 1.9606699999999999e-01
1.9140600000000001e+00 1.9610900000000001e-01
1.9156200000000001e+00 1.9615400000000000e-01
1.9171899999999999e+00 1.9619800000000001e-01
1.9187500000000000e+00 1.9624300000000000e-01
1.9203100000000000e+00 1.9628699999999999e-01
1.9218700000000000e+00 1.9633100000000001e-01
1.9234400000000000e+00 1.9637299999999999e-01
1.9250000000000000e+00 1.9641400000000001e-01
1.9265600000000001e+00 1.9645299999999999e-01
1.9281299999999999e+00 1.9649000000000000e-01
1.9296899999999999e+00 1.9652500000000001e-01
1.9312499999999999e+00 1.9655700000000001e-01
1.9328099999999999e+00 1.9658800000000001e-01
1.9343800000000000e+00 1.9661500000000001e-01
1.9359400000000000e+00 1.9664000000000001e-01
1.9375000000000000e+00 1.9659799999999999e-01
1.9390600000000000e+00 1.9663900000000001e-01
1.9406200000000000e+00 1.9665600000000000e-01
1.9421900000000001e+00 1.9667000000000001e-01
1.9437500000000001e+00 1.9668099999999999e-01
1.9453100000000001e+00 1.9668800000000000e-01
1.9468700000000001e+00 1.9669000000000000e-01
1.9484399999999999e+00 1.9663200000000000e-01
1.9500000000000000e+00 1.9662499999999999e-01
1.9515600000000000e+00 1.9661600000000001e-01
1.9531200000000000e+00 1.9660300000000000e-01
1.9546900000000000e+00 1.9658700000000001e-01
1.9562500000000000e+00 1.9656799999999999e-01
1.9578100000000001e+00 1.9654600000000000e-01
1.9593799999999999e+00 1.9652100000000000e-01
1.9609399999999999e+00 1.9649200000000000e-01
1.9624999999999999e+00 1.9646100000000000e-01
1.9640599999999999e+00 1.9642699999999999e-01
1.9656300000000000e+00 1.9639100000000001e-01
1.9671900000000000e+00 1.9635300000000000e-01
1.9687500000000000e+00 1.9631299999999999e-01
1.9703100000000000e+00 1.9627400000000000e-01
1.9718700000000000e+00 1.9623299999999999e-01
1.9734400000000001e+00 1.9619000000000000e-01
1.9750000000000001e+00 1.9614699999999999e-01
1.9765600000000001e+00 1.9610300000000000e-01
1.9781200000000001e+00 1.9605900000000001e-01
1.9796899999999999e+00 1.9601199999999999e-01
1.9812500000000000e+00 1.9596800000000000e-01
1.9828100000000000e+00 1.9592399999999999e-01
1.9843700000000000e+00 1.9588100000000000e-01
1.9859400000000000e+00 1.9583900000000001e-01
1.9875000000000000e+00 1.9579900000000000e-01
1.9890600000000001e+00 1.9576199999999999e-01
1.9906299999999999e+00 1.9572600000000001e-01
1.9921899999999999e+00 1.9569300000000001e-01
1.9937499999999999e+00 1.9566300000000000e-01
1.9953099999999999e+00 1.9563500000000000e-01
1.9968800000000000e+00 1.9560900000000001e-01
1.9984400000000000e+00 1.9558000000000000e-01
2.0000000000000000e+00 1.9559699999999999e-01
2.0015600000000000e+00 1.9558600000000001e-01
2.0031200000000000e+00 1.9557200000000000e-01
2.0046900000000001e+00 1.9556000000000001e-01
2.0062500000000001e+00 1.9555200000000000e-01
2.0078100000000001e+00 1.9554700000000000e-01
2.0093800000000002e+00 1.9554600000000000e-01
2.0109400000000002e+00 1.9554800000000000e-01
2.0125000000000002e+00 1.9555300000000000e-01
2.0140600000000002e+00 1.9556100000000001e-01
2.0156200000000002e+00 1.9557300000000000e-01
2.0171899999999998e+00 1.9558700000000001e-01
2.0187499999999998e+00 1.9560400000000000e-01
2.0203099999999998e+00 1.9562399999999999e-01
2.0218699999999998e+00 1.9564699999999999e-01
2.0234399999999999e+00 1.9567200000000001e-01
2.0249999999999999e+00 1.9570100000000001e-01
2.0265599999999999e+00 1.9573199999999999e-01
2.0281300000000000e+00 1.9576499999999999e-01
2.0296900000000000e+00 1.9580200000000000e-01
2.0312500000000000e+00 1.9586999999999999e-01
2.0328100000000000e+00 1.9589999999999999e-01
2.0343700000000000e+00 1.9593700000000000e-01
2.0359400000000001e+00 1.9597700000000001e-01
2.0375000000000001e+00 1.9601600000000000e-01
2.0390600000000001e+00 1.9606000000000001e-01
2.0406300000000002e+00 1.9610400000000000e-01
2.0421900000000002e+00 1.9614799999999999e-01
2.0437500000000002e+00 1.9619300000000001e-01
2.0453100000000002e+00 1.9623800000000000e-01
2.0468700000000002e+00 1.9628200000000001e-01
2.0484399999999998e+00 1.9632500000000000e-01
2.0499999999999998e+00 1.9636700000000001e-01
2.0515599999999998e+00 1.9640800000000000e-01
2.0531199999999998e+00 1.9644600000000001e-01
2.0546899999999999e+00 1.9648299999999999e-01
2.0562499999999999e+00 1.9650200000000001e-01
2.0578099999999999e+00 1.9653200000000001e-01
2.0593800000000000e+00 1.9656000000000001e-01
2.0609400000000000e+00 1.9658500000000001e-01
2.0625000000000000e+00 1.9656699999999999e-01
2.0640600000000000e+00 1.9658500000000001e-01
2.0656200000000000e+00 1.9660100000000000e-01
2.0671900000000001e+00 1.9661200000000001e-01
2.0687500000000001e+00 1.9661899999999999e-01
2.0703100000000001e+00 1.9662299999999999e-01
2.0718800000000002e+00 1.9662299999999999e-01
2.0734400000000002e+00 1.9662199999999999e-01
2.0750000000000002e+00 1.9661699999999999e-01
2.0765600000000002e+00 1.9660900000000001e-01
2.0781200000000002e+00 1.9659900000000000e-01
2.0796899999999998e+00 1.9658500000000001e-01
2.0812499999999998e+00 1.9656799999999999e-01
2.0828099999999998e+00 1.9654900000000000e-01
2.0843699999999998e+00 1.9652600000000001e-01
2.0859399999999999e+00 1.9650100000000001e-01
2.0874999999999999e+00 1.9647300000000001e-01
2.0890599999999999e+00 1.9644200000000001e-01
2.0906300000000000e+00 1.9640900000000000e-01
2.0921900000000000e+00 1.9637399999999999e-01
2.0937500000000000e+00 1.9633000000000000e-01
2.0953100000000000e+00 1.9629300000000000e-01
2.0968700000000000e+00 1.9625600000000001e-01
2.0984400000000001e+00 1.9621800000000000e-01
2.1000000000000001e+00 1.9617799999999999e-01
2.1015600000000001e+00 1.9613700000000001e-01
2.1031300000000002e+00 1.9607900000000000e-01
2.1046900000000002e+00 1.9603899999999999e-01
2.1062500000000002e+00 1.9599800000000001e-01
2.1078100000000002e+00 1.9595899999999999e-01
2.1093700000000002e+00 1.9592000000000001e-01
2.1109399999999998e+00 1.9588100000000000e-01
2.1124999999999998e+00 1.9584499999999999e-01
2.1140599999999998e+00 1.9581000000000001e-01
2.1156199999999998e+00 1.9577700000000001e-01
2.1171899999999999e+00 1.9574600000000000e-01
2.1187499999999999e+00 1.9571700000000000e-01
2.1203099999999999e+00 1.9569000000000000e-01
2.1218800000000000e+00 1.9566600000000001e-01
2.1234400000000000e+00 1.9564300000000001e-01
2.1250000000000000e+00 1.9565099999999999e-01
2.1265600000000000e+00 1.9563700000000001e-01
2.1281200000000000e+00 1.9561899999999999e-01
2.1296900000000001e+00 1.9560100000000000e-01
2.1312500000000001e+00 1.9558600000000001e-01
2.1328100000000001e+00 1.9557500000000000e-01
2.1343800000000002e+00 1.9556599999999999e-01
2.1359400000000002e+00 1.9556100000000001e-01
2.1375000000000002e+00 1.9555800000000001e-01
2.1390600000000002e+00 1.9555700000000001e-01
2.1406200000000002e+00 1.9555800000000001e-01
2.1421899999999998e+00 1.9556200000000001e-01
2.1437499999999998e+00 1.9556899999999999e-01
2.1453099999999998e+00 1.9557700000000000e-01
2.1468699999999998e+00 1.9558800000000001e-01
2.1484399999999999e+00 1.9560200000000000e-01
2.1499999999999999e+00 1.9561799999999999e-01
2.1515599999999999e+00 1.9563700000000001e-01
2.1531300000000000e+00 1.9565900000000000e-01
2.1546900000000000e+00 1.9568300000000000e-01
2.1562500000000000e+00 1.9575000000000001e-01
2.1578100000000000e+00 1.9578300000000001e-01
2.1593700000000000e+00 1.9580800000000001e-01
2.1609400000000001e+00 1.9583600000000001e-01
2.1625000000000001e+00 1.9586999999999999e-01
2.1640600000000001e+00 1.9590900000000000e-01
2.1656300000000002e+00 1.9594000000000000e-01
2.1671900000000002e+00 1.9597700000000001e-01
2.1687500000000002e+00 1.9601499999999999e-01
2.1703100000000002e+00 1.9605300000000001e-01
2.1718700000000002e+00 1.9609199999999999e-01
2.1734399999999998e+00 1.9613100000000000e-01
2.1749999999999998e+00 1.9617000000000001e-01
2.1765599999999998e+00 1.9621000000000000e-01
2.1781199999999998e+00 1.9624900000000001e-01
2.1796899999999999e+00 1.9628799999999999e-01
2.1812499999999999e+00 1.9632600000000000e-01
2.1828099999999999e+00 1.9636300000000001e-01
2.1843800000000000e+00 1.9639899999999999e-01
2.1859400000000000e+00 1.9643300000000000e-01
2.1875000000000000e+00 1.9641500000000001e-01
2.1890600000000000e+00 1.9643500000000000e-01
2.1906200000000000e+00 1.9645799999999999e-01
2.1921900000000001e+00 1.9648099999999999e-01
2.1937500000000001e+00 1.9650100000000001e-01
2.1953100000000001e+00 1.9651800000000000e-01
2.1968800000000002e+00 1.9653399999999999e-01
2.1984400000000002e+00 1.9654600000000000e-01
2.2000000000000002e+00 1.9655600000000001e-01
2.2015600000000002e+00 1.9656299999999999e-01
2.2031200000000002e+00 1.9656599999999999e-01
2.2046899999999998e+00 1.9656699999999999e-01
2.2062499999999998e+00 1.9656399999999999e-01
2.2078099999999998e+00 1.9655800000000001e-01
2.2093699999999998e+00 1.9655000000000000e-01
2.2109399999999999e+00 1.9654099999999999e-01
2.2124999999999999e+00 1.9652600000000001e-01
2.2140599999999999e+00 1.9650899999999999e-01
2.2156300000000000e+00 1.9648900000000000e-01
2.2171900000000000e+00 1.9646800000000000e-01
2.2187500000000000e+00 1.9642999999999999e-01
2.2203100000000000e+00 1.9641000000000000e-01
2.2218700000000000e+00 1.9638800000000001e-01
2.2234400000000001e+00 1.9636300000000001e-01
2.2250000000000001e+00 1.9633700000000001e-01
2.2265600000000001e+00 1.9630800000000001e-01
2.2281300000000002e+00 1.9627800000000001e-01
2.2296900000000002e+00 1.9624700000000000e-01
2.2312500000000002e+00 1.9621400000000000e-01
2.2328100000000002e+00 1.9617999999999999e-01
2.2343700000000002e+00 1.9614500000000001e-01
2.2359399999999998e+00 1.9611000000000001e-01
2.2374999999999998e+00 1.9607400000000000e-01
2.2390599999999998e+00 1.9603799999999999e-01
2.2406199999999998e+00 1.9600100000000001e-01
2.2421899999999999e+00 1.9596600000000000e-01
2.2437499999999999e+00 1.9593300000000000e-01
2.2453099999999999e+00 1.9589999999999999e-01
2.2468800000000000e+00 1.9586899999999999e-01
2.2484400000000000e+00 1.9583999999999999e-01
2.2500000000000000e+00 1.9583400000000001e-01
2.2515600000000000e+00 1.9580900000000001e-01
2.2531200000000000e+00 1.9578000000000001e-01
2.2546900000000001e+00 1.9575400000000001e-01
2.2562500000000001e+00 1.9572899999999999e-01
2.2578100000000001e+00 1.9570699999999999e-01
2.2593800000000002e+00 1.9568800000000000e-01
2.2609400000000002e+00 1.9567100000000001e-01
2.2625000000000002e+00 1.9565600000000000e-01
2.2640600000000002e+00 1.9564300000000001e-01
2.2656200000000002e+00 1.9563200000000000e-01
2.2671899999999998e+00 1.9562399999999999e-01
2.2687499999999998e+00 1.9561700000000001e-01
2.2703099999999998e+00 1.9561300000000001e-01
2.2718699999999998e+00 1.9561100000000001e-01
2.2734399999999999e+00 1.9561000000000001e-01
2.2749999999999999e+00 1.9561100000000001e-01
2.2765599999999999e+00 1.9561300000000001e-01
2.2781300000000000e+00 1.9561700000000001e-01
2.2796900000000000e+00 1.9562299999999999e-01
2.2812500000000000e+00 1.9565900000000000e-01
2.2828100000000000e+00 1.9567100000000001e-01
2.2843700000000000e+00 1.9568700000000000e-01
2.2859400000000001e+00 1.9570499999999999e-01
2.2875000000000001e+00 1.9572500000000001e-01
2.2890600000000001e+00 1.9574300000000000e-01
2.2906300000000002e+00 1.9576399999999999e-01
2.2921900000000002e+00 1.9578699999999999e-01
2.2937500000000002e+00 1.9581100000000001e-01
2.2953100000000002e+00 1.9583800000000001e-01
2.2968700000000002e+00 1.9586500000000001e-01
2.2984399999999998e+00 1.9589400000000001e-01
2.2999999999999998e+00 1.9592499999999999e-01
2.3015599999999998e+00 1.9595599999999999e-01
2.3031199999999998e+00 1.9598900000000000e-01
2.3046899999999999e+00 1.9602200000000000e-01
2.3062499999999999e+00 1.9605600000000001e-01
2.3078099999999999e+00 1.9609099999999999e-01
2.3093800000000000e+00 1.9612599999999999e-01
2.3109400000000000e+00 1.9616200000000000e-01
2.3125000000000000e+00 1.9619200000000001e-01
2.3140600000000000e+00 1.9622200000000001e-01
2.3156200000000000e+00 1.9625600000000001e-01
2.3171900000000001e+00 1.9628899999999999e-01
2.3187500000000001e+00 1.9632100000000000e-01
2.3203100000000001e+00 1.9635200000000000e-01
2.3218800000000002e+00 1.9638100000000000e-01
2.3234400000000002e+00 1.9640900000000000e-01
2.3250000000000002e+00 1.9643500000000000e-01
2.3265600000000002e+00 1.9645799999999999e-01
2.3281200000000002e+00 1.9647999999999999e-01
2.3296899999999998e+00 1.9649900000000001e-01
2.3312499999999998e+00 1.9651500000000000e-01
2.3328099999999998e+00 1.9652900000000001e-01
2.3343699999999998e+00 1.9653999999999999e-01
2.3359399999999999e+00 1.9654800000000000e-01
2.3374999999999999e+00 1.9655200000000000e-01
2.3390599999999999e+00 1.9655400000000001e-01
2.3406300000000000e+00 1.9655300000000001e-01
2.3421900000000000e+00 1.9654800000000000e-01
2.3437500000000000e+00 1.9649600000000000e-01
2.3453100000000000e+00 1.9648900000000000e-01
2.3468700000000000e+00 1.9648399999999999e-01
2.3484400000000001e+00 1.9647700000000001e-01
2.3500000000000001e+00 1.9646500000000000e-01
2.3515600000000001e+00 1.9645199999999999e-01
2.3531300000000002e+00 1.9643600000000000e-01
2.3546900000000002e+00 1.9641800000000001e-01
2.3562500000000002e+00 1.9639799999999999e-01
2.3578100000000002e+00 1.9637600000000000e-01
2.3593700000000002e+00 1.9635200000000000e-01
2.3609399999999998e+00 1.9632600000000000e-01
2.3624999999999998e+00 1.9629900000000000e-01
2.3640599999999998e+00 1.9627000000000000e-01
2.3656199999999998e+00 1.9624000000000000e-01
2.3671899999999999e+00 1.9620899999999999e-01
2.3687499999999999e+00 1.9617799999999999e-01
2.3703099999999999e+00 1.9614599999999999e-01
2.3718800000000000e+00 1.9611200000000001e-01
2.3734400000000000e+00 1.9608100000000001e-01
2.3750000000000000e+00 1.9607300000000000e-01
2.3765600000000000e+00 1.9604500000000000e-01
2.3781200000000000e+00 1.9601399999999999e-01
2.3796900000000001e+00 1.9598299999999999e-01
2.3812500000000001e+00 1.9595399999999999e-01
2.3828100000000001e+00 1.9592699999999999e-01
2.3843800000000002e+00 1.9590099999999999e-01
2.3859400000000002e+00 1.9587499999999999e-01
2.3875000000000002e+00 1.9585100000000000e-01
2.3890600000000002e+00 1.9582800000000000e-01
2.3906200000000002e+00 1.9580600000000001e-01
2.3921899999999998e+00 1.9578499999999999e-01
2.3937499999999998e+00 1.9576700000000000e-01
2.3953099999999998e+00 1.9574900000000001e-01
2.3968699999999998e+00 1.9573399999999999e-01
2.3984399999999999e+00 1.9572000000000001e-01
2.3999999999999999e+00 1.9570899999999999e-01
2.4015599999999999e+00 1.9569900000000001e-01
2.4031300000000000e+00 1.9569100000000000e-01
2.4046900000000000e+00 1.9568500000000000e-01
2.4062500000000000e+00 1.9568099999999999e-01
2.4078100000000000e+00 1.9567699999999999e-01
2.4093700000000000e+00 1.9567699999999999e-01
2.4109400000000001e+00 1.9567799999999999e-01
2.4125000000000001e+00 1.9568099999999999e-01
2.4140600000000001e+00 1.9568600000000000e-01
2.4156300000000002e+00 1.9569200000000000e-01
2.4171900000000002e+00 1.9570100000000001e-01
2.4187500000000002e+00 1.9570799999999999e-01
2.4203100000000002e+00 1.9571900000000000e-01
2.4218700000000002e+00 1.9573199999999999e-01
2.4234399999999998e+00 1.9572200000000001e-01
2.4249999999999998e+00 1.9573800000000000e-01
2.4265599999999998e+00 1.9575600000000001e-01
2.4281199999999998e+00 1.9577700000000001e-01
2.4296899999999999e+00 1.9579900000000000e-01
2.4312499999999999e+00 1.9582400000000000e-01
2.4328099999999999e+00 1.9585000000000000e-01
2.4343800000000000e+00 1.9587900000000000e-01
2.4359400000000000e+00 1.9590800000000000e-01
2.4375000000000000e+00 1.9598499999999999e-01
2.4390600000000000e+00 1.9601299999999999e-01
2.4406200000000000e+00 1.9604199999999999e-01
2.4421900000000001e+00 1.9607200000000000e-01
2.4437500000000001e+00 1.9610100000000000e-01
2.4453100000000001e+00 1.9612900000000000e-01
2.4468800000000002e+00 1.9615800000000000e-01
2.4484400000000002e+00 1.9618700000000000e-01
2.4500000000000002e+00 1.9621500000000000e-01
2.4515600000000002e+00 1.9624400000000000e-01
2.4531200000000002e+00 1.9627200000000000e-01
2.4546899999999998e+00 1.9630000000000000e-01
2.4562499999999998e+00 1.9632700000000000e-01
2.4578099999999998e+00 1.9635300000000000e-01
2.4593699999999998e+00 1.9637800000000000e-01
2.4609399999999999e+00 1.9640199999999999e-01
2.4624999999999999e+00 1.9642399999999999e-01
2.4640599999999999e+00 1.9644500000000001e-01
2.4656300000000000e+00 1.9646400000000000e-01
2.4671900000000000e+00 1.9648099999999999e-01
2.4687500000000000e+00 1.9645199999999999e-01
2.4703100000000000e+00 1.9646200000000000e-01
2.4718700000000000e+00 1.9647400000000001e-01
2.4734400000000001e+00 1.9648299999999999e-01
2.4750000000000001e+00 1.9648800000000000e-01
2.4765600000000001e+00 1.9649000000000000e-01
2.4781300000000002e+00 1.9649000000000000e-01
2.4796900000000002e+00 1.9648699999999999e-01
2.4812500000000002e+00 1.9648199999999999e-01
2.4828100000000002e+00 1.9647600000000001e-01
2.4843700000000002e+00 1.9646500000000000e-01
2.4859399999999998e+00 1.9645299999999999e-01
2.4874999999999998e+00 1.9643800000000000e-01
2.4890599999999998e+00 1.9642200000000001e-01
2.4906199999999998e+00 1.9640299999999999e-01
2.4921899999999999e+00 1.9638300000000000e-01
2.4937499999999999e+00 1.9636200000000001e-01
2.4953099999999999e+00 1.9633800000000001e-01
2.4968800000000000e+00 1.9631399999999999e-01
2.4984400000000000e+00 1.9628799999999999e-01
2.5000000000000000e+00 1.9627200000000000e-01
2.5015600000000000e+00 1.9624600000000000e-01
2.5031200000000000e+00 1.9622100000000001e-01
2.5046900000000001e+00 1.9619300000000001e-01
2.5062500000000001e+00 1.9616700000000001e-01
2.5078100000000001e+00 1.9614000000000001e-01
2.5093800000000002e+00 1.9611400000000001e-01
2.5109400000000002e+00 1.9608700000000001e-01
2.5125000000000002e+00 1.9606100000000001e-01
2.5140600000000002e+00 1.9603499999999999e-01
2.5156200000000002e+00 1.9600899999999999e-01
2.5171899999999998e+00 1.9598399999999999e-01
2.5187499999999998e+00 1.9596000000000000e-01
2.5203099999999998e+00 1.9593600000000000e-01
2.5218699999999998e+00 1.9591300000000000e-01
2.5234399999999999e+00 1.9589000000000001e-01
2.5249999999999999e+00 1.9586899999999999e-01
2.5265599999999999e+00 1.9584900000000000e-01
2.5281300000000000e+00 1.9583000000000000e-01
2.5296900000000000e+00 1.9581299999999999e-01
2.5312500000000000e+00 1.9579800000000000e-01
2.5328100000000000e+00 1.9576900000000000e-01
2.5343700000000000e+00 1.9575500000000001e-01
2.5359400000000001e+00 1.9574400000000000e-01
2.5375000000000001e+00 1.9573399999999999e-01
2.5390600000000001e+00 1.9572700000000001e-01
2.5406300000000002e+00 1.9572100000000001e-01
2.5421900000000002e+00 1.9571700000000000e-01
2.5437500000000002e+00 1.9571500000000000e-01
2.5453100000000002e+00 1.9571400000000000e-01
2.5468700000000002e+00 1.9571600000000000e-01
2.5484399999999998e+00 1.9571900000000000e-01
2.5499999999999998e+00 1.9572500000000001e-01
2.5515599999999998e+00 1.9573199999999999e-01
2.5531199999999998e+00 1.9574100000000000e-01
2.5546899999999999e+00 1.9575200000000001e-01
2.5562499999999999e+00 1.9576399999999999e-01
2.5578099999999999e+00 1.9577900000000001e-01
2.5593800000000000e+00 1.9579400000000000e-01
2.5609400000000000e+00 1.9581200000000001e-01
2.5625000000000000e+00 1.9587399999999999e-01
2.5640600000000000e+00 1.9589799999999999e-01
2.5656200000000000e+00 1.9591800000000001e-01
2.5671900000000001e+00 1.9594100000000000e-01
2.5687500000000001e+00 1.9596400000000000e-01
2.5703100000000001e+00 1.9598699999999999e-01
2.5718800000000002e+00 1.9601099999999999e-01
2.5734400000000002e+00 1.9603599999999999e-01
2.5750000000000002e+00 1.9606100000000001e-01
2.5765600000000002e+00 1.9608700000000001e-01
2.5781200000000002e+00 1.9611300000000001e-01
2.5796899999999998e+00 1.9614000000000001e-01
2.5812499999999998e+00 1.9616600000000001e-01
2.5828099999999998e+00 1.9619300000000001e-01
2.5843699999999998e+00 1.9622000000000001e-01
2.5859399999999999e+00 1.9624700000000000e-01
2.5874999999999999e+00 1.9627400000000000e-01
2.5890599999999999e+00 1.9630000000000000e-01
2.5906300000000000e+00 1.9632500000000000e-01
2.5921900000000000e+00 1.9635000000000000e-01
2.5937500000000000e+00 1.9634799999999999e-01
2.5953100000000000e+00 1.9636700000000001e-01
2.5968700000000000e+00 1.9638500000000000e-01
2.5984400000000001e+00 1.9640099999999999e-01
2.6000000000000001e+00 1.9641500000000001e-01
2.6015600000000001e+00 1.9642799999999999e-01
2.6031300000000002e+00 1.9643900000000000e-01
2.6046900000000002e+00 1.9645199999999999e-01
2.6062500000000002e+00 1.9646200000000000e-01
2.6078100000000002e+00 1.9646300000000000e-01
2.6093700000000002e+00 1.9646700000000000e-01
2.6109399999999998e+00 1.9646900000000000e-01
2.6124999999999998e+00 1.9646800000000000e-01
2.6140599999999998e+00 1.9646500000000000e-01
2.6156199999999998e+00 1.9645899999999999e-01
2.6171899999999999e+00 1.9645099999999999e-01
2.6187499999999999e+00 1.9644000000000000e-01
2.6203099999999999e+00 1.9642799999999999e-01
2.6218800000000000e+00 1.9641300000000000e-01
2.6234400000000000e+00 1.9639699999999999e-01
2.6250000000000000e+00 1.9636899999999999e-01
2.6265600000000000e+00 1.9635300000000000e-01
2.6281200000000000e+00 1.9633500000000001e-01
2.6296900000000001e+00 1.9631699999999999e-01
2.6312500000000001e+00 1.9629600000000000e-01
2.6328100000000001e+00 1.9627400000000000e-01
2.6343800000000002e+00 1.9625200000000001e-01
2.6359400000000002e+00 1.9622800000000001e-01
2.6375000000000002e+00 1.9620399999999999e-01
2.6390600000000002e+00 1.9617999999999999e-01
2.6406200000000002e+00 1.9615500000000000e-01
2.6421899999999998e+00 1.9613000000000000e-01
2.6437499999999998e+00 1.9610500000000000e-01
2.6453099999999998e+00 1.9608000000000000e-01
2.6468699999999998e+00 1.9605000000000000e-01
2.6484399999999999e+00 1.9602600000000001e-01
2.6499999999999999e+00 1.9600300000000001e-01
2.6515599999999999e+00 1.9597999999999999e-01
2.6531300000000000e+00 1.9595799999999999e-01
2.6546900000000000e+00 1.9593700000000000e-01
2.6562500000000000e+00 1.9592799999999999e-01
2.6578100000000000e+00 1.9590900000000000e-01
2.6593700000000000e+00 1.9588900000000001e-01
2.6609400000000001e+00 1.9586999999999999e-01
2.6625000000000001e+00 1.9585300000000000e-01
2.6640600000000001e+00 1.9583800000000001e-01
2.6656300000000002e+00 1.9582400000000000e-01
2.6671900000000002e+00 1.9581200000000001e-01
2.6687500000000002e+00 1.9580200000000000e-01
2.6703100000000002e+00 1.9579400000000000e-01
2.6718700000000002e+00 1.9578699999999999e-01
2.6734399999999998e+00 1.9578200000000001e-01
2.6749999999999998e+00 1.9577900000000001e-01
2.6765599999999998e+00 1.9577800000000001e-01
2.6781199999999998e+00 1.9577900000000001e-01
2.6796899999999999e+00 1.9578100000000001e-01
2.6812499999999999e+00 1.9578599999999999e-01
2.6828099999999999e+00 1.9579099999999999e-01
2.6843800000000000e+00 1.9579900000000000e-01
2.6859400000000000e+00 1.9580800000000001e-01
2.6875000000000000e+00 1.9583900000000001e-01
2.6890600000000000e+00 1.9584900000000000e-01
2.6906200000000000e+00 1.9586200000000001e-01
2.6921900000000001e+00 1.9587599999999999e-01
2.6937500000000001e+00 1.9589200000000001e-01
2.6953100000000001e+00 1.9591000000000000e-01
2.6968800000000002e+00 1.9592799999999999e-01
2.6984400000000002e+00 1.9594700000000001e-01
2.7000000000000002e+00 1.9596800000000000e-01
2.7015600000000002e+00 1.9598900000000000e-01
2.7031200000000002e+00 1.9601099999999999e-01
2.7046899999999998e+00 1.9603400000000001e-01
2.7062499999999998e+00 1.9605800000000001e-01
2.7078099999999998e+00 1.9608300000000001e-01
2.7093699999999998e+00 1.9610800000000000e-01
2.7109399999999999e+00 1.9613400000000000e-01
2.7124999999999999e+00 1.9616100000000000e-01
2.7140599999999999e+00 1.9618800000000000e-01
2.7156300000000000e+00 1.9621600000000000e-01
2.7171900000000000e+00 1.9624300000000000e-01
2.7187500000000000e+00 1.9626399999999999e-01
2.7203100000000000e+00 1.9628599999999999e-01
2.7218700000000000e+00 1.9630800000000001e-01
2.7234400000000001e+00 1.9632900000000000e-01
2.7250000000000001e+00 1.9635100000000000e-01
2.7265600000000001e+00 1.9636400000000001e-01
2.7281300000000002e+00 1.9638000000000000e-01
2.7296900000000002e+00 1.9639799999999999e-01
2.7312500000000002e+00 1.9641300000000000e-01
2.7328100000000002e+00 1.9642599999999999e-01
2.7343700000000002e+00 1.9643900000000000e-01
2.7359399999999998e+00 1.9644800000000001e-01
2.7374999999999998e+00 1.9645599999999999e-01
2.7390599999999998e+00 1.9646200000000000e-01
2.7406199999999998e+00 1.9646600000000000e-01
2.7421899999999999e+00 1.9646700000000000e-01
2.7437499999999999e+00 1.9646700000000000e-01
2.7453099999999999e+00 1.9646400000000000e-01
2.7468800000000000e+00 1.9645899999999999e-01
2.7484400000000000e+00 1.9645199999999999e-01
2.7500000000000000e+00 1.9641300000000000e-01
2.7515600000000000e+00 1.9640500000000000e-01
2.7531200000000000e+00 1.9639400000000001e-01
2.7546900000000001e+00 1.9638200000000000e-01
2.7562500000000001e+00 1.9636700000000001e-01
2.7578100000000001e+00 1.9635000000000000e-01
2.7593800000000002e+00 1.9633100000000001e-01
2.7609400000000002e+00 1.9631000000000001e-01
2.7625000000000002e+00 1.9628799999999999e-01
2.7640600000000002e+00 1.9626600000000000e-01
2.7656200000000002e+00 1.9624300000000000e-01
2.7671899999999998e+00 1.9621900000000000e-01
2.7687499999999998e+00 1.9619600000000001e-01
2.7703099999999998e+00 1.9617200000000001e-01
2.7718699999999998e+00 1.9614799999999999e-01
2.7734399999999999e+00 1.9612399999999999e-01
2.7749999999999999e+00 1.9610000000000000e-01
2.7765599999999999e+00 1.9607700000000000e-01
2.7781300000000000e+00 1.9605300000000001e-01
2.7796900000000000e+00 1.9602900000000001e-01
2.7812500000000000e+00 1.9602100000000000e-01
2.7828100000000000e+00 1.9600000000000001e-01
2.7843700000000000e+00 1.9597600000000001e-01
2.7859400000000001e+00 1.9595299999999999e-01
2.7875000000000001e+00 1.9593200000000000e-01
2.7890600000000001e+00 1.9591300000000000e-01
2.7906300000000002e+00 1.9589400000000001e-01
2.7921900000000002e+00 1.9587700000000000e-01
2.7937500000000002e+00 1.9586200000000001e-01
2.7953100000000002e+00 1.9584799999999999e-01
2.7968700000000002e+00 1.9583600000000001e-01
2.7984399999999998e+00 1.9582600000000000e-01
2.7999999999999998e+00 1.9581699999999999e-01
2.8015599999999998e+00 1.9581000000000001e-01
2.8031199999999998e+00 1.9580500000000001e-01
2.8046899999999999e+00 1.9580100000000000e-01
2.8062499999999999e+00 1.9580000000000000e-01
2.8078099999999999e+00 1.9580000000000000e-01
2.8093800000000000e+00 1.9580200000000000e-01
2.8109400000000000e+00 1.9580600000000001e-01
2.8125000000000000e+00 1.9582800000000000e-01
2.8140600000000000e+00 1.9583300000000001e-01
2.8156200000000000e+00 1.9584099999999999e-01
2.8171900000000001e+00 1.9585000000000000e-01
2.8187500000000001e+00 1.9586000000000001e-01
2.8203100000000001e+00 1.9587299999999999e-01
2.8218800000000002e+00 1.9588700000000001e-01
2.8234400000000002e+00 1.9590299999999999e-01
2.8250000000000002e+00 1.9591900000000001e-01
2.8265600000000002e+00 1.9593700000000000e-01
2.8281200000000002e+00 1.9595499999999999e-01
2.8296899999999998e+00 1.9597500000000001e-01
2.8312499999999998e+00 1.9599600000000000e-01
2.8328099999999998e+00 1.9601700000000000e-01
2.8343699999999998e+00 1.9603999999999999e-01
2.8359399999999999e+00 1.9606399999999999e-01
2.8374999999999999e+00 1.9608800000000001e-01
2.8390599999999999e+00 1.9611400000000001e-01
2.8406300000000000e+00 1.9614000000000001e-01
2.8421900000000000e+00 1.9616700000000001e-01
2.8437500000000000e+00 1.9620299999999999e-01
2.8453100000000000e+00 1.9622600000000001e-01
2.8468700000000000e+00 1.9624900000000001e-01
2.8484400000000001e+00 1.9627200000000000e-01
2.8500000000000001e+00 1.9629199999999999e-01
2.8515600000000001e+00 1.9631299999999999e-01
2.8531300000000002e+00 1.9633300000000001e-01
2.8546900000000002e+00 1.9635200000000000e-01
2.8562500000000002e+00 1.9637199999999999e-01
2.8578100000000002e+00 1.9638900000000001e-01
2.8593700000000002e+00 1.9640500000000000e-01
2.8609399999999998e+00 1.9642000000000001e-01
2.8624999999999998e+00 1.9643300000000000e-01
2.8640599999999998e+00 1.9644600000000001e-01
2.8656199999999998e+00 1.9645599999999999e-01
2.8671899999999999e+00 1.9646400000000000e-01
2.8687499999999999e+00 1.9647000000000001e-01
2.8703099999999999e+00 1.9647400000000001e-01
2.8718800000000000e+00 1.9647600000000001e-01
2.8734400000000000e+00 1.9647500000000001e-01
2.8750000000000000e+00 1.9643600000000000e-01
2.8765600000000000e+00 1.9643200000000000e-01
2.8781200000000000e+00 1.9642499999999999e-01
2.8796900000000001e+00 1.9641600000000001e-01
2.8812500000000001e+00 1.9640600000000000e-01
2.8828100000000001e+00 1.9639999999999999e-01
2.8843800000000002e+00 1.9638400000000000e-01
2.8859400000000002e+00 1.9636600000000001e-01
2.8875000000000002e+00 1.9634599999999999e-01
2.8890600000000002e+00 1.9632500000000000e-01
2.8906200000000002e+00 1.9630300000000001e-01
2.8921899999999998e+00 1.9628000000000001e-01
2.8937499999999998e+00 1.9625699999999999e-01
2.8953099999999998e+00 1.9623299999999999e-01
2.8968699999999998e+00 1.9620799999999999e-01
2.8984399999999999e+00 1.9618300000000000e-01
2.8999999999999999e+00 1.9615800000000000e-01
2.9015599999999999e+00 1.9613200000000000e-01
2.9031300000000000e+00 1.9610700000000000e-01
2.9046900000000000e+00 1.9608200000000001e-01
2.9062500000000000e+00 1.9607600000000000e-01
2.9078100000000000e+00 1.9605200000000000e-01
2.9093700000000000e+00 1.9602600000000001e-01
2.9109400000000001e+00 1.9600000000000001e-01
2.9125000000000001e+00 1.9597600000000001e-01
2.9140600000000001e+00 1.9595299999999999e-01
2.9156300000000002e+00 1.9593099999999999e-01
2.9171900000000002e+00 1.9591100000000000e-01
2.9187500000000002e+00 1.9589100000000001e-01
2.9203100000000002e+00 1.9587299999999999e-01
2.9218700000000002e+00 1.9585700000000000e-01
2.9234399999999998e+00 1.9584299999999999e-01
2.9249999999999998e+00 1.9583000000000000e-01
2.9265599999999998e+00 1.9581899999999999e-01
2.9281199999999998e+00 1.9581000000000001e-01
2.9296899999999999e+00 1.9580300000000000e-01
2.9312499999999999e+00 1.9579800000000000e-01
2.9328099999999999e+00 1.9579500000000000e-01
2.9343800000000000e+00 1.9579299999999999e-01
2.9359400000000000e+00 1.9579400000000000e-01
2.9375000000000000e+00 1.9580600000000001e-01
2.9390600000000000e+00 1.9580700000000001e-01
2.9406200000000000e+00 1.9581100000000001e-01
2.9421900000000001e+00 1.9581799999999999e-01
2.9437500000000001e+00 1.9582800000000000e-01
2.9453100000000001e+00 1.9583800000000001e-01
2.9468800000000002e+00 1.9585100000000000e-01
2.9484400000000002e+00 1.9586500000000001e-01
2.9500000000000002e+00 1.9588100000000000e-01
2.9515600000000002e+00 1.9589799999999999e-01
2.9531200000000002e+00 1.9591600000000001e-01
2.9546899999999998e+00 1.9593500000000000e-01
2.9562499999999998e+00 1.9595499999999999e-01
2.9578099999999998e+00 1.9597700000000001e-01
2.9593699999999998e+00 1.9599900000000001e-01
2.9609399999999999e+00 1.9602300000000000e-01
2.9624999999999999e+00 1.9604700000000000e-01
2.9640599999999999e+00 1.9607300000000000e-01
2.9656300000000000e+00 1.9610000000000000e-01
2.9671900000000000e+00 1.9612700000000000e-01
2.9687500000000000e+00 1.9616900000000001e-01
2.9703100000000000e+00 1.9619300000000001e-01
2.9718700000000000e+00 1.9621800000000000e-01
2.9734400000000001e+00 1.9624200000000000e-01
2.9750000000000001e+00 1.9626800000000000e-01
2.9765600000000001e+00 1.9629099999999999e-01
2.9781300000000002e+00 1.9631399999999999e-01
2.9796900000000002e+00 1.9633600000000001e-01
2.9812500000000002e+00 1.9635800000000000e-01
2.9828100000000002e+00 1.9637900000000000e-01
2.9843700000000002e+00 1.9639799999999999e-01
2.9859399999999998e+00 1.9641600000000001e-01
2.9874999999999998e+00 1.9643300000000000e-01
2.9890599999999998e+00 1.9644800000000001e-01
2.9906199999999998e+00 1.9646100000000000e-01
2.9921899999999999e+00 1.9647400000000001e-01
2.9937499999999999e+00 1.9648299999999999e-01
2.9953099999999999e+00 1.9649100000000000e-01
2.9968800000000000e+00 1.9649600000000000e-01
2.9984400000000000e+00 1.9649800000000001e-01
3.0000000000000000e+00 1.9646100000000000e-01
