0.0000000000000000e+00 0.0000000000000000e+00
1.5625000000000001e-03 -1.7646099999999999e-04
3.1250000000000002e-03 -3.4171300000000000e-04
4.6874999999999998e-03 -1.9370400000000000e-04
6.2500000000000003e-03 1.6465100000000001e-04
7.8125000000000000e-03 9.6798800000000003e-04
9.3749999999999997e-03 1.8404700000000001e-03
1.0937499999999999e-02 2.7022900000000000e-03
1.2500000000000001e-02 3.5450400000000002e-03
1.4062500000000000e-02 4.3735900000000001e-03
1.5625000000000000e-02 5.1930199999999996e-03
1.7187500000000001e-02 6.0068600000000002e-03
1.8749999999999999e-02 6.8171500000000001e-03
2.0312500000000001e-02 7.6247900000000002e-03
2.1874999999999999e-02 8.4302700000000001e-03
2.3437500000000000e-02 9.2339699999999993e-03
2.5000000000000001e-02 1.0036000000000000e-02
2.6562499999999999e-02 1.0836500000000001e-02
2.8125000000000001e-02 1.1635200000000000e-02
2.9687499999999999e-02 1.2432100000000000e-02
3.1250000000000000e-02 1.3227600000000001e-02
3.2812500000000001e-02 1.4021000000000000e-02
3.4375000000000003e-02 1.4812300000000000e-02
3.5937499999999997e-02 1.5601200000000001e-02
3.7499999999999999e-02 1.6387599999999999e-02
3.9062500000000000e-02 1.7171700000000002e-02
4.0625000000000001e-02 1.7953500000000001e-02
4.2187500000000003e-02 1.8733199999999998e-02
4.3749999999999997e-02 1.9510900000000001e-02
4.5312499999999999e-02 2.0286800000000001e-02
4.6875000000000000e-02 2.1060800000000001e-02
4.8437500000000001e-02 2.1833200000000001e-02
5.0000000000000003e-02 2.2603900000000000e-02
5.1562499999999997e-02 2.3373100000000001e-02
5.3124999999999999e-02 2.4140900000000000e-02
5.4687500000000000e-02 2.4907200000000001e-02
5.6250000000000001e-02 2.5672199999999999e-02
5.7812500000000003e-02 2.6435799999999999e-02
5.9374999999999997e-02 2.7198099999999999e-02
6.0937499999999999e-02 2.7959000000000001e-02
6.2500000000000000e-02 2.8719900000000000e-02
6.4062499999999994e-02 2.9479200000000001e-02
6.5625000000000003e-02 3.0237699999999999e-02
6.7187499999999997e-02 3.0994200000000000e-02
6.8750000000000006e-02 3.1749100000000002e-02
7.0312500000000000e-02 3.2502400000000001e-02
7.1874999999999994e-02 3.3254400000000003e-02
7.3437500000000003e-02 3.4005100000000003e-02
7.4999999999999997e-02 3.4754599999999997e-02
7.6562500000000006e-02 3.5502800000000001e-02
7.8125000000000000e-02 3.6249799999999999e-02
7.9687499999999994e-02 3.6995699999999999e-02
8.1250000000000003e-02 3.7740999999999997e-02
8.2812499999999997e-02 3.8484600000000001e-02
8.4375000000000006e-02 3.9227100000000001e-02
8.5937500000000000e-02 3.9968600000000000e-02
8.7499999999999994e-02 4.0709099999999998e-02
8.9062500000000003e-02 4.1448699999999998e-02
9.0624999999999997e-02 4.2187400000000000e-02
9.2187500000000006e-02 4.2925600000000001e-02
9.3750000000000000e-02 4.3664900000000000e-02
9.5312499999999994e-02 4.4403600000000001e-02
9.6875000000000003e-02 4.5142099999999998e-02
9.8437499999999997e-02 4.5878799999999997e-02
1.0000000000000001e-01 4.6614099999999999e-02
1.0156200000000000e-01 4.7348000000000001e-02
1.0312499999999999e-01 4.8080499999999998e-02
1.0468700000000000e-01 4.8811599999999997e-02
1.0625000000000000e-01 4.9541200000000001e-02
1.0781300000000001e-01 5.0269099999999997e-02
1.0937500000000000e-01 5.0995400000000003e-02
1.1093699999999999e-01 5.1719899999999999e-02
1.1250000000000000e-01 5.2442700000000002e-02
1.1406300000000000e-01 5.3163700000000001e-02
1.1562500000000001e-01 5.3882800000000002e-02
1.1718700000000000e-01 5.4600200000000002e-02
1.1874999999999999e-01 5.5315700000000002e-02
1.2031200000000000e-01 5.6029400000000000e-02
1.2187500000000000e-01 5.6741300000000001e-02
1.2343800000000001e-01 5.7451599999999999e-02
1.2500000000000000e-01 5.8161999999999998e-02
1.2656300000000001e-01 5.8869100000000001e-02
1.2812499999999999e-01 5.9575700000000002e-02
1.2968800000000000e-01 6.0280300000000002e-02
1.3125000000000001e-01 6.0982700000000001e-02
1.3281200000000001e-01 6.1683000000000002e-02
1.3437499999999999e-01 6.2381399999999997e-02
1.3593700000000000e-01 6.3077999999999995e-02
1.3750000000000001e-01 6.3772800000000004e-02
1.3906199999999999e-01 6.4465900000000007e-02
1.4062500000000000e-01 6.5157499999999993e-02
1.4218800000000001e-01 6.5847799999999998e-02
1.4374999999999999e-01 6.6536799999999993e-02
1.4531300000000000e-01 6.7224699999999998e-02
1.4687500000000001e-01 6.7911500000000000e-02
1.4843700000000001e-01 6.8597400000000003e-02
1.4999999999999999e-01 6.9282600000000000e-02
1.5156200000000000e-01 6.9967000000000001e-02
1.5312500000000001e-01 7.0650900000000003e-02
1.5468699999999999e-01 7.1334400000000006e-02
1.5625000000000000e-01 7.2021000000000002e-02
1.5781300000000001e-01 7.2701100000000005e-02
1.5937499999999999e-01 7.3382900000000001e-02
1.6093800000000000e-01 7.4064099999999994e-02
1.6250000000000001e-01 7.4744300000000000e-02
1.6406200000000001e-01 7.5423500000000004e-02
1.6562499999999999e-01 7.6101600000000005e-02
1.6718700000000000e-01 7.6778500000000000e-02
1.6875000000000001e-01 7.7454099999999998e-02
1.7031199999999999e-01 7.8128500000000004e-02
1.7187500000000000e-01 7.8801599999999999e-02
1.7343800000000001e-01 7.9473400000000000e-02
1.7499999999999999e-01 8.0144000000000007e-02
1.7656300000000000e-01 8.0813200000000002e-02
1.7812500000000001e-01 8.1481200000000004e-02
1.7968700000000001e-01 8.2147800000000007e-02
1.8124999999999999e-01 8.2813200000000003e-02
1.8281200000000000e-01 8.3477200000000001e-02
1.8437500000000001e-01 8.4140000000000006e-02
1.8593699999999999e-01 8.4801399999999999e-02
1.8750000000000000e-01 8.5463600000000001e-02
1.8906300000000001e-01 8.6118600000000003e-02
1.9062499999999999e-01 8.6777499999999994e-02
1.9218800000000000e-01 8.7434999999999999e-02
1.9375000000000001e-01 8.8091000000000003e-02
1.9531200000000001e-01 8.8745800000000000e-02
1.9687499999999999e-01 8.9399300000000001e-02
1.9843700000000000e-01 9.0051699999999998e-02
2.0000000000000001e-01 9.0703099999999995e-02
2.0156199999999999e-01 9.1353500000000004e-02
2.0312500000000000e-01 9.2003000000000001e-02
2.0468800000000001e-01 9.2651600000000001e-02
2.0624999999999999e-01 9.3299300000000002e-02
2.0781300000000000e-01 9.3946299999999996e-02
2.0937500000000001e-01 9.4592599999999999e-02
2.1093700000000001e-01 9.5238100000000006e-02
2.1249999999999999e-01 9.5882999999999996e-02
2.1406200000000000e-01 9.6527600000000005e-02
2.1562500000000001e-01 9.7171999999999994e-02
2.1718699999999999e-01 9.7816299999999995e-02
2.1875000000000000e-01 9.8463999999999996e-02
2.2031300000000001e-01 9.9100999999999995e-02
2.2187499999999999e-01 9.9745600000000004e-02
2.2343800000000000e-01 1.0038900000000001e-01
2.2500000000000001e-01 1.0103200000000000e-01
2.2656200000000001e-01 1.0167500000000000e-01
2.2812499999999999e-01 1.0231700000000001e-01
2.2968700000000000e-01 1.0295799999999999e-01
2.3125000000000001e-01 1.0360000000000000e-01
2.3281199999999999e-01 1.0424000000000000e-01
2.3437500000000000e-01 1.0488100000000000e-01
2.3593800000000001e-01 1.0552200000000000e-01
2.3749999999999999e-01 1.0616200000000001e-01
2.3906300000000000e-01 1.0680400000000000e-01
2.4062500000000001e-01 1.0744400000000000e-01
2.4218700000000001e-01 1.0808500000000000e-01
2.4374999999999999e-01 1.0872400000000000e-01
2.4531200000000000e-01 1.0936100000000000e-01
2.4687500000000001e-01 1.0999500000000000e-01
2.4843699999999999e-01 1.1062600000000000e-01
2.5000000000000000e-01 1.1125500000000001e-01
2.5156299999999998e-01 1.1186800000000000e-01
2.5312499999999999e-01 1.1249099999999999e-01
2.5468700000000000e-01 1.1311100000000000e-01
2.5624999999999998e-01 1.1372900000000000e-01
2.5781199999999999e-01 1.1434600000000000e-01
2.5937500000000002e-01 1.1496000000000001e-01
2.6093800000000000e-01 1.1557300000000000e-01
2.6250000000000001e-01 1.1618500000000000e-01
2.6406200000000002e-01 1.1679500000000000e-01
2.6562500000000000e-01 1.1740399999999999e-01
2.6718799999999998e-01 1.1801000000000000e-01
2.6874999999999999e-01 1.1861500000000000e-01
2.7031200000000000e-01 1.1921800000000000e-01
2.7187499999999998e-01 1.1982000000000000e-01
2.7343699999999999e-01 1.2042100000000000e-01
2.7500000000000002e-01 1.2102100000000000e-01
2.7656300000000000e-01 1.2161900000000000e-01
2.7812500000000001e-01 1.2221700000000001e-01
2.7968700000000002e-01 1.2281400000000001e-01
2.8125000000000000e-01 1.2340800000000000e-01
2.8281299999999998e-01 1.2399100000000000e-01
2.8437499999999999e-01 1.2458700000000000e-01
2.8593700000000000e-01 1.2518299999999999e-01
2.8749999999999998e-01 1.2577700000000000e-01
2.8906199999999999e-01 1.2637100000000001e-01
2.9062500000000002e-01 1.2696399999999999e-01
2.9218800000000000e-01 1.2755600000000000e-01
2.9375000000000001e-01 1.2814700000000001e-01
2.9531200000000002e-01 1.2873399999999999e-01
2.9687500000000000e-01 1.2931599999999999e-01
2.9843799999999998e-01 1.2989000000000001e-01
2.9999999999999999e-01 1.3045899999999999e-01
3.0156200000000000e-01 1.3102300000000000e-01
3.0312499999999998e-01 1.3158300000000001e-01
3.0468699999999999e-01 1.3214100000000001e-01
3.0625000000000002e-01 1.3269900000000001e-01
3.0781300000000000e-01 1.3325799999999999e-01
3.0937500000000001e-01 1.3381799999999999e-01
3.1093700000000002e-01 1.3438100000000000e-01
3.1250000000000000e-01 1.3495599999999999e-01
3.1406299999999998e-01 1.3551199999999999e-01
3.1562499999999999e-01 1.3608600000000001e-01
3.1718700000000000e-01 1.3666500000000001e-01
3.1874999999999998e-01 1.3724900000000001e-01
3.2031199999999999e-01 1.3783300000000001e-01
3.2187500000000002e-01 1.3840300000000000e-01
3.2343800000000000e-01 1.3895800000000000e-01
3.2500000000000001e-01 1.3951200000000000e-01
3.2656200000000002e-01 1.4008100000000001e-01
3.2812500000000000e-01 1.4066000000000001e-01
3.2968799999999998e-01 1.4123400000000000e-01
3.3124999999999999e-01 1.4180300000000001e-01
3.3281200000000000e-01 1.4236699999999999e-01
3.3437499999999998e-01 1.4292800000000000e-01
3.3593699999999999e-01 1.4348600000000000e-01
3.3750000000000002e-01 1.4404200000000000e-01
3.3906300000000000e-01 1.4459600000000000e-01
3.4062500000000001e-01 1.4514800000000000e-01
3.4218700000000002e-01 1.4570000000000000e-01
3.4375000000000000e-01 1.4627999999999999e-01
3.4531299999999998e-01 1.4682799999999999e-01
3.4687499999999999e-01 1.4738699999999999e-01
3.4843700000000000e-01 1.4793300000000001e-01
3.4999999999999998e-01 1.4847099999999999e-01
3.5156199999999999e-01 1.4900900000000000e-01
3.5312500000000002e-01 1.4955299999999999e-01
3.5468800000000000e-01 1.5010299999999999e-01
3.5625000000000001e-01 1.5065100000000001e-01
3.5781200000000002e-01 1.5119700000000000e-01
3.5937500000000000e-01 1.5173700000000001e-01
3.6093799999999998e-01 1.5227199999999999e-01
3.6249999999999999e-01 1.5280099999999999e-01
3.6406200000000000e-01 1.5332499999999999e-01
3.6562499999999998e-01 1.5384300000000001e-01
3.6718699999999999e-01 1.5435699999999999e-01
3.6875000000000002e-01 1.5486600000000000e-01
3.7031300000000000e-01 1.5537100000000001e-01
3.7187500000000001e-01 1.5587400000000001e-01
3.7343700000000002e-01 1.5637499999999999e-01
3.7500000000000000e-01 1.5688400000000000e-01
3.7656299999999998e-01 1.5737200000000001e-01
3.7812499999999999e-01 1.5787300000000001e-01
3.7968700000000000e-01 1.5837599999999999e-01
3.8124999999999998e-01 1.5888099999999999e-01
3.8281199999999999e-01 1.5938900000000000e-01
3.8437500000000002e-01 1.5989800000000001e-01
3.8593800000000000e-01 1.6040900000000000e-01
3.8750000000000001e-01 1.6092000000000001e-01
3.8906200000000002e-01 1.6142999999999999e-01
3.9062500000000000e-01 1.6194100000000000e-01
3.9218799999999998e-01 1.6245100000000001e-01
3.9374999999999999e-01 1.6295899999999999e-01
3.9531200000000000e-01 1.6346700000000000e-01
3.9687499999999998e-01 1.6397400000000001e-01
3.9843699999999999e-01 1.6447999999999999e-01
4.0000000000000002e-01 1.6498499999999999e-01
4.0156300000000000e-01 1.6549000000000000e-01
4.0312500000000001e-01 1.6599300000000000e-01
4.0468700000000002e-01 1.6649600000000001e-01
4.0625000000000000e-01 1.6699200000000000e-01
4.0781299999999998e-01 1.6749100000000000e-01
4.0937499999999999e-01 1.6798600000000000e-01
4.1093700000000000e-01 1.6847599999999999e-01
4.1249999999999998e-01 1.6895900000000000e-01
4.1406199999999999e-01 1.6943900000000001e-01
4.1562500000000002e-01 1.6991400000000001e-01
4.1718800000000000e-01 1.7038800000000001e-01
4.1875000000000001e-01 1.7086000000000001e-01
4.2031200000000002e-01 1.7133200000000001e-01
4.2187500000000000e-01 1.7180500000000001e-01
4.2343799999999998e-01 1.7227999999999999e-01
4.2499999999999999e-01 1.7275799999999999e-01
4.2656200000000000e-01 1.7323900000000000e-01
4.2812499999999998e-01 1.7372399999999999e-01
4.2968699999999999e-01 1.7421000000000000e-01
4.3125000000000002e-01 1.7469799999999999e-01
4.3281300000000000e-01 1.7518800000000001e-01
4.3437500000000001e-01 1.7567700000000000e-01
4.3593700000000002e-01 1.7616299999999999e-01
4.3750000000000000e-01 1.7663999999999999e-01
4.3906299999999998e-01 1.7710600000000001e-01
4.4062499999999999e-01 1.7755899999999999e-01
4.4218700000000000e-01 1.7800099999999999e-01
4.4374999999999998e-01 1.7843800000000001e-01
4.4531199999999999e-01 1.7887200000000000e-01
4.4687500000000002e-01 1.7930900000000000e-01
4.4843800000000000e-01 1.7975300000000000e-01
4.5000000000000001e-01 1.8020600000000001e-01
4.5156200000000002e-01 1.8066199999999999e-01
4.5312500000000000e-01 1.8110299999999999e-01
4.5468799999999998e-01 1.8153100000000000e-01
4.5624999999999999e-01 1.8196699999999999e-01
4.5781200000000000e-01 1.8240500000000001e-01
4.5937499999999998e-01 1.8283700000000000e-01
4.6093699999999999e-01 1.8326200000000001e-01
4.6250000000000002e-01 1.8368399999999999e-01
4.6406300000000000e-01 1.8410199999999999e-01
4.6562500000000001e-01 1.8451799999999999e-01
4.6718700000000002e-01 1.8493200000000001e-01
4.6875000000000000e-01 1.8534300000000001e-01
4.7031299999999998e-01 1.8575500000000000e-01
4.7187499999999999e-01 1.8616800000000000e-01
4.7343700000000000e-01 1.8657899999999999e-01
4.7499999999999998e-01 1.8698899999999999e-01
4.7656199999999999e-01 1.8739900000000001e-01
4.7812500000000002e-01 1.8780900000000000e-01
4.7968800000000000e-01 1.8821800000000000e-01
4.8125000000000001e-01 1.8862699999999999e-01
4.8281200000000002e-01 1.8903700000000001e-01
4.8437500000000000e-01 1.8944600000000000e-01
4.8593799999999998e-01 1.8985600000000000e-01
4.8749999999999999e-01 1.9026199999999999e-01
4.8906200000000000e-01 1.9066400000000000e-01
4.9062499999999998e-01 1.9106100000000001e-01
4.9218699999999999e-01 1.9145400000000001e-01
4.9375000000000002e-01 1.9184200000000001e-01
4.9531300000000000e-01 1.9222700000000001e-01
4.9687500000000001e-01 1.9260800000000000e-01
4.9843700000000002e-01 1.9298799999999999e-01
5.0000000000000000e-01 1.9337799999999999e-01
5.0156199999999995e-01 1.9375600000000001e-01
5.0312500000000004e-01 1.9413600000000000e-01
5.0468700000000000e-01 1.9451499999999999e-01
5.0624999999999998e-01 1.9489699999999999e-01
5.0781200000000004e-01 1.9528499999999999e-01
5.0937500000000002e-01 1.9568199999999999e-01
5.1093800000000000e-01 1.9607500000000000e-01
5.1249999999999996e-01 1.9645799999999999e-01
5.1406300000000005e-01 1.9684199999999999e-01
5.1562500000000000e-01 1.9723599999999999e-01
5.1718699999999995e-01 1.9763800000000001e-01
5.1875000000000004e-01 1.9803999999999999e-01
5.2031200000000000e-01 1.9844000000000001e-01
5.2187499999999998e-01 1.9883400000000001e-01
5.2343700000000004e-01 1.9921900000000001e-01
5.2500000000000002e-01 1.9959299999999999e-01
5.2656300000000000e-01 1.9995599999999999e-01
5.2812499999999996e-01 2.0030899999999999e-01
5.2968800000000005e-01 2.0065600000000000e-01
5.3125000000000000e-01 2.0103499999999999e-01
5.3281199999999995e-01 2.0138000000000000e-01
5.3437500000000004e-01 2.0172799999999999e-01
5.3593700000000000e-01 2.0208100000000001e-01
5.3749999999999998e-01 2.0244100000000001e-01
5.3906200000000004e-01 2.0280899999999999e-01
5.4062500000000002e-01 2.0318300000000000e-01
5.4218800000000000e-01 2.0355899999999999e-01
5.4374999999999996e-01 2.0392700000000000e-01
5.4531300000000005e-01 2.0427999999999999e-01
5.4687500000000000e-01 2.0462000000000000e-01
5.4843699999999995e-01 2.0495600000000000e-01
5.5000000000000004e-01 2.0529600000000001e-01
5.5156200000000000e-01 2.0565000000000000e-01
5.5312499999999998e-01 2.0599999999999999e-01
5.5468700000000004e-01 2.0634000000000000e-01
5.5625000000000002e-01 2.0667900000000000e-01
5.5781300000000000e-01 2.0701100000000000e-01
5.5937499999999996e-01 2.0733599999999999e-01
5.6093800000000005e-01 2.0765400000000001e-01
5.6250000000000000e-01 2.0797900000000000e-01
5.6406199999999995e-01 2.0828800000000000e-01
5.6562500000000004e-01 2.0859500000000000e-01
5.6718700000000000e-01 2.0890100000000000e-01
5.6874999999999998e-01 2.0920600000000000e-01
5.7031200000000004e-01 2.0951100000000000e-01
5.7187500000000002e-01 2.0981700000000000e-01
5.7343800000000000e-01 2.1012600000000001e-01
5.7499999999999996e-01 2.1043700000000001e-01
5.7656300000000005e-01 2.1074999999999999e-01
5.7812500000000000e-01 2.1106400000000000e-01
5.7968699999999995e-01 2.1137900000000001e-01
5.8125000000000004e-01 2.1169399999999999e-01
5.8281200000000000e-01 2.1200900000000000e-01
5.8437499999999998e-01 2.1232300000000001e-01
5.8593700000000004e-01 2.1263599999999999e-01
5.8750000000000002e-01 2.1294800000000000e-01
5.8906300000000000e-01 2.1325700000000000e-01
5.9062499999999996e-01 2.1356500000000000e-01
5.9218800000000005e-01 2.1386900000000000e-01
5.9375000000000000e-01 2.1417900000000001e-01
5.9531199999999995e-01 2.1446999999999999e-01
5.9687500000000004e-01 2.1475300000000000e-01
5.9843700000000000e-01 2.1502800000000000e-01
5.9999999999999998e-01 2.1529799999999999e-01
6.0156200000000004e-01 2.1556300000000000e-01
6.0312500000000002e-01 2.1582499999999999e-01
6.0468800000000000e-01 2.1608600000000000e-01
6.0624999999999996e-01 2.1634600000000001e-01
6.0781300000000005e-01 2.1660399999999999e-01
6.0937500000000000e-01 2.1686300000000000e-01
6.1093699999999995e-01 2.1712300000000001e-01
6.1250000000000004e-01 2.1738399999999999e-01
6.1406200000000000e-01 2.1764700000000001e-01
6.1562499999999998e-01 2.1791099999999999e-01
6.1718700000000004e-01 2.1817200000000000e-01
6.1875000000000002e-01 2.1842600000000001e-01
6.2031300000000000e-01 2.1866800000000000e-01
6.2187499999999996e-01 2.1890699999999999e-01
6.2343800000000005e-01 2.1914300000000000e-01
6.2500000000000000e-01 2.1940100000000001e-01
6.2656199999999995e-01 2.1964700000000001e-01
6.2812500000000004e-01 2.1989900000000001e-01
6.2968700000000000e-01 2.2015999999999999e-01
6.3124999999999998e-01 2.2042700000000001e-01
6.3281200000000004e-01 2.2068699999999999e-01
6.3437500000000002e-01 2.2093299999999999e-01
6.3593800000000000e-01 2.2117600000000001e-01
6.3749999999999996e-01 2.2143299999999999e-01
6.3906300000000005e-01 2.2169300000000000e-01
6.4062500000000000e-01 2.2195200000000001e-01
6.4218699999999995e-01 2.2221700000000000e-01
6.4375000000000004e-01 2.2247900000000001e-01
6.4531200000000000e-01 2.2273799999999999e-01
6.4687499999999998e-01 2.2299600000000000e-01
6.4843700000000004e-01 2.2325999999999999e-01
6.5000000000000002e-01 2.2352900000000001e-01
6.5156300000000000e-01 2.2378600000000001e-01
6.5312499999999996e-01 2.2403300000000001e-01
6.5468800000000005e-01 2.2428400000000001e-01
6.5625000000000000e-01 2.2454299999999999e-01
6.5781199999999995e-01 2.2479499999999999e-01
6.5937500000000004e-01 2.2503899999999999e-01
6.6093700000000000e-01 2.2527300000000000e-01
6.6249999999999998e-01 2.2549900000000000e-01
6.6406200000000004e-01 2.2571600000000000e-01
6.6562500000000002e-01 2.2592499999999999e-01
6.6718800000000000e-01 2.2613000000000000e-01
6.6874999999999996e-01 2.2633200000000001e-01
6.7031300000000005e-01 2.2653400000000001e-01
6.7187500000000000e-01 2.2673800000000000e-01
6.7343699999999995e-01 2.2694800000000001e-01
6.7500000000000004e-01 2.2716300000000000e-01
6.7656200000000000e-01 2.2738500000000000e-01
6.7812499999999998e-01 2.2760300000000000e-01
6.7968700000000004e-01 2.2782700000000000e-01
6.8125000000000002e-01 2.2805000000000000e-01
6.8281300000000000e-01 2.2827100000000000e-01
6.8437499999999996e-01 2.2849200000000000e-01
6.8593800000000005e-01 2.2870299999999999e-01
6.8750000000000000e-01 2.2891600000000001e-01
6.8906199999999995e-01 2.2910700000000001e-01
6.9062500000000004e-01 2.2929200000000000e-01
6.9218700000000000e-01 2.2946900000000001e-01
6.9374999999999998e-01 2.2964399999999999e-01
6.9531200000000004e-01 2.2982000000000000e-01
6.9687500000000002e-01 2.2999800000000001e-01
6.9843800000000000e-01 2.3017899999999999e-01
6.9999999999999996e-01 2.3036499999999999e-01
7.0156300000000005e-01 2.3055200000000001e-01
7.0312500000000000e-01 2.3073199999999999e-01
7.0468699999999995e-01 2.3090100000000000e-01
7.0625000000000004e-01 2.3106299999999999e-01
7.0781200000000000e-01 2.3122799999999999e-01
7.0937499999999998e-01 2.3140200000000000e-01
7.1093700000000004e-01 2.3158400000000001e-01
7.1250000000000002e-01 2.3176099999999999e-01
7.1406300000000000e-01 2.3192900000000000e-01
7.1562499999999996e-01 2.3209399999999999e-01
7.1718800000000005e-01 2.3226500000000000e-01
7.1875000000000000e-01 2.3243000000000000e-01
7.2031199999999995e-01 2.3258899999999999e-01
7.2187500000000004e-01 2.3273900000000000e-01
7.2343700000000000e-01 2.3288000000000000e-01
7.2499999999999998e-01 2.3301500000000000e-01
7.2656200000000004e-01 2.3314699999999999e-01
7.2812500000000002e-01 2.3327600000000001e-01
7.2968800000000000e-01 2.3340300000000000e-01
7.3124999999999996e-01 2.3352999999999999e-01
7.3281300000000005e-01 2.3365800000000000e-01
7.3437500000000000e-01 2.3379300000000000e-01
7.3593699999999995e-01 2.3392399999999999e-01
7.3750000000000004e-01 2.3405799999999999e-01
7.3906200000000000e-01 2.3419400000000001e-01
7.4062499999999998e-01 2.3433300000000001e-01
7.4218700000000004e-01 2.3447399999999999e-01
7.4375000000000002e-01 2.3461699999999999e-01
7.4531300000000000e-01 2.3476100000000000e-01
7.4687499999999996e-01 2.3490800000000001e-01
7.4843800000000005e-01 2.3505599999999999e-01
7.5000000000000000e-01 2.3520300000000000e-01
7.5156199999999995e-01 2.3535100000000000e-01
7.5312500000000004e-01 2.3549400000000001e-01
7.5468700000000000e-01 2.3562900000000001e-01
7.5624999999999998e-01 2.3575900000000000e-01
7.5781200000000004e-01 2.3588500000000001e-01
7.5937500000000002e-01 2.3600900000000000e-01
7.6093800000000000e-01 2.3613899999999999e-01
7.6249999999999996e-01 2.3626600000000000e-01
7.6406300000000005e-01 2.3639800000000000e-01
7.6562500000000000e-01 2.3653399999999999e-01
7.6718699999999995e-01 2.3668100000000000e-01
7.6875000000000004e-01 2.3682200000000000e-01
7.7031200000000000e-01 2.3696400000000001e-01
7.7187499999999998e-01 2.3709700000000000e-01
7.7343700000000004e-01 2.3721500000000001e-01
7.7500000000000002e-01 2.3732100000000000e-01
7.7656300000000000e-01 2.3742300000000000e-01
7.7812499999999996e-01 2.3753500000000000e-01
7.7968800000000005e-01 2.3765900000000001e-01
7.8125000000000000e-01 2.3776500000000000e-01
7.8281199999999995e-01 2.3786099999999999e-01
7.8437500000000004e-01 2.3795900000000000e-01
7.8593700000000000e-01 2.3806900000000000e-01
7.8749999999999998e-01 2.3818100000000000e-01
7.8906200000000004e-01 2.3828800000000000e-01
7.9062500000000002e-01 2.3838799999999999e-01
7.9218800000000000e-01 2.3848000000000000e-01
7.9374999999999996e-01 2.3856500000000000e-01
7.9531300000000005e-01 2.3864500000000000e-01
7.9687500000000000e-01 2.3872399999999999e-01
7.9843699999999995e-01 2.3880299999999999e-01
8.0000000000000004e-01 2.3888699999999999e-01
8.0156200000000000e-01 2.3897800000000000e-01
8.0312499999999998e-01 2.3907600000000001e-01
8.0468700000000004e-01 2.3918000000000000e-01
8.0625000000000002e-01 2.3928700000000000e-01
8.0781300000000000e-01 2.3939600000000000e-01
8.0937499999999996e-01 2.3950600000000000e-01
8.1093800000000005e-01 2.3961499999999999e-01
8.1250000000000000e-01 2.3972499999999999e-01
8.1406199999999995e-01 2.3983399999999999e-01
8.1562500000000004e-01 2.3994199999999999e-01
8.1718700000000000e-01 2.4004400000000001e-01
8.1874999999999998e-01 2.4013799999999999e-01
8.2031200000000004e-01 2.4022099999999999e-01
8.2187500000000002e-01 2.4029400000000001e-01
8.2343800000000000e-01 2.4035699999999999e-01
8.2499999999999996e-01 2.4041199999999999e-01
8.2656300000000005e-01 2.4046200000000001e-01
8.2812500000000000e-01 2.4050900000000000e-01
8.2968699999999995e-01 2.4055499999999999e-01
8.3125000000000004e-01 2.4060400000000001e-01
8.3281200000000000e-01 2.4065600000000001e-01
8.3437499999999998e-01 2.4071300000000001e-01
8.3593700000000004e-01 2.4077299999999999e-01
8.3750000000000002e-01 2.4083399999999999e-01
8.3906300000000000e-01 2.4089400000000000e-01
8.4062499999999996e-01 2.4094499999999999e-01
8.4218800000000005e-01 2.4098100000000000e-01
8.4375000000000000e-01 2.4103200000000000e-01
8.4531199999999995e-01 2.4105199999999999e-01
8.4687500000000004e-01 2.4107000000000001e-01
8.4843700000000000e-01 2.4109400000000000e-01
8.4999999999999998e-01 2.4112500000000001e-01
8.5156200000000004e-01 2.4115400000000001e-01
8.5312500000000002e-01 2.4116899999999999e-01
8.5468800000000000e-01 2.4118100000000001e-01
8.5624999999999996e-01 2.4119499999999999e-01
8.5781300000000005e-01 2.4120800000000001e-01
8.5937500000000000e-01 2.4121799999999999e-01
8.6093699999999995e-01 2.4122499999999999e-01
8.6250000000000004e-01 2.4123100000000000e-01
8.6406200000000000e-01 2.4123500000000000e-01
8.6562499999999998e-01 2.4124000000000001e-01
8.6718700000000004e-01 2.4124499999999999e-01
8.6875000000000002e-01 2.4125400000000000e-01
8.7031300000000000e-01 2.4126400000000001e-01
8.7187499999999996e-01 2.4127699999999999e-01
8.7343800000000005e-01 2.4129400000000001e-01
8.7500000000000000e-01 2.4130499999999999e-01
8.7656199999999995e-01 2.4132600000000001e-01
8.7812500000000004e-01 2.4136099999999999e-01
8.7968700000000000e-01 2.4139800000000000e-01
8.8124999999999998e-01 2.4143800000000001e-01
8.8281200000000004e-01 2.4147900000000000e-01
8.8437500000000002e-01 2.4151800000000001e-01
8.8593800000000000e-01 2.4155299999999999e-01
8.8749999999999996e-01 2.4158199999999999e-01
8.8906300000000005e-01 2.4160599999999999e-01
8.9062500000000000e-01 2.4162400000000001e-01
8.9218699999999995e-01 2.4163799999999999e-01
8.9375000000000004e-01 2.4165000000000000e-01
8.9531200000000000e-01 2.4166000000000001e-01
8.9687499999999998e-01 2.4166899999999999e-01
8.9843700000000004e-01 2.4167800000000000e-01
9.0000000000000002e-01 2.4168799999999999e-01
9.0156300000000000e-01 2.4170100000000000e-01
9.0312499999999996e-01 2.4171699999999999e-01
9.0468800000000005e-01 2.4174399999999999e-01
9.0625000000000000e-01 2.4177100000000001e-01
9.0781199999999995e-01 2.4176300000000001e-01
9.0937500000000004e-01 2.4178700000000000e-01
9.1093700000000000e-01 2.4181800000000001e-01
9.1249999999999998e-01 2.4184000000000000e-01
9.1406200000000004e-01 2.4184500000000000e-01
9.1562500000000002e-01 2.4183099999999999e-01
9.1718800000000000e-01 2.4180499999999999e-01
9.1874999999999996e-01 2.4177199999999999e-01
9.2031300000000005e-01 2.4174200000000001e-01
9.2187500000000000e-01 2.4172099999999999e-01
9.2343699999999995e-01 2.4170500000000000e-01
9.2500000000000004e-01 2.4168000000000001e-01
9.2656200000000000e-01 2.4165300000000001e-01
9.2812499999999998e-01 2.4163399999999999e-01
9.2968700000000004e-01 2.4162200000000000e-01
9.3125000000000002e-01 2.4161199999999999e-01
9.3281300000000000e-01 2.4159800000000001e-01
9.3437499999999996e-01 2.4158099999999999e-01
9.3593800000000005e-01 2.4156000000000000e-01
9.3750000000000000e-01 2.4153100000000000e-01
9.3906199999999995e-01 2.4149399999999999e-01
9.4062500000000004e-01 2.4146999999999999e-01
9.4218700000000000e-01 2.4144399999999999e-01
9.4374999999999998e-01 2.4141799999999999e-01
9.4531200000000004e-01 2.4139400000000000e-01
9.4687500000000002e-01 2.4137000000000000e-01
9.4843800000000000e-01 2.4134900000000001e-01
9.4999999999999996e-01 2.4132999999999999e-01
9.5156300000000005e-01 2.4131300000000000e-01
9.5312500000000000e-01 2.4129999999999999e-01
9.5468699999999995e-01 2.4128900000000000e-01
9.5625000000000004e-01 2.4127999999999999e-01
9.5781200000000000e-01 2.4127100000000001e-01
9.5937499999999998e-01 2.4126000000000000e-01
9.6093700000000004e-01 2.4124799999999999e-01
9.6250000000000002e-01 2.4123300000000000e-01
9.6406300000000000e-01 2.4121600000000001e-01
9.6562499999999996e-01 2.4119800000000000e-01
9.6718800000000005e-01 2.4117800000000000e-01
9.6875000000000000e-01 2.4117200000000000e-01
9.7031199999999995e-01 2.4114900000000000e-01
9.7187500000000004e-01 2.4112800000000001e-01
9.7343700000000000e-01 2.4110799999999999e-01
9.7499999999999998e-01 2.4108800000000000e-01
9.7656200000000004e-01 2.4106800000000000e-01
9.7812500000000002e-01 2.4104999999999999e-01
9.7968800000000000e-01 2.4103300000000000e-01
9.8124999999999996e-01 2.4101700000000001e-01
9.8281300000000005e-01 2.4100199999999999e-01
9.8437500000000000e-01 2.4098800000000001e-01
9.8593699999999995e-01 2.4097499999999999e-01
9.8750000000000004e-01 2.4096200000000001e-01
9.8906200000000000e-01 2.4094099999999999e-01
9.9062499999999998e-01 2.4090600000000001e-01
9.9218700000000004e-01 2.4085699999999999e-01
9.9375000000000002e-01 2.4080199999999999e-01
9.9531300000000000e-01 2.4074899999999999e-01
9.9687499999999996e-01 2.4070700000000000e-01
9.9843800000000005e-01 2.4068300000000001e-01
1.0000000000000000e+00 2.4072299999999999e-01
1.0015600000000000e+00 2.4071400000000001e-01
1.0031200000000000e+00 2.4068100000000001e-01
1.0046900000000001e+00 2.4065100000000000e-01
1.0062500000000001e+00 2.4062700000000001e-01
1.0078100000000001e+00 2.4060100000000001e-01
1.0093700000000001e+00 2.4056900000000001e-01
1.0109399999999999e+00 2.4053200000000000e-01
1.0125000000000000e+00 2.4049100000000001e-01
1.0140600000000000e+00 2.4044900000000000e-01
1.0156200000000000e+00 2.4040700000000001e-01
1.0171900000000000e+00 2.4036399999999999e-01
1.0187500000000000e+00 2.4032100000000001e-01
1.0203100000000001e+00 2.4027899999999999e-01
1.0218799999999999e+00 2.4023900000000001e-01
1.0234399999999999e+00 2.4020000000000000e-01
1.0249999999999999e+00 2.4016399999999999e-01
1.0265599999999999e+00 2.4013200000000001e-01
1.0281300000000000e+00 2.4011099999999999e-01
1.0296900000000000e+00 2.4009000000000000e-01
1.0312500000000000e+00 2.4007800000000001e-01
1.0328100000000000e+00 2.4005399999999999e-01
1.0343700000000000e+00 2.4004100000000000e-01
1.0359400000000001e+00 2.4002799999999999e-01
1.0375000000000001e+00 2.4001400000000001e-01
1.0390600000000001e+00 2.3999699999999999e-01
1.0406200000000001e+00 2.3997499999999999e-01
1.0421899999999999e+00 2.3995000000000000e-01
1.0437500000000000e+00 2.3992300000000000e-01
1.0453100000000000e+00 2.3989700000000000e-01
1.0468700000000000e+00 2.3987300000000000e-01
1.0484400000000000e+00 2.3985500000000001e-01
1.0500000000000000e+00 2.3984500000000000e-01
1.0515600000000001e+00 2.3983800000000000e-01
1.0531299999999999e+00 2.3983399999999999e-01
1.0546899999999999e+00 2.3982899999999999e-01
1.0562499999999999e+00 2.3982200000000001e-01
1.0578099999999999e+00 2.3981100000000000e-01
1.0593800000000000e+00 2.3978300000000000e-01
1.0609400000000000e+00 2.3976300000000000e-01
1.0625000000000000e+00 2.3972499999999999e-01
1.0640600000000000e+00 2.3968300000000001e-01
1.0656200000000000e+00 2.3963499999999999e-01
1.0671900000000001e+00 2.3957700000000001e-01
1.0687500000000001e+00 2.3951000000000000e-01
1.0703100000000001e+00 2.3943900000000001e-01
1.0718700000000001e+00 2.3936600000000000e-01
1.0734399999999999e+00 2.3929200000000000e-01
1.0750000000000000e+00 2.3922099999999999e-01
1.0765600000000000e+00 2.3916200000000001e-01
1.0781200000000000e+00 2.3910799999999999e-01
1.0796900000000000e+00 2.3906700000000000e-01
1.0812500000000000e+00 2.3903600000000000e-01
1.0828100000000001e+00 2.3901800000000001e-01
1.0843799999999999e+00 2.3899100000000001e-01
1.0859399999999999e+00 2.3894599999999999e-01
1.0874999999999999e+00 2.3891200000000001e-01
1.0890599999999999e+00 2.3888599999999999e-01
1.0906300000000000e+00 2.3885300000000001e-01
1.0921900000000000e+00 2.3881200000000000e-01
1.0937500000000000e+00 2.3871600000000001e-01
1.0953100000000000e+00 2.3867200000000000e-01
1.0968700000000000e+00 2.3861900000000000e-01
1.0984400000000001e+00 2.3856500000000000e-01
1.1000000000000001e+00 2.3851100000000000e-01
1.1015600000000001e+00 2.3845700000000000e-01
1.1031200000000001e+00 2.3840400000000000e-01
1.1046899999999999e+00 2.3835200000000001e-01
1.1062500000000000e+00 2.3830100000000001e-01
1.1078100000000000e+00 2.3825299999999999e-01
1.1093700000000000e+00 2.3820700000000000e-01
1.1109400000000000e+00 2.3816399999999999e-01
1.1125000000000000e+00 2.3812300000000000e-01
1.1140600000000001e+00 2.3808699999999999e-01
1.1156299999999999e+00 2.3805399999999999e-01
1.1171899999999999e+00 2.3802499999999999e-01
1.1187499999999999e+00 2.3799799999999999e-01
1.1203099999999999e+00 2.3797299999999999e-01
1.1218800000000000e+00 2.3794899999999999e-01
1.1234400000000000e+00 2.3792199999999999e-01
1.1250000000000000e+00 2.3782400000000001e-01
1.1265600000000000e+00 2.3779100000000000e-01
1.1281200000000000e+00 2.3776300000000000e-01
1.1296900000000001e+00 2.3773200000000000e-01
1.1312500000000001e+00 2.3769899999999999e-01
1.1328100000000001e+00 2.3766300000000001e-01
1.1343700000000001e+00 2.3762500000000000e-01
1.1359399999999999e+00 2.3758499999999999e-01
1.1375000000000000e+00 2.3754200000000000e-01
1.1390600000000000e+00 2.3749600000000001e-01
1.1406200000000000e+00 2.3744699999999999e-01
1.1421900000000000e+00 2.3739600000000000e-01
1.1437500000000000e+00 2.3734300000000000e-01
1.1453100000000001e+00 2.3728800000000000e-01
1.1468799999999999e+00 2.3723100000000000e-01
1.1484399999999999e+00 2.3717299999999999e-01
1.1499999999999999e+00 2.3711800000000000e-01
1.1515599999999999e+00 2.3705699999999999e-01
1.1531300000000000e+00 2.3697499999999999e-01
1.1546900000000000e+00 2.3688500000000001e-01
1.1562500000000000e+00 2.3677100000000001e-01
1.1578100000000000e+00 2.3667900000000000e-01
1.1593700000000000e+00 2.3657900000000001e-01
1.1609400000000001e+00 2.3648200000000000e-01
1.1625000000000001e+00 2.3639700000000000e-01
1.1640600000000001e+00 2.3632800000000001e-01
1.1656200000000001e+00 2.3627799999999999e-01
1.1671899999999999e+00 2.3623600000000000e-01
1.1687500000000000e+00 2.3619100000000001e-01
1.1703100000000000e+00 2.3613200000000001e-01
1.1718700000000000e+00 2.3606900000000000e-01
1.1734400000000000e+00 2.3602300000000001e-01
1.1750000000000000e+00 2.3599899999999999e-01
1.1765600000000001e+00 2.3598000000000000e-01
1.1781299999999999e+00 2.3595099999999999e-01
1.1796899999999999e+00 2.3591200000000001e-01
1.1812499999999999e+00 2.3586699999999999e-01
1.1828099999999999e+00 2.3581700000000000e-01
1.1843800000000000e+00 2.3576300000000000e-01
1.1859400000000000e+00 2.3570900000000000e-01
1.1875000000000000e+00 2.3565200000000000e-01
1.1890600000000000e+00 2.3559900000000000e-01
1.1906200000000000e+00 2.3554600000000001e-01
1.1921900000000001e+00 2.3549500000000001e-01
1.1937500000000001e+00 2.3544599999999999e-01
1.1953100000000001e+00 2.3539900000000000e-01
1.1968700000000001e+00 2.3535500000000001e-01
1.1984399999999999e+00 2.3531400000000000e-01
1.2000000000000000e+00 2.3525299999999999e-01
1.2015600000000000e+00 2.3521200000000000e-01
1.2031200000000000e+00 2.3516500000000001e-01
1.2046900000000000e+00 2.3511099999999999e-01
1.2062500000000000e+00 2.3505100000000001e-01
1.2078100000000001e+00 2.3498500000000000e-01
1.2093799999999999e+00 2.3491400000000001e-01
1.2109399999999999e+00 2.3483699999999999e-01
1.2124999999999999e+00 2.3475399999999999e-01
1.2140599999999999e+00 2.3466200000000001e-01
1.2156300000000000e+00 2.3456500000000000e-01
1.2171900000000000e+00 2.3446300000000000e-01
1.2187500000000000e+00 2.3433399999999999e-01
1.2203100000000000e+00 2.3422699999999999e-01
1.2218700000000000e+00 2.3411699999999999e-01
1.2234400000000001e+00 2.3400499999999999e-01
1.2250000000000001e+00 2.3389199999999999e-01
1.2265600000000001e+00 2.3377700000000001e-01
1.2281200000000001e+00 2.3366300000000001e-01
1.2296899999999999e+00 2.3354600000000000e-01
1.2312500000000000e+00 2.3343100000000000e-01
1.2328100000000000e+00 2.3332000000000000e-01
1.2343700000000000e+00 2.3320700000000000e-01
1.2359400000000000e+00 2.3310000000000000e-01
1.2375000000000000e+00 2.3299900000000001e-01
1.2390600000000001e+00 2.3290200000000000e-01
1.2406299999999999e+00 2.3280699999999999e-01
1.2421899999999999e+00 2.3271700000000001e-01
1.2437499999999999e+00 2.3263100000000000e-01
1.2453099999999999e+00 2.3254800000000000e-01
1.2468800000000000e+00 2.3246900000000001e-01
1.2484400000000000e+00 2.3239099999999999e-01
1.2500000000000000e+00 2.3227999999999999e-01
1.2515600000000000e+00 2.3222100000000001e-01
1.2531200000000000e+00 2.3213000000000000e-01
1.2546900000000001e+00 2.3207000000000000e-01
1.2562500000000001e+00 2.3200599999999999e-01
1.2578100000000001e+00 2.3192699999999999e-01
1.2593700000000001e+00 2.3182900000000001e-01
1.2609399999999999e+00 2.3172200000000001e-01
1.2625000000000000e+00 2.3161000000000001e-01
1.2640600000000000e+00 2.3150100000000001e-01
1.2656200000000000e+00 2.3141500000000001e-01
1.2671900000000000e+00 2.3135500000000001e-01
1.2687500000000000e+00 2.3129400000000000e-01
1.2703100000000001e+00 2.3121900000000001e-01
1.2718799999999999e+00 2.3114199999999999e-01
1.2734399999999999e+00 2.3105899999999999e-01
1.2749999999999999e+00 2.3096200000000000e-01
1.2765599999999999e+00 2.3086599999999999e-01
1.2781300000000000e+00 2.3077900000000001e-01
1.2796900000000000e+00 2.3069400000000001e-01
1.2812500000000000e+00 2.3062099999999999e-01
1.2828100000000000e+00 2.3053799999999999e-01
1.2843700000000000e+00 2.3044500000000001e-01
1.2859400000000001e+00 2.3034800000000000e-01
1.2875000000000001e+00 2.3024900000000001e-01
1.2890600000000001e+00 2.3015099999999999e-01
1.2906200000000001e+00 2.3005600000000001e-01
1.2921899999999999e+00 2.2996700000000000e-01
1.2937500000000000e+00 2.2988300000000000e-01
1.2953100000000000e+00 2.2980300000000001e-01
1.2968700000000000e+00 2.2972400000000001e-01
1.2984400000000000e+00 2.2964399999999999e-01
1.3000000000000000e+00 2.2956299999999999e-01
1.3015600000000001e+00 2.2947899999999999e-01
1.3031299999999999e+00 2.2939300000000001e-01
1.3046899999999999e+00 2.2930400000000001e-01
1.3062499999999999e+00 2.2921300000000000e-01
1.3078099999999999e+00 2.2912099999999999e-01
1.3093800000000000e+00 2.2902800000000001e-01
1.3109400000000000e+00 2.2893500000000000e-01
1.3125000000000000e+00 2.2888100000000000e-01
1.3140600000000000e+00 2.2878699999999999e-01
1.3156200000000000e+00 2.2869800000000001e-01
1.3171900000000001e+00 2.2861100000000001e-01
1.3187500000000001e+00 2.2852300000000000e-01
1.3203100000000001e+00 2.2843900000000000e-01
1.3218700000000001e+00 2.2836200000000001e-01
1.3234399999999999e+00 2.2828699999999999e-01
1.3250000000000000e+00 2.2821100000000000e-01
1.3265600000000000e+00 2.2813600000000001e-01
1.3281200000000000e+00 2.2806499999999999e-01
1.3296900000000000e+00 2.2799700000000001e-01
1.3312500000000000e+00 2.2792999999999999e-01
1.3328100000000001e+00 2.2786300000000001e-01
1.3343799999999999e+00 2.2779600000000000e-01
1.3359399999999999e+00 2.2773099999999999e-01
1.3374999999999999e+00 2.2766800000000001e-01
1.3390599999999999e+00 2.2760600000000000e-01
1.3406300000000000e+00 2.2756399999999999e-01
1.3421900000000000e+00 2.2750699999999999e-01
1.3437500000000000e+00 2.2747400000000001e-01
1.3453100000000000e+00 2.2738400000000000e-01
1.3468700000000000e+00 2.2728000000000001e-01
1.3484400000000001e+00 2.2716900000000001e-01
1.3500000000000001e+00 2.2706299999999999e-01
1.3515600000000001e+00 2.2696900000000000e-01
1.3531200000000001e+00 2.2688800000000001e-01
1.3546899999999999e+00 2.2682500000000000e-01
1.3562500000000000e+00 2.2679199999999999e-01
1.3578100000000000e+00 2.2676900000000000e-01
1.3593700000000000e+00 2.2673399999999999e-01
1.3609400000000000e+00 2.2670100000000001e-01
1.3625000000000000e+00 2.2666400000000000e-01
1.3640600000000001e+00 2.2661999999999999e-01
1.3656299999999999e+00 2.2656799999999999e-01
1.3671899999999999e+00 2.2651199999999999e-01
1.3687499999999999e+00 2.2645100000000001e-01
1.3703099999999999e+00 2.2638800000000001e-01
1.3718800000000000e+00 2.2632200000000000e-01
1.3734400000000000e+00 2.2625400000000001e-01
1.3750000000000000e+00 2.2616700000000001e-01
1.3765600000000000e+00 2.2610100000000000e-01
1.3781200000000000e+00 2.2602900000000001e-01
1.3796900000000001e+00 2.2595599999999999e-01
1.3812500000000001e+00 2.2588200000000000e-01
1.3828100000000001e+00 2.2580800000000001e-01
1.3843700000000001e+00 2.2573399999999999e-01
1.3859399999999999e+00 2.2566000000000000e-01
1.3875000000000000e+00 2.2558600000000001e-01
1.3890600000000000e+00 2.2551399999999999e-01
1.3906200000000000e+00 2.2544300000000000e-01
1.3921900000000000e+00 2.2537299999999999e-01
1.3937500000000000e+00 2.2530400000000000e-01
1.3953100000000001e+00 2.2524300000000000e-01
1.3968799999999999e+00 2.2518299999999999e-01
1.3984399999999999e+00 2.2511600000000001e-01
1.3999999999999999e+00 2.2505800000000001e-01
1.4015599999999999e+00 2.2500800000000001e-01
1.4031300000000000e+00 2.2495699999999999e-01
1.4046900000000000e+00 2.2490099999999999e-01
1.4062500000000000e+00 2.2477300000000000e-01
1.4078100000000000e+00 2.2473799999999999e-01
1.4093700000000000e+00 2.2467500000000001e-01
1.4109400000000001e+00 2.2460900000000000e-01
1.4125000000000001e+00 2.2450300000000001e-01
1.4140600000000001e+00 2.2444500000000001e-01
1.4156200000000001e+00 2.2438800000000000e-01
1.4171899999999999e+00 2.2432900000000000e-01
1.4187500000000000e+00 2.2426900000000000e-01
1.4203100000000000e+00 2.2420300000000001e-01
1.4218700000000000e+00 2.2413600000000000e-01
1.4234400000000000e+00 2.2405600000000001e-01
1.4250000000000000e+00 2.2397000000000000e-01
1.4265600000000001e+00 2.2388200000000000e-01
1.4281299999999999e+00 2.2379199999999999e-01
1.4296899999999999e+00 2.2370200000000001e-01
1.4312499999999999e+00 2.2361200000000001e-01
1.4328099999999999e+00 2.2352300000000000e-01
1.4343800000000000e+00 2.2343700000000000e-01
1.4359400000000000e+00 2.2335500000000000e-01
1.4375000000000000e+00 2.2323699999999999e-01
1.4390600000000000e+00 2.2319200000000000e-01
1.4406200000000000e+00 2.2313800000000000e-01
1.4421900000000001e+00 2.2309399999999999e-01
1.4437500000000001e+00 2.2306100000000001e-01
1.4453100000000001e+00 2.2303500000000001e-01
1.4468700000000001e+00 2.2300900000000001e-01
1.4484399999999999e+00 2.2294600000000001e-01
1.4500000000000000e+00 2.2292999999999999e-01
1.4515600000000000e+00 2.2291800000000001e-01
1.4531200000000000e+00 2.2287999999999999e-01
1.4546900000000000e+00 2.2280600000000000e-01
1.4562500000000000e+00 2.2273000000000001e-01
1.4578100000000001e+00 2.2268099999999999e-01
1.4593799999999999e+00 2.2264200000000001e-01
1.4609399999999999e+00 2.2259499999999999e-01
1.4624999999999999e+00 2.2253700000000001e-01
1.4640599999999999e+00 2.2246900000000000e-01
1.4656300000000000e+00 2.2239600000000001e-01
1.4671900000000000e+00 2.2231600000000001e-01
1.4687500000000000e+00 2.2219900000000001e-01
1.4703100000000000e+00 2.2212299999999999e-01
1.4718700000000000e+00 2.2204199999999999e-01
1.4734400000000001e+00 2.2195799999999999e-01
1.4750000000000001e+00 2.2187100000000001e-01
1.4765600000000001e+00 2.2178300000000001e-01
1.4781200000000001e+00 2.2169500000000000e-01
1.4796899999999999e+00 2.2160900000000000e-01
1.4812500000000000e+00 2.2152300000000000e-01
1.4828100000000000e+00 2.2143800000000000e-01
1.4843700000000000e+00 2.2135199999999999e-01
1.4859400000000000e+00 2.2126599999999999e-01
1.4875000000000000e+00 2.2117800000000001e-01
1.4890600000000001e+00 2.2108900000000001e-01
1.4906299999999999e+00 2.2099900000000000e-01
1.4921899999999999e+00 2.2090799999999999e-01
1.4937499999999999e+00 2.2081400000000001e-01
1.4953099999999999e+00 2.2072000000000000e-01
1.4968800000000000e+00 2.2062399999999999e-01
1.4984400000000000e+00 2.2052700000000000e-01
1.5000000000000000e+00 2.2040000000000001e-01
1.5015600000000000e+00 2.2030800000000000e-01
1.5031200000000000e+00 2.2021299999999999e-01
1.5046900000000001e+00 2.2011900000000001e-01
1.5062500000000001e+00 2.2001999999999999e-01
1.5078100000000001e+00 2.1992100000000001e-01
1.5093700000000001e+00 2.1982800000000000e-01
1.5109399999999999e+00 2.1973599999999999e-01
1.5125000000000000e+00 2.1964300000000000e-01
1.5140600000000000e+00 2.1955200000000000e-01
1.5156200000000000e+00 2.1946700000000000e-01
1.5171900000000000e+00 2.1938800000000000e-01
1.5187500000000000e+00 2.1931999999999999e-01
1.5203100000000001e+00 2.1925300000000000e-01
1.5218799999999999e+00 2.1917700000000001e-01
1.5234399999999999e+00 2.1911100000000000e-01
1.5249999999999999e+00 2.1906000000000000e-01
1.5265599999999999e+00 2.1901499999999999e-01
1.5281300000000000e+00 2.1897100000000000e-01
1.5296900000000000e+00 2.1892600000000001e-01
1.5312500000000000e+00 2.1885900000000000e-01
1.5328100000000000e+00 2.1881700000000001e-01
1.5343700000000000e+00 2.1874600000000000e-01
1.5359400000000001e+00 2.1870899999999999e-01
1.5375000000000001e+00 2.1867600000000001e-01
1.5390600000000001e+00 2.1863900000000000e-01
1.5406200000000001e+00 2.1858700000000000e-01
1.5421899999999999e+00 2.1851699999999999e-01
1.5437500000000000e+00 2.1843299999999999e-01
1.5453100000000000e+00 2.1834200000000001e-01
1.5468700000000000e+00 2.1825300000000000e-01
1.5484400000000000e+00 2.1817800000000001e-01
1.5500000000000000e+00 2.1812500000000001e-01
1.5515600000000001e+00 2.1808900000000001e-01
1.5531299999999999e+00 2.1806500000000001e-01
1.5546899999999999e+00 2.1802900000000000e-01
1.5562499999999999e+00 2.1797200000000000e-01
1.5578099999999999e+00 2.1791199999999999e-01
1.5593800000000000e+00 2.1786100000000000e-01
1.5609400000000000e+00 2.1781400000000001e-01
1.5625000000000000e+00 2.1776300000000001e-01
1.5640600000000000e+00 2.1769800000000000e-01
1.5656200000000000e+00 2.1763399999999999e-01
1.5671900000000001e+00 2.1756600000000001e-01
1.5687500000000001e+00 2.1749599999999999e-01
1.5703100000000001e+00 2.1742400000000001e-01
1.5718700000000001e+00 2.1734999999999999e-01
1.5734399999999999e+00 2.1727399999999999e-01
1.5750000000000000e+00 2.1719500000000000e-01
1.5765600000000000e+00 2.1711300000000000e-01
1.5781200000000000e+00 2.1702800000000000e-01
1.5796900000000000e+00 2.1694200000000000e-01
1.5812500000000000e+00 2.1685399999999999e-01
1.5828100000000001e+00 2.1676300000000001e-01
1.5843799999999999e+00 2.1667100000000000e-01
1.5859399999999999e+00 2.1657699999999999e-01
1.5874999999999999e+00 2.1648300000000001e-01
1.5890599999999999e+00 2.1638700000000000e-01
1.5906300000000000e+00 2.1629100000000001e-01
1.5921900000000000e+00 2.1619400000000000e-01
1.5937500000000000e+00 2.1609400000000001e-01
1.5953100000000000e+00 2.1600100000000000e-01
1.5968700000000000e+00 2.1590599999999999e-01
1.5984400000000001e+00 2.1581100000000000e-01
1.6000000000000001e+00 2.1571599999999999e-01
1.6015600000000001e+00 2.1562200000000001e-01
1.6031200000000001e+00 2.1553000000000000e-01
1.6046899999999999e+00 2.1543799999999999e-01
1.6062500000000000e+00 2.1534600000000001e-01
1.6078100000000000e+00 2.1528600000000001e-01
1.6093700000000000e+00 2.1519199999999999e-01
1.6109400000000000e+00 2.1509300000000001e-01
1.6125000000000000e+00 2.1499099999999999e-01
1.6140600000000001e+00 2.1488599999999999e-01
1.6156299999999999e+00 2.1477399999999999e-01
1.6171899999999999e+00 2.1465799999999999e-01
1.6187499999999999e+00 2.1454200000000001e-01
1.6203099999999999e+00 2.1442800000000001e-01
1.6218800000000000e+00 2.1431200000000000e-01
1.6234400000000000e+00 2.1419299999999999e-01
1.6250000000000000e+00 2.1407599999999999e-01
1.6265600000000000e+00 2.1395000000000000e-01
1.6281200000000000e+00 2.1384000000000000e-01
1.6296900000000001e+00 2.1373200000000001e-01
1.6312500000000001e+00 2.1362700000000001e-01
1.6328100000000001e+00 2.1352499999999999e-01
1.6343700000000001e+00 2.1342700000000001e-01
1.6359399999999999e+00 2.1333299999999999e-01
1.6375000000000000e+00 2.1324499999999999e-01
1.6390600000000000e+00 2.1316399999999999e-01
1.6406200000000000e+00 2.1309000000000000e-01
1.6421900000000000e+00 2.1302499999999999e-01
1.6437500000000000e+00 2.1297500000000000e-01
1.6453100000000001e+00 2.1293699999999999e-01
1.6468799999999999e+00 2.1289600000000000e-01
1.6484399999999999e+00 2.1286099999999999e-01
1.6499999999999999e+00 2.1284900000000001e-01
1.6515599999999999e+00 2.1282999999999999e-01
1.6531300000000000e+00 2.1277099999999999e-01
1.6546900000000000e+00 2.1270600000000001e-01
1.6562500000000000e+00 2.1261600000000000e-01
1.6578100000000000e+00 2.1256800000000001e-01
1.6593700000000000e+00 2.1250400000000000e-01
1.6609400000000001e+00 2.1244099999999999e-01
1.6625000000000001e+00 2.1238899999999999e-01
1.6640600000000001e+00 2.1234800000000001e-01
1.6656200000000001e+00 2.1230700000000000e-01
1.6671899999999999e+00 2.1226300000000001e-01
1.6687500000000000e+00 2.1221699999999999e-01
1.6703100000000000e+00 2.1216599999999999e-01
1.6718700000000000e+00 2.1211099999999999e-01
1.6734400000000000e+00 2.1205199999999999e-01
1.6750000000000000e+00 2.1199100000000001e-01
1.6765600000000001e+00 2.1192600000000000e-01
1.6781299999999999e+00 2.1185899999999999e-01
1.6796899999999999e+00 2.1179000000000001e-01
1.6812499999999999e+00 2.1171899999999999e-01
1.6828099999999999e+00 2.1164700000000000e-01
1.6843800000000000e+00 2.1157500000000001e-01
1.6859400000000000e+00 2.1150300000000000e-01
1.6875000000000000e+00 2.1141299999999999e-01
1.6890600000000000e+00 2.1136099999999999e-01
1.6906200000000000e+00 2.1130199999999999e-01
1.6921900000000001e+00 2.1124399999999999e-01
1.6937500000000001e+00 2.1118799999999999e-01
1.6953100000000001e+00 2.1113100000000001e-01
1.6968700000000001e+00 2.1107300000000001e-01
1.6984399999999999e+00 2.1101400000000001e-01
1.7000000000000000e+00 2.1095300000000000e-01
1.7015600000000000e+00 2.1088999999999999e-01
1.7031200000000000e+00 2.1082600000000001e-01
1.7046900000000000e+00 2.1076000000000000e-01
1.7062500000000000e+00 2.1069299999999999e-01
1.7078100000000001e+00 2.1062500000000001e-01
1.7093799999999999e+00 2.1055599999999999e-01
1.7109399999999999e+00 2.1048600000000001e-01
1.7124999999999999e+00 2.1041599999999999e-01
1.7140599999999999e+00 2.1034600000000001e-01
1.7156300000000000e+00 2.1027599999999999e-01
1.7171900000000000e+00 2.1019800000000000e-01
1.7187500000000000e+00 2.1011400000000000e-01
1.7203100000000000e+00 2.1004300000000001e-01
1.7218700000000000e+00 2.0996000000000001e-01
1.7234400000000001e+00 2.0987200000000000e-01
1.7250000000000001e+00 2.0977999999999999e-01
1.7265600000000001e+00 2.0968100000000001e-01
1.7281200000000001e+00 2.0957700000000001e-01
1.7296899999999999e+00 2.0947199999999999e-01
1.7312500000000000e+00 2.0937000000000000e-01
1.7328100000000000e+00 2.0926800000000001e-01
1.7343700000000000e+00 2.0916499999999999e-01
1.7359400000000000e+00 2.0906400000000000e-01
1.7375000000000000e+00 2.0896700000000001e-01
1.7390600000000001e+00 2.0887600000000001e-01
1.7406299999999999e+00 2.0879100000000000e-01
1.7421899999999999e+00 2.0871200000000001e-01
1.7437499999999999e+00 2.0863899999999999e-01
1.7453099999999999e+00 2.0857200000000001e-01
1.7468800000000000e+00 2.0851400000000000e-01
1.7484400000000000e+00 2.0846200000000001e-01
1.7500000000000000e+00 2.0841399999999999e-01
1.7515600000000000e+00 2.0838599999999999e-01
1.7531200000000000e+00 2.0836299999999999e-01
1.7546900000000001e+00 2.0834300000000000e-01
1.7562500000000001e+00 2.0830099999999999e-01
1.7578100000000001e+00 2.0822399999999999e-01
1.7593700000000001e+00 2.0814199999999999e-01
1.7609399999999999e+00 2.0807700000000001e-01
1.7625000000000000e+00 2.0801700000000001e-01
1.7640600000000000e+00 2.0794899999999999e-01
1.7656200000000000e+00 2.0787900000000001e-01
1.7671900000000000e+00 2.0780899999999999e-01
1.7687500000000000e+00 2.0773400000000000e-01
1.7703100000000001e+00 2.0767200000000000e-01
1.7718799999999999e+00 2.0762600000000000e-01
1.7734399999999999e+00 2.0757200000000001e-01
1.7749999999999999e+00 2.0750700000000000e-01
1.7765599999999999e+00 2.0744699999999999e-01
1.7781300000000000e+00 2.0739400000000000e-01
1.7796900000000000e+00 2.0734200000000000e-01
1.7812500000000000e+00 2.0731400000000000e-01
1.7828100000000000e+00 2.0724400000000001e-01
1.7843700000000000e+00 2.0718200000000001e-01
1.7859400000000001e+00 2.0711599999999999e-01
1.7875000000000001e+00 2.0704900000000001e-01
1.7890600000000001e+00 2.0698500000000000e-01
1.7906200000000001e+00 2.0692700000000000e-01
1.7921899999999999e+00 2.0687600000000000e-01
1.7937500000000000e+00 2.0683000000000001e-01
1.7953100000000000e+00 2.0678800000000000e-01
1.7968700000000000e+00 2.0674699999999999e-01
1.7984400000000000e+00 2.0670400000000000e-01
1.8000000000000000e+00 2.0666100000000001e-01
1.8015600000000001e+00 2.0661499999999999e-01
1.8031299999999999e+00 2.0656700000000000e-01
1.8046899999999999e+00 2.0651800000000001e-01
1.8062499999999999e+00 2.0646600000000001e-01
1.8078099999999999e+00 2.0641399999999999e-01
1.8093800000000000e+00 2.0636099999999999e-01
1.8109400000000000e+00 2.0630799999999999e-01
1.8125000000000000e+00 2.0627599999999999e-01
1.8140600000000000e+00 2.0622699999999999e-01
1.8156200000000000e+00 2.0618300000000001e-01
1.8171900000000001e+00 2.0614299999999999e-01
1.8187500000000001e+00 2.0610700000000001e-01
1.8203100000000001e+00 2.0607400000000001e-01
1.8218700000000001e+00 2.0604400000000000e-01
1.8234399999999999e+00 2.0601600000000000e-01
1.8250000000000000e+00 2.0599000000000001e-01
1.8265600000000000e+00 2.0596600000000001e-01
1.8281200000000000e+00 2.0594299999999999e-01
1.8296900000000000e+00 2.0591699999999999e-01
1.8312500000000000e+00 2.0589499999999999e-01
1.8328100000000001e+00 2.0586699999999999e-01
1.8343799999999999e+00 2.0582400000000001e-01
1.8359399999999999e+00 2.0576700000000001e-01
1.8374999999999999e+00 2.0569499999999999e-01
1.8390599999999999e+00 2.0561099999999999e-01
1.8406300000000000e+00 2.0551800000000001e-01
1.8421900000000000e+00 2.0541999999999999e-01
1.8437500000000000e+00 2.0531600000000000e-01
1.8453100000000000e+00 2.0521600000000001e-01
1.8468700000000000e+00 2.0512000000000000e-01
1.8484400000000001e+00 2.0503399999999999e-01
1.8500000000000001e+00 2.0496100000000000e-01
1.8515600000000001e+00 2.0489900000000000e-01
1.8531200000000001e+00 2.0484600000000000e-01
1.8546899999999999e+00 2.0480499999999999e-01
1.8562500000000000e+00 2.0477500000000001e-01
1.8578100000000000e+00 2.0475399999999999e-01
1.8593700000000000e+00 2.0474200000000001e-01
1.8609400000000000e+00 2.0472499999999999e-01
1.8625000000000000e+00 2.0469200000000001e-01
1.8640600000000001e+00 2.0464099999999999e-01
1.8656299999999999e+00 2.0458100000000001e-01
1.8671899999999999e+00 2.0452400000000001e-01
1.8687499999999999e+00 2.0447499999999999e-01
1.8703099999999999e+00 2.0443400000000000e-01
1.8718800000000000e+00 2.0439700000000000e-01
1.8734400000000000e+00 2.0435900000000001e-01
1.8750000000000000e+00 2.0429400000000000e-01
1.8765600000000000e+00 2.0424800000000001e-01
1.8781200000000000e+00 2.0419399999999999e-01
1.8796900000000001e+00 2.0414499999999999e-01
1.8812500000000001e+00 2.0410300000000001e-01
1.8828100000000001e+00 2.0405999999999999e-01
1.8843700000000001e+00 2.0400900000000000e-01
1.8859399999999999e+00 2.0395099999999999e-01
1.8875000000000000e+00 2.0388899999999999e-01
1.8890600000000000e+00 2.0382400000000001e-01
1.8906200000000000e+00 2.0375799999999999e-01
1.8921900000000000e+00 2.0369100000000001e-01
1.8937500000000000e+00 2.0362400000000000e-01
1.8953100000000001e+00 2.0355799999999999e-01
1.8968799999999999e+00 2.0349300000000001e-01
1.8984399999999999e+00 2.0343100000000000e-01
1.8999999999999999e+00 2.0337700000000000e-01
1.9015599999999999e+00 2.0332400000000000e-01
1.9031300000000000e+00 2.0326500000000000e-01
1.9046900000000000e+00 2.0321400000000001e-01
1.9062500000000000e+00 2.0317800000000000e-01
1.9078100000000000e+00 2.0314399999999999e-01
1.9093700000000000e+00 2.0310800000000001e-01
1.9109400000000001e+00 2.0306800000000000e-01
1.9125000000000001e+00 2.0302400000000001e-01
1.9140600000000001e+00 2.0297799999999999e-01
1.9156200000000001e+00 2.0293100000000000e-01
1.9171899999999999e+00 2.0288600000000001e-01
1.9187500000000000e+00 2.0284500000000000e-01
1.9203100000000000e+00 2.0281199999999999e-01
1.9218700000000000e+00 2.0278399999999999e-01
1.9234400000000000e+00 2.0275899999999999e-01
1.9250000000000000e+00 2.0273500000000000e-01
1.9265600000000001e+00 2.0271000000000000e-01
1.9281299999999999e+00 2.0268500000000000e-01
1.9296899999999999e+00 2.0265800000000000e-01
1.9312499999999999e+00 2.0263000000000000e-01
1.9328099999999999e+00 2.0260100000000000e-01
1.9343800000000000e+00 2.0257100000000000e-01
1.9359400000000000e+00 2.0254200000000000e-01
1.9375000000000000e+00 2.0247499999999999e-01
1.9390600000000000e+00 2.0246100000000000e-01
1.9406200000000000e+00 2.0243800000000001e-01
1.9421900000000001e+00 2.0241700000000001e-01
1.9437500000000001e+00 2.0239900000000000e-01
1.9453100000000001e+00 2.0238500000000001e-01
1.9468700000000001e+00 2.0237400000000000e-01
1.9484399999999999e+00 2.0232600000000001e-01
1.9500000000000000e+00 2.0231499999999999e-01
1.9515600000000000e+00 2.0229000000000000e-01
1.9531200000000000e+00 2.0224000000000000e-01
1.9546900000000000e+00 2.0216500000000001e-01
1.9562500000000000e+00 2.0207700000000001e-01
1.9578100000000001e+00 2.0198900000000000e-01
1.9593799999999999e+00 2.0191000000000001e-01
1.9609399999999999e+00 2.0184600000000000e-01
1.9624999999999999e+00 2.0180100000000001e-01
1.9640599999999999e+00 2.0177000000000000e-01
1.9656300000000000e+00 2.0174600000000001e-01
1.9671900000000000e+00 2.0171900000000001e-01
1.9687500000000000e+00 2.0168300000000000e-01
1.9703100000000000e+00 2.0163200000000001e-01
1.9718700000000000e+00 2.0157800000000001e-01
1.9734400000000001e+00 2.0151700000000000e-01
1.9750000000000001e+00 2.0145500000000000e-01
1.9765600000000001e+00 2.0139599999999999e-01
1.9781200000000001e+00 2.0134199999999999e-01
1.9796899999999999e+00 2.0129800000000000e-01
1.9812500000000000e+00 2.0125699999999999e-01
1.9828100000000000e+00 2.0122499999999999e-01
1.9843700000000000e+00 2.0119699999999999e-01
1.9859400000000000e+00 2.0116600000000001e-01
1.9875000000000000e+00 2.0112900000000000e-01
1.9890600000000001e+00 2.0108899999999999e-01
1.9906299999999999e+00 2.0104700000000000e-01
1.9921899999999999e+00 2.0101100000000000e-01
1.9937499999999999e+00 2.0099000000000000e-01
1.9953099999999999e+00 2.0097400000000001e-01
1.9968800000000000e+00 2.0095199999999999e-01
1.9984400000000000e+00 2.0093300000000000e-01
2.0000000000000000e+00 2.0087900000000000e-01
2.0015600000000000e+00 2.0083500000000001e-01
2.0031200000000000e+00 2.0079400000000000e-01
2.0046900000000001e+00 2.0074800000000001e-01
2.0062500000000001e+00 2.0069899999999999e-01
2.0078100000000001e+00 2.0064599999999999e-01
2.0093800000000002e+00 2.0059199999999999e-01
2.0109400000000002e+00 2.0053599999999999e-01
2.0125000000000002e+00 2.0047899999999999e-01
2.0140600000000002e+00 2.0042099999999999e-01
2.0156200000000002e+00 2.0036300000000001e-01
2.0171899999999998e+00 2.0030400000000001e-01
2.0187499999999998e+00 2.0024600000000001e-01
2.0203099999999998e+00 2.0018800000000000e-01
2.0218699999999998e+00 2.0013100000000000e-01
2.0234399999999999e+00 2.0007600000000000e-01
2.0249999999999999e+00 2.0002400000000001e-01
2.0265599999999999e+00 1.9997400000000001e-01
2.0281300000000000e+00 1.9993200000000000e-01
2.0296900000000000e+00 1.9989799999999999e-01
2.0312500000000000e+00 1.9985200000000000e-01
2.0328100000000000e+00 1.9981900000000000e-01
2.0343700000000000e+00 1.9979800000000000e-01
2.0359400000000001e+00 1.9978199999999999e-01
2.0375000000000001e+00 1.9977100000000000e-01
2.0390600000000001e+00 1.9975599999999999e-01
2.0406300000000002e+00 1.9974000000000000e-01
2.0421900000000002e+00 1.9972300000000001e-01
2.0437500000000002e+00 1.9970700000000000e-01
2.0453100000000002e+00 1.9969300000000001e-01
2.0468700000000002e+00 1.9968300000000000e-01
2.0484399999999998e+00 1.9968200000000000e-01
2.0499999999999998e+00 1.9969000000000001e-01
2.0515599999999998e+00 1.9970299999999999e-01
2.0531199999999998e+00 1.9971900000000001e-01
2.0546899999999999e+00 1.9973600000000000e-01
2.0562499999999999e+00 1.9973500000000000e-01
2.0578099999999999e+00 1.9974800000000001e-01
2.0593800000000000e+00 1.9974500000000001e-01
2.0609400000000000e+00 1.9971200000000000e-01
2.0625000000000000e+00 1.9963500000000001e-01
2.0640600000000000e+00 1.9955600000000001e-01
2.0656200000000000e+00 1.9947400000000001e-01
2.0671900000000001e+00 1.9939999999999999e-01
2.0687500000000001e+00 1.9933999999999999e-01
2.0703100000000001e+00 1.9929800000000000e-01
2.0718800000000002e+00 1.9927100000000000e-01
2.0734400000000002e+00 1.9925399999999999e-01
2.0750000000000002e+00 1.9923900000000000e-01
2.0765600000000002e+00 1.9921800000000001e-01
2.0781200000000002e+00 1.9919200000000001e-01
2.0796899999999998e+00 1.9916000000000000e-01
2.0812499999999998e+00 1.9912199999999999e-01
2.0828099999999998e+00 1.9908200000000001e-01
2.0843699999999998e+00 1.9903799999999999e-01
2.0859399999999999e+00 1.9899400000000000e-01
2.0874999999999999e+00 1.9895099999999999e-01
2.0890599999999999e+00 1.9890800000000000e-01
2.0906300000000000e+00 1.9886799999999999e-01
2.0921900000000000e+00 1.9883000000000001e-01
2.0937500000000000e+00 1.9878799999999999e-01
2.0953100000000000e+00 1.9875899999999999e-01
2.0968700000000000e+00 1.9872999999999999e-01
2.0984400000000001e+00 1.9870299999999999e-01
2.1000000000000001e+00 1.9867599999999999e-01
2.1015600000000001e+00 1.9864699999999999e-01
2.1031300000000002e+00 1.9863500000000001e-01
2.1046900000000002e+00 1.9858999999999999e-01
2.1062500000000002e+00 1.9854300000000000e-01
2.1078100000000002e+00 1.9850000000000001e-01
2.1093700000000002e+00 1.9846900000000001e-01
2.1109399999999998e+00 1.9844100000000001e-01
2.1124999999999998e+00 1.9840600000000000e-01
2.1140599999999998e+00 1.9837199999999999e-01
2.1156199999999998e+00 1.9834099999999999e-01
2.1171899999999999e+00 1.9831299999999999e-01
2.1187499999999999e+00 1.9828399999999999e-01
2.1203099999999999e+00 1.9825200000000001e-01
2.1218800000000000e+00 1.9821700000000000e-01
2.1234400000000000e+00 1.9817899999999999e-01
2.1250000000000000e+00 1.9813100000000000e-01
2.1265600000000000e+00 1.9808400000000001e-01
2.1281200000000000e+00 1.9804900000000000e-01
2.1296900000000001e+00 1.9801400000000000e-01
2.1312500000000001e+00 1.9797899999999999e-01
2.1328100000000001e+00 1.9794200000000001e-01
2.1343800000000002e+00 1.9790300000000000e-01
2.1359400000000002e+00 1.9786400000000001e-01
2.1375000000000002e+00 1.9782500000000000e-01
2.1390600000000002e+00 1.9778699999999999e-01
2.1406200000000002e+00 1.9775000000000001e-01
2.1421899999999998e+00 1.9771500000000000e-01
2.1437499999999998e+00 1.9768100000000000e-01
2.1453099999999998e+00 1.9764899999999999e-01
2.1468699999999998e+00 1.9761899999999999e-01
2.1484399999999999e+00 1.9759199999999999e-01
2.1499999999999999e+00 1.9756799999999999e-01
2.1515599999999999e+00 1.9754700000000000e-01
2.1531300000000000e+00 1.9753000000000001e-01
2.1546900000000000e+00 1.9751800000000000e-01
2.1562500000000000e+00 1.9750200000000001e-01
2.1578100000000000e+00 1.9750100000000001e-01
2.1593700000000000e+00 1.9751600000000000e-01
2.1609400000000001e+00 1.9752800000000001e-01
2.1625000000000001e+00 1.9753599999999999e-01
2.1640600000000001e+00 1.9755200000000001e-01
2.1656300000000002e+00 1.9757900000000000e-01
2.1671900000000002e+00 1.9759099999999999e-01
2.1687500000000002e+00 1.9758000000000001e-01
2.1703100000000002e+00 1.9754500000000000e-01
2.1718700000000002e+00 1.9749600000000000e-01
2.1734399999999998e+00 1.9744100000000001e-01
2.1749999999999998e+00 1.9738900000000001e-01
2.1765599999999998e+00 1.9734800000000000e-01
2.1781199999999998e+00 1.9732200000000000e-01
2.1796899999999999e+00 1.9731099999999999e-01
2.1812499999999999e+00 1.9731199999999999e-01
2.1828099999999999e+00 1.9732000000000000e-01
2.1843800000000000e+00 1.9732900000000000e-01
2.1859400000000000e+00 1.9733100000000001e-01
2.1875000000000000e+00 1.9730400000000001e-01
2.1890600000000000e+00 1.9728599999999999e-01
2.1906200000000000e+00 1.9726800000000000e-01
2.1921900000000001e+00 1.9724200000000000e-01
2.1937500000000001e+00 1.9721100000000000e-01
2.1953100000000001e+00 1.9717499999999999e-01
2.1968800000000002e+00 1.9713600000000001e-01
2.1984400000000002e+00 1.9709699999999999e-01
2.2000000000000002e+00 1.9705800000000001e-01
2.2015600000000002e+00 1.9702200000000000e-01
2.2031200000000002e+00 1.9698900000000000e-01
2.2046899999999998e+00 1.9696000000000000e-01
2.2062499999999998e+00 1.9693600000000000e-01
2.2078099999999998e+00 1.9691700000000001e-01
2.2093699999999998e+00 1.9689899999999999e-01
2.2109399999999999e+00 1.9689599999999999e-01
2.2124999999999999e+00 1.9687900000000000e-01
2.2140599999999999e+00 1.9685700000000000e-01
2.2156300000000000e+00 1.9683100000000001e-01
2.2171900000000000e+00 1.9679800000000000e-01
2.2187500000000000e+00 1.9675500000000001e-01
2.2203100000000000e+00 1.9670399999999999e-01
2.2218700000000000e+00 1.9665900000000000e-01
2.2234400000000001e+00 1.9661600000000001e-01
2.2250000000000001e+00 1.9657600000000000e-01
2.2265600000000001e+00 1.9654300000000000e-01
2.2281300000000002e+00 1.9651800000000000e-01
2.2296900000000002e+00 1.9649700000000000e-01
2.2312500000000002e+00 1.9646900000000000e-01
2.2328100000000002e+00 1.9643200000000000e-01
2.2343700000000002e+00 1.9639499999999999e-01
2.2359399999999998e+00 1.9636600000000001e-01
2.2374999999999998e+00 1.9634199999999999e-01
2.2390599999999998e+00 1.9631599999999999e-01
2.2406199999999998e+00 1.9629199999999999e-01
2.2421899999999999e+00 1.9626700000000000e-01
2.2437499999999999e+00 1.9625000000000001e-01
2.2453099999999999e+00 1.9624000000000000e-01
2.2468800000000000e+00 1.9623699999999999e-01
2.2484400000000000e+00 1.9623599999999999e-01
2.2500000000000000e+00 1.9622600000000001e-01
2.2515600000000000e+00 1.9622000000000001e-01
2.2531200000000000e+00 1.9622300000000001e-01
2.2546900000000001e+00 1.9622400000000001e-01
2.2562500000000001e+00 1.9622400000000001e-01
2.2578100000000001e+00 1.9622500000000001e-01
2.2593800000000002e+00 1.9622500000000001e-01
2.2609400000000002e+00 1.9622500000000001e-01
2.2625000000000002e+00 1.9622600000000001e-01
2.2640600000000002e+00 1.9622800000000001e-01
2.2656200000000002e+00 1.9622999999999999e-01
2.2671899999999998e+00 1.9623399999999999e-01
2.2687499999999998e+00 1.9623699999999999e-01
2.2703099999999998e+00 1.9624100000000000e-01
2.2718699999999998e+00 1.9624500000000000e-01
2.2734399999999999e+00 1.9624500000000000e-01
2.2749999999999999e+00 1.9623599999999999e-01
2.2765599999999999e+00 1.9621200000000000e-01
2.2781300000000000e+00 1.9617299999999999e-01
2.2796900000000000e+00 1.9612399999999999e-01
2.2812500000000000e+00 1.9605700000000001e-01
2.2828100000000000e+00 1.9600100000000001e-01
2.2843700000000000e+00 1.9595000000000001e-01
2.2859400000000001e+00 1.9590800000000000e-01
2.2875000000000001e+00 1.9587700000000000e-01
2.2890600000000001e+00 1.9586600000000001e-01
2.2906300000000002e+00 1.9586700000000001e-01
2.2921900000000002e+00 1.9586700000000001e-01
2.2937500000000002e+00 1.9587700000000000e-01
2.2953100000000002e+00 1.9590199999999999e-01
2.2968700000000002e+00 1.9592899999999999e-01
2.2984399999999998e+00 1.9595000000000001e-01
2.2999999999999998e+00 1.9596200000000000e-01
2.3015599999999998e+00 1.9596400000000000e-01
2.3031199999999998e+00 1.9595699999999999e-01
2.3046899999999999e+00 1.9594400000000001e-01
2.3062499999999999e+00 1.9592899999999999e-01
2.3078099999999999e+00 1.9591300000000000e-01
2.3093800000000000e+00 1.9590199999999999e-01
2.3109400000000000e+00 1.9589300000000001e-01
2.3125000000000000e+00 1.9586999999999999e-01
2.3140600000000000e+00 1.9586300000000001e-01
2.3156200000000000e+00 1.9589500000000001e-01
2.3171900000000001e+00 1.9588200000000000e-01
2.3187500000000001e+00 1.9586300000000001e-01
2.3203100000000001e+00 1.9583900000000001e-01
2.3218800000000002e+00 1.9581200000000001e-01
2.3234400000000002e+00 1.9578200000000001e-01
2.3250000000000002e+00 1.9575100000000001e-01
2.3265600000000002e+00 1.9571900000000000e-01
2.3281200000000002e+00 1.9568700000000000e-01
2.3296899999999998e+00 1.9565500000000000e-01
2.3312499999999998e+00 1.9562499999999999e-01
2.3328099999999998e+00 1.9559499999999999e-01
2.3343699999999998e+00 1.9556399999999999e-01
2.3359399999999999e+00 1.9553200000000001e-01
2.3374999999999999e+00 1.9549800000000001e-01
2.3390599999999999e+00 1.9546400000000000e-01
2.3406300000000000e+00 1.9543099999999999e-01
2.3421900000000000e+00 1.9539899999999999e-01
2.3437500000000000e+00 1.9536700000000001e-01
2.3453100000000000e+00 1.9533900000000001e-01
2.3468700000000000e+00 1.9532500000000000e-01
2.3484400000000001e+00 1.9531699999999999e-01
2.3500000000000001e+00 1.9531100000000001e-01
2.3515600000000001e+00 1.9530400000000001e-01
2.3531300000000002e+00 1.9529099999999999e-01
2.3546900000000002e+00 1.9527300000000000e-01
2.3562500000000002e+00 1.9525300000000001e-01
2.3578100000000002e+00 1.9523699999999999e-01
2.3593700000000002e+00 1.9522600000000001e-01
2.3609399999999998e+00 1.9522400000000001e-01
2.3624999999999998e+00 1.9522600000000001e-01
2.3640599999999998e+00 1.9522800000000001e-01
2.3656199999999998e+00 1.9522700000000001e-01
2.3671899999999999e+00 1.9522500000000001e-01
2.3687499999999999e+00 1.9522600000000001e-01
2.3703099999999999e+00 1.9523299999999999e-01
2.3718800000000000e+00 1.9525000000000001e-01
2.3734400000000000e+00 1.9526900000000000e-01
2.3750000000000000e+00 1.9527500000000000e-01
2.3765600000000000e+00 1.9529199999999999e-01
2.3781200000000000e+00 1.9531899999999999e-01
2.3796900000000001e+00 1.9534599999999999e-01
2.3812500000000001e+00 1.9537199999999999e-01
2.3828100000000001e+00 1.9539400000000001e-01
2.3843800000000002e+00 1.9540600000000000e-01
2.3859400000000002e+00 1.9540800000000000e-01
2.3875000000000002e+00 1.9540299999999999e-01
2.3890600000000002e+00 1.9538900000000001e-01
2.3906200000000002e+00 1.9536800000000001e-01
2.3921899999999998e+00 1.9534199999999999e-01
2.3937499999999998e+00 1.9531499999999999e-01
2.3953099999999998e+00 1.9528699999999999e-01
2.3968699999999998e+00 1.9526199999999999e-01
2.3984399999999999e+00 1.9524000000000000e-01
2.3999999999999999e+00 1.9522200000000001e-01
2.4015599999999999e+00 1.9520799999999999e-01
2.4031300000000000e+00 1.9519800000000001e-01
2.4046900000000000e+00 1.9519200000000000e-01
2.4062500000000000e+00 1.9518300000000000e-01
2.4078100000000000e+00 1.9518300000000000e-01
2.4093700000000000e+00 1.9518600000000000e-01
2.4109400000000001e+00 1.9519000000000000e-01
2.4125000000000001e+00 1.9519400000000001e-01
2.4140600000000001e+00 1.9519600000000001e-01
2.4156300000000002e+00 1.9519600000000001e-01
2.4171900000000002e+00 1.9519400000000001e-01
2.4187500000000002e+00 1.9519300000000001e-01
2.4203100000000002e+00 1.9519800000000001e-01
2.4218700000000002e+00 1.9520299999999999e-01
2.4234399999999998e+00 1.9521800000000000e-01
2.4249999999999998e+00 1.9521800000000000e-01
2.4265599999999998e+00 1.9522400000000001e-01
2.4281199999999998e+00 1.9522600000000001e-01
2.4296899999999999e+00 1.9522400000000001e-01
2.4312499999999999e+00 1.9521600000000000e-01
2.4328099999999999e+00 1.9520299999999999e-01
2.4343800000000000e+00 1.9518600000000000e-01
2.4359400000000000e+00 1.9516700000000001e-01
2.4375000000000000e+00 1.9512499999999999e-01
2.4390600000000000e+00 1.9511400000000001e-01
2.4406200000000000e+00 1.9510900000000000e-01
2.4421900000000001e+00 1.9510700000000000e-01
2.4437500000000001e+00 1.9510900000000000e-01
2.4453100000000001e+00 1.9511100000000001e-01
2.4468800000000002e+00 1.9511200000000001e-01
2.4484400000000002e+00 1.9511100000000001e-01
2.4500000000000002e+00 1.9510700000000000e-01
2.4515600000000002e+00 1.9509799999999999e-01
2.4531200000000002e+00 1.9508300000000001e-01
2.4546899999999998e+00 1.9506200000000001e-01
2.4562499999999998e+00 1.9503699999999999e-01
2.4578099999999998e+00 1.9500899999999999e-01
2.4593699999999998e+00 1.9497999999999999e-01
2.4609399999999999e+00 1.9495299999999999e-01
2.4624999999999999e+00 1.9492899999999999e-01
2.4640599999999999e+00 1.9491100000000000e-01
2.4656300000000000e+00 1.9489899999999999e-01
2.4671900000000000e+00 1.9489500000000001e-01
2.4687500000000000e+00 1.9489400000000001e-01
2.4703100000000000e+00 1.9490299999999999e-01
2.4718700000000000e+00 1.9491900000000001e-01
2.4734400000000001e+00 1.9493500000000000e-01
2.4750000000000001e+00 1.9494700000000001e-01
2.4765600000000001e+00 1.9495299999999999e-01
2.4781300000000002e+00 1.9495599999999999e-01
2.4796900000000002e+00 1.9495999999999999e-01
2.4812500000000002e+00 1.9496600000000000e-01
2.4828100000000002e+00 1.9497800000000001e-01
2.4843700000000002e+00 1.9499400000000000e-01
2.4859399999999998e+00 1.9501599999999999e-01
2.4874999999999998e+00 1.9503999999999999e-01
2.4890599999999998e+00 1.9506299999999999e-01
2.4906199999999998e+00 1.9508100000000000e-01
2.4921899999999999e+00 1.9509399999999999e-01
2.4937499999999999e+00 1.9510400000000000e-01
2.4953099999999999e+00 1.9510800000000000e-01
2.4968800000000000e+00 1.9510500000000000e-01
2.4984400000000000e+00 1.9509599999999999e-01
2.5000000000000000e+00 1.9507500000000000e-01
2.5015600000000000e+00 1.9506100000000001e-01
2.5031200000000000e+00 1.9504700000000000e-01
2.5046900000000001e+00 1.9503000000000001e-01
2.5062500000000001e+00 1.9500999999999999e-01
2.5078100000000001e+00 1.9499400000000000e-01
2.5093800000000002e+00 1.9498499999999999e-01
2.5109400000000002e+00 1.9498399999999999e-01
2.5125000000000002e+00 1.9498299999999999e-01
2.5140600000000002e+00 1.9498199999999999e-01
2.5156200000000002e+00 1.9498599999999999e-01
2.5171899999999998e+00 1.9499500000000000e-01
2.5187499999999998e+00 1.9500700000000001e-01
2.5203099999999998e+00 1.9502000000000000e-01
2.5218699999999998e+00 1.9503599999999999e-01
2.5234399999999999e+00 1.9505200000000000e-01
2.5249999999999999e+00 1.9506899999999999e-01
2.5265599999999999e+00 1.9508800000000001e-01
2.5281300000000000e+00 1.9510800000000000e-01
2.5296900000000000e+00 1.9512699999999999e-01
2.5312500000000000e+00 1.9513500000000000e-01
2.5328100000000000e+00 1.9517100000000001e-01
2.5343700000000000e+00 1.9517399999999999e-01
2.5359400000000001e+00 1.9516800000000001e-01
2.5375000000000001e+00 1.9515500000000000e-01
2.5390600000000001e+00 1.9513700000000000e-01
2.5406300000000002e+00 1.9511700000000001e-01
2.5421900000000002e+00 1.9509699999999999e-01
2.5437500000000002e+00 1.9507600000000000e-01
2.5453100000000002e+00 1.9505600000000001e-01
2.5468700000000002e+00 1.9503899999999999e-01
2.5484399999999998e+00 1.9502500000000000e-01
2.5499999999999998e+00 1.9501399999999999e-01
2.5515599999999998e+00 1.9501399999999999e-01
2.5531199999999998e+00 1.9501700000000000e-01
2.5546899999999999e+00 1.9501399999999999e-01
2.5562499999999999e+00 1.9501700000000000e-01
2.5578099999999999e+00 1.9503100000000001e-01
2.5593800000000000e+00 1.9504600000000000e-01
2.5609400000000000e+00 1.9505900000000001e-01
2.5625000000000000e+00 1.9504299999999999e-01
2.5640600000000000e+00 1.9504600000000000e-01
2.5656200000000000e+00 1.9505100000000000e-01
2.5671900000000001e+00 1.9505200000000000e-01
2.5687500000000001e+00 1.9505500000000001e-01
2.5703100000000001e+00 1.9506200000000001e-01
2.5718800000000002e+00 1.9507300000000000e-01
2.5734400000000002e+00 1.9508500000000001e-01
2.5750000000000002e+00 1.9509599999999999e-01
2.5765600000000002e+00 1.9510200000000000e-01
2.5781200000000002e+00 1.9510500000000000e-01
2.5796899999999998e+00 1.9510400000000000e-01
2.5812499999999998e+00 1.9510100000000000e-01
2.5828099999999998e+00 1.9509599999999999e-01
2.5843699999999998e+00 1.9509000000000001e-01
2.5859399999999999e+00 1.9508500000000001e-01
2.5874999999999999e+00 1.9508200000000001e-01
2.5890599999999999e+00 1.9508000000000000e-01
2.5906300000000000e+00 1.9508300000000001e-01
2.5921900000000000e+00 1.9508900000000001e-01
2.5937500000000000e+00 1.9509899999999999e-01
2.5953100000000000e+00 1.9511800000000001e-01
2.5968700000000000e+00 1.9514100000000001e-01
2.5984400000000001e+00 1.9516300000000000e-01
2.6000000000000001e+00 1.9518300000000000e-01
2.6015600000000001e+00 1.9520000000000001e-01
2.6031300000000002e+00 1.9521500000000000e-01
2.6046900000000002e+00 1.9522999999999999e-01
2.6062500000000002e+00 1.9524600000000000e-01
2.6078100000000002e+00 1.9525999999999999e-01
2.6093700000000002e+00 1.9527900000000001e-01
2.6109399999999998e+00 1.9529500000000000e-01
2.6124999999999998e+00 1.9530700000000001e-01
2.6140599999999998e+00 1.9531399999999999e-01
2.6156199999999998e+00 1.9531399999999999e-01
2.6171899999999999e+00 1.9530600000000001e-01
2.6187499999999999e+00 1.9529099999999999e-01
2.6203099999999999e+00 1.9527000000000000e-01
2.6218800000000000e+00 1.9524700000000000e-01
2.6234400000000000e+00 1.9522400000000001e-01
2.6250000000000000e+00 1.9519900000000001e-01
2.6265600000000000e+00 1.9518400000000000e-01
2.6281200000000000e+00 1.9517599999999999e-01
2.6296900000000001e+00 1.9517599999999999e-01
2.6312500000000001e+00 1.9518099999999999e-01
2.6328100000000001e+00 1.9519000000000000e-01
2.6343800000000002e+00 1.9519900000000001e-01
2.6359400000000002e+00 1.9520899999999999e-01
2.6375000000000002e+00 1.9522400000000001e-01
2.6390600000000002e+00 1.9524300000000000e-01
2.6406200000000002e+00 1.9526900000000000e-01
2.6421899999999998e+00 1.9529800000000000e-01
2.6437499999999998e+00 1.9532500000000000e-01
2.6453099999999998e+00 1.9534799999999999e-01
2.6468699999999998e+00 1.9537599999999999e-01
2.6484399999999999e+00 1.9539699999999999e-01
2.6499999999999999e+00 1.9541600000000001e-01
2.6515599999999999e+00 1.9542799999999999e-01
2.6531300000000000e+00 1.9543199999999999e-01
2.6546900000000000e+00 1.9543099999999999e-01
2.6562500000000000e+00 1.9541200000000000e-01
2.6578100000000000e+00 1.9540600000000000e-01
2.6593700000000000e+00 1.9540299999999999e-01
2.6609400000000001e+00 1.9539599999999999e-01
2.6625000000000001e+00 1.9538700000000001e-01
2.6640600000000001e+00 1.9537800000000000e-01
2.6656300000000002e+00 1.9536899999999999e-01
2.6671900000000002e+00 1.9536100000000001e-01
2.6687500000000002e+00 1.9535200000000000e-01
2.6703100000000002e+00 1.9534299999999999e-01
2.6718700000000002e+00 1.9533400000000001e-01
2.6734399999999998e+00 1.9532600000000000e-01
2.6749999999999998e+00 1.9531899999999999e-01
2.6765599999999998e+00 1.9531499999999999e-01
2.6781199999999998e+00 1.9531399999999999e-01
2.6796899999999999e+00 1.9531799999999999e-01
2.6812499999999999e+00 1.9532600000000000e-01
2.6828099999999999e+00 1.9534499999999999e-01
2.6843800000000000e+00 1.9536400000000001e-01
2.6859400000000000e+00 1.9537800000000000e-01
2.6875000000000000e+00 1.9538100000000000e-01
2.6890600000000000e+00 1.9541400000000000e-01
2.6906200000000000e+00 1.9544600000000001e-01
2.6921900000000001e+00 1.9547400000000001e-01
2.6937500000000001e+00 1.9549600000000000e-01
2.6953100000000001e+00 1.9551099999999999e-01
2.6968800000000002e+00 1.9552100000000000e-01
2.6984400000000002e+00 1.9552700000000001e-01
2.7000000000000002e+00 1.9553300000000001e-01
2.7015600000000002e+00 1.9554099999999999e-01
2.7031200000000002e+00 1.9555300000000000e-01
2.7046899999999998e+00 1.9556799999999999e-01
2.7062499999999998e+00 1.9558300000000001e-01
2.7078099999999998e+00 1.9559799999999999e-01
2.7093699999999998e+00 1.9561300000000001e-01
2.7109399999999999e+00 1.9562700000000000e-01
2.7124999999999999e+00 1.9564100000000001e-01
2.7140599999999999e+00 1.9565500000000000e-01
2.7156300000000000e+00 1.9566900000000001e-01
2.7171900000000000e+00 1.9568500000000000e-01
2.7187500000000000e+00 1.9569600000000001e-01
2.7203100000000000e+00 1.9571500000000000e-01
2.7218700000000000e+00 1.9573900000000000e-01
2.7234400000000001e+00 1.9576099999999999e-01
2.7250000000000001e+00 1.9578000000000001e-01
2.7265600000000001e+00 1.9579099999999999e-01
2.7281300000000002e+00 1.9580500000000001e-01
2.7296900000000002e+00 1.9581399999999999e-01
2.7312500000000002e+00 1.9581799999999999e-01
2.7328100000000002e+00 1.9581699999999999e-01
2.7343700000000002e+00 1.9581399999999999e-01
2.7359399999999998e+00 1.9580900000000001e-01
2.7374999999999998e+00 1.9580500000000001e-01
2.7390599999999998e+00 1.9580300000000000e-01
2.7406199999999998e+00 1.9580200000000000e-01
2.7421899999999999e+00 1.9580100000000000e-01
2.7437499999999999e+00 1.9579700000000000e-01
2.7453099999999999e+00 1.9578999999999999e-01
2.7468800000000000e+00 1.9578100000000001e-01
2.7484400000000000e+00 1.9577000000000000e-01
2.7500000000000000e+00 1.9575500000000001e-01
2.7515600000000000e+00 1.9574600000000000e-01
2.7531200000000000e+00 1.9574100000000000e-01
2.7546900000000001e+00 1.9574100000000000e-01
2.7562500000000001e+00 1.9574700000000000e-01
2.7578100000000001e+00 1.9575999999999999e-01
2.7593800000000002e+00 1.9578899999999999e-01
2.7609400000000002e+00 1.9580800000000001e-01
2.7625000000000002e+00 1.9582600000000000e-01
2.7640600000000002e+00 1.9584099999999999e-01
2.7656200000000002e+00 1.9585700000000000e-01
2.7671899999999998e+00 1.9587399999999999e-01
2.7687499999999998e+00 1.9589500000000001e-01
2.7703099999999998e+00 1.9591900000000001e-01
2.7718699999999998e+00 1.9594300000000001e-01
2.7734399999999999e+00 1.9596000000000000e-01
2.7749999999999999e+00 1.9597100000000001e-01
2.7765599999999999e+00 1.9597700000000001e-01
2.7781300000000000e+00 1.9598099999999999e-01
2.7796900000000000e+00 1.9598599999999999e-01
2.7812500000000000e+00 1.9597100000000001e-01
2.7828100000000000e+00 1.9596600000000000e-01
2.7843700000000000e+00 1.9596300000000000e-01
2.7859400000000001e+00 1.9595899999999999e-01
2.7875000000000001e+00 1.9595399999999999e-01
2.7890600000000001e+00 1.9594400000000001e-01
2.7906300000000002e+00 1.9593400000000000e-01
2.7921900000000002e+00 1.9592599999999999e-01
2.7937500000000002e+00 1.9591800000000001e-01
2.7953100000000002e+00 1.9591200000000000e-01
2.7968700000000002e+00 1.9590700000000000e-01
2.7984399999999998e+00 1.9590500000000000e-01
2.7999999999999998e+00 1.9590299999999999e-01
2.8015599999999998e+00 1.9590199999999999e-01
2.8031199999999998e+00 1.9590099999999999e-01
2.8046899999999999e+00 1.9590199999999999e-01
2.8062499999999999e+00 1.9590500000000000e-01
2.8078099999999999e+00 1.9591100000000000e-01
2.8093800000000000e+00 1.9592200000000001e-01
2.8109400000000000e+00 1.9593700000000000e-01
2.8125000000000000e+00 1.9594200000000001e-01
2.8140600000000000e+00 1.9597300000000001e-01
2.8156200000000000e+00 1.9599700000000000e-01
2.8171900000000001e+00 1.9602100000000000e-01
2.8187500000000001e+00 1.9605500000000001e-01
2.8203100000000001e+00 1.9608999999999999e-01
2.8218800000000002e+00 1.9612099999999999e-01
2.8234400000000002e+00 1.9614500000000001e-01
2.8250000000000002e+00 1.9616000000000000e-01
2.8265600000000002e+00 1.9616900000000001e-01
2.8281200000000002e+00 1.9617299999999999e-01
2.8296899999999998e+00 1.9617699999999999e-01
2.8312499999999998e+00 1.9618500000000000e-01
2.8328099999999998e+00 1.9619800000000001e-01
2.8343699999999998e+00 1.9621600000000000e-01
2.8359399999999999e+00 1.9623599999999999e-01
2.8374999999999999e+00 1.9625600000000001e-01
2.8390599999999999e+00 1.9627700000000001e-01
2.8406300000000000e+00 1.9629800000000000e-01
2.8421900000000000e+00 1.9631899999999999e-01
2.8437500000000000e+00 1.9633300000000001e-01
2.8453100000000000e+00 1.9635500000000000e-01
2.8468700000000000e+00 1.9637800000000000e-01
2.8484400000000001e+00 1.9640099999999999e-01
2.8500000000000001e+00 1.9641500000000001e-01
2.8515600000000001e+00 1.9642899999999999e-01
2.8531300000000002e+00 1.9643400000000000e-01
2.8546900000000002e+00 1.9643099999999999e-01
2.8562500000000002e+00 1.9642499999999999e-01
2.8578100000000002e+00 1.9641600000000001e-01
2.8593700000000002e+00 1.9640600000000000e-01
2.8609399999999998e+00 1.9639699999999999e-01
2.8624999999999998e+00 1.9639000000000001e-01
2.8640599999999998e+00 1.9638500000000000e-01
2.8656199999999998e+00 1.9638300000000000e-01
2.8671899999999999e+00 1.9638400000000000e-01
2.8687499999999999e+00 1.9638800000000001e-01
2.8703099999999999e+00 1.9639300000000001e-01
2.8718800000000000e+00 1.9639599999999999e-01
2.8734400000000000e+00 1.9639599999999999e-01
2.8750000000000000e+00 1.9638900000000001e-01
2.8765600000000000e+00 1.9638300000000000e-01
2.8781200000000000e+00 1.9637900000000000e-01
2.8796900000000001e+00 1.9637600000000000e-01
2.8812500000000001e+00 1.9637800000000000e-01
2.8828100000000001e+00 1.9639300000000001e-01
2.8843800000000002e+00 1.9640299999999999e-01
2.8859400000000002e+00 1.9641700000000001e-01
2.8875000000000002e+00 1.9643099999999999e-01
2.8890600000000002e+00 1.9644500000000001e-01
2.8906200000000002e+00 1.9645799999999999e-01
2.8921899999999998e+00 1.9647000000000001e-01
2.8937499999999998e+00 1.9648299999999999e-01
2.8953099999999998e+00 1.9649800000000001e-01
2.8968699999999998e+00 1.9651800000000000e-01
2.8984399999999999e+00 1.9654099999999999e-01
2.8999999999999999e+00 1.9656399999999999e-01
2.9015599999999999e+00 1.9658000000000000e-01
2.9031300000000000e+00 1.9658900000000001e-01
2.9046900000000000e+00 1.9659299999999999e-01
2.9062500000000000e+00 1.9657800000000000e-01
2.9078100000000000e+00 1.9658000000000000e-01
2.9093700000000000e+00 1.9658400000000001e-01
2.9109400000000001e+00 1.9658000000000000e-01
2.9125000000000001e+00 1.9657200000000000e-01
2.9140600000000001e+00 1.9656499999999999e-01
2.9156300000000002e+00 1.9655800000000001e-01
2.9171900000000002e+00 1.9654800000000000e-01
2.9187500000000002e+00 1.9653799999999999e-01
2.9203100000000002e+00 1.9652900000000001e-01
2.9218700000000002e+00 1.9652000000000000e-01
2.9234399999999998e+00 1.9651299999999999e-01
2.9249999999999998e+00 1.9650799999999999e-01
2.9265599999999998e+00 1.9650599999999999e-01
2.9281199999999998e+00 1.9650300000000001e-01
2.9296899999999999e+00 1.9650000000000001e-01
2.9312499999999999e+00 1.9649700000000000e-01
2.9328099999999999e+00 1.9649700000000000e-01
2.9343800000000000e+00 1.9649800000000001e-01
2.9359400000000000e+00 1.9650400000000001e-01
2.9375000000000000e+00 1.9649700000000000e-01
2.9390600000000000e+00 1.9651299999999999e-01
2.9406200000000000e+00 1.9653100000000001e-01
2.9421900000000001e+00 1.9655100000000000e-01
2.9437500000000001e+00 1.9657800000000000e-01
2.9453100000000001e+00 1.9660500000000000e-01
2.9468800000000002e+00 1.9662800000000000e-01
2.9484400000000002e+00 1.9665800000000000e-01
2.9500000000000002e+00 1.9669000000000000e-01
2.9515600000000002e+00 1.9671700000000000e-01
2.9531200000000002e+00 1.9673599999999999e-01
2.9546899999999998e+00 1.9674900000000001e-01
2.9562499999999998e+00 1.9675599999999999e-01
2.9578099999999998e+00 1.9675899999999999e-01
2.9593699999999998e+00 1.9676299999999999e-01
2.9609399999999999e+00 1.9676900000000000e-01
2.9624999999999999e+00 1.9678200000000001e-01
2.9640599999999999e+00 1.9680100000000000e-01
2.9656300000000000e+00 1.9682400000000000e-01
2.9671900000000000e+00 1.9684699999999999e-01
2.9687500000000000e+00 1.9686600000000001e-01
2.9703100000000000e+00 1.9689200000000001e-01
2.9718700000000000e+00 1.9691800000000001e-01
2.9734400000000001e+00 1.9694400000000001e-01
2.9750000000000001e+00 1.9696700000000000e-01
2.9765600000000001e+00 1.9698299999999999e-01
2.9781300000000002e+00 1.9700100000000001e-01
2.9796900000000002e+00 1.9701099999999999e-01
2.9812500000000002e+00 1.9701199999999999e-01
2.9828100000000002e+00 1.9700400000000001e-01
2.9843700000000002e+00 1.9699100000000000e-01
2.9859399999999998e+00 1.9697700000000001e-01
2.9874999999999998e+00 1.9696300000000000e-01
2.9890599999999998e+00 1.9695299999999999e-01
2.9906199999999998e+00 1.9694500000000001e-01
2.9921899999999999e+00 1.9694100000000000e-01
2.9937499999999999e+00 1.9694000000000000e-01
2.9953099999999999e+00 1.9694300000000001e-01
2.9968800000000000e+00 1.9694800000000001e-01
2.9984400000000000e+00 1.9695299999999999e-01
3.0000000000000000e+00 1.9695199999999999e-01
