0 0.127499
0.001 0.127496
0.002 0.127493
0.003 0.12749
0.004 0.127485
0.005 0.12748
0.006 0.127474
0.007 0.127467
0.008 0.12746
0.009 0.127452
0.01 0.127443
0.011 0.127434
0.012 0.127424
0.013 0.127413
0.014 0.127402
0.015 0.12739
0.016 0.127378
0.017 0.127365
0.018 0.127351
0.019 0.127337
0.02 0.127323
0.021 0.127308
0.022 0.127292
0.023 0.127276
0.024 0.127259
0.025 0.127242
0.026 0.127225
0.027 0.127206
0.028 0.127188
0.029 0.127169
0.03 0.127149
0.031 0.127129
0.032 0.127108
0.033 0.127087
0.034 0.127066
0.035 0.127044
0.036 0.127022
0.037 0.126999
0.038 0.126976
0.039 0.126952
0.04 0.126928
0.041 0.126903
0.042 0.126878
0.043 0.126853
0.044 0.126827
0.045 0.126801
0.046 0.126774
0.047 0.126747
0.048 0.12672
0.049 0.126692
0.05 0.126664
0.051 0.126636
0.052 0.126607
0.053 0.126578
0.054 0.126548
0.055 0.126518
0.056 0.126488
0.057 0.126457
0.058 0.126426
0.059 0.126394
0.06 0.126363
0.061 0.12633
0.062 0.126298
0.063 0.126265
0.064 0.126232
0.065 0.126199
0.066 0.126165
0.067 0.126131
0.068 0.126096
0.069 0.126062
0.07 0.126027
0.071 0.125991
0.072 0.125956
0.073 0.12592
0.074 0.125883
0.075 0.125847
0.076 0.12581
0.077 0.125773
0.078 0.125735
0.079 0.125697
0.08 0.125659
0.081 0.125621
0.082 0.125582
0.083 0.125543
0.084 0.125504
0.085 0.125464
0.086 0.125424
0.087 0.125384
0.088 0.125343
0.089 0.125303
0.09 0.125262
0.091 0.12522
0.092 0.125179
0.093 0.125137
0.094 0.125095
0.095 0.125053
0.096 0.12501
0.097 0.124968
0.098 0.124924
0.099 0.124881
0.1 0.124838
0.101 0.124794
0.102 0.12475
0.103 0.124705
0.104 0.124661
0.105 0.124616
0.106 0.124571
0.107 0.124525
0.108 0.12448
0.109 0.124434
0.11 0.124388
0.111 0.124341
0.112 0.124295
0.113 0.124248
0.114 0.124201
0.115 0.124153
0.116 0.124106
0.117 0.124058
0.118 0.12401
0.119 0.123962
0.12 0.123914
0.121 0.123865
0.122 0.123816
0.123 0.123767
0.124 0.123718
0.125 0.123668
0.126 0.123619
0.127 0.123569
0.128 0.123519
0.129 0.123468
0.13 0.123417
0.131 0.123367
0.132 0.123316
0.133 0.123264
0.134 0.123213
0.135 0.123161
0.136 0.123109
0.137 0.123057
0.138 0.123005
0.139 0.122952
0.14 0.1229
0.141 0.122847
0.142 0.122794
0.143 0.122741
0.144 0.122688
0.145 0.122634
0.146 0.12258
0.147 0.122526
0.148 0.122472
0.149 0.122418
0.15 0.122363
0.151 0.122308
0.152 0.122253
0.153 0.122198
0.154 0.122143
0.155 0.122087
0.156 0.122032
0.157 0.121976
0.158 0.12192
0.159 0.121863
0.16 0.121807
0.161 0.12175
0.162 0.121694
0.163 0.121637
0.164 0.12158
0.165 0.121523
0.166 0.121465
0.167 0.121408
0.168 0.12135
0.169 0.121292
0.17 0.121234
0.171 0.121175
0.172 0.121117
0.173 0.121058
0.174 0.120999
0.175 0.12094
0.176 0.120881
0.177 0.120822
0.178 0.120762
0.179 0.120703
0.18 0.120643
0.181 0.120583
0.182 0.120523
0.183 0.120463
0.184 0.120403
0.185 0.120342
0.186 0.120282
0.187 0.120221
0.188 0.12016
0.189 0.120098
0.19 0.120037
0.191 0.119976
0.192 0.119914
0.193 0.119852
0.194 0.11979
0.195 0.119728
0.196 0.119666
0.197 0.119604
0.198 0.119541
0.199 0.119478
0.2 0.119416
0.201 0.119353
0.202 0.11929
0.203 0.119227
0.204 0.119163
0.205 0.1191
0.206 0.119036
0.207 0.118972
0.208 0.118908
0.209 0.118844
0.21 0.11878
0.211 0.118716
0.212 0.118651
0.213 0.118586
0.214 0.118522
0.215 0.118457
0.216 0.118392
0.217 0.118327
0.218 0.118262
0.219 0.118197
0.22 0.118131
0.221 0.118066
0.222 0.118
0.223 0.117934
0.224 0.117868
0.225 0.117802
0.226 0.117735
0.227 0.117669
0.228 0.117603
0.229 0.117536
0.23 0.117469
0.231 0.117402
0.232 0.117335
0.233 0.117268
0.234 0.117201
0.235 0.117134
0.236 0.117066
0.237 0.116999
0.238 0.116931
0.239 0.116863
0.24 0.116795
0.241 0.116727
0.242 0.116659
0.243 0.116591
0.244 0.116522
0.245 0.116453
0.246 0.116385
0.247 0.116316
0.248 0.116247
0.249 0.116178
0.25 0.116109
0.251 0.11604
0.252 0.115971
0.253 0.115901
0.254 0.115832
0.255 0.115762
0.256 0.115693
0.257 0.115623
0.258 0.115553
0.259 0.115483
0.26 0.115413
0.261 0.115342
0.262 0.115272
0.263 0.115201
0.264 0.115131
0.265 0.11506
0.266 0.114989
0.267 0.114918
0.268 0.114847
0.269 0.114776
0.27 0.114705
0.271 0.114634
0.272 0.114563
0.273 0.114491
0.274 0.11442
0.275 0.114348
0.276 0.114276
0.277 0.114204
0.278 0.114132
0.279 0.11406
0.28 0.113988
0.281 0.113916
0.282 0.113844
0.283 0.113771
0.284 0.113699
0.285 0.113626
0.286 0.113554
0.287 0.113481
0.288 0.113408
0.289 0.113335
0.29 0.113262
0.291 0.113189
0.292 0.113115
0.293 0.113042
0.294 0.112968
0.295 0.112895
0.296 0.112821
0.297 0.112748
0.298 0.112674
0.299 0.1126
0.3 0.112526
0.301 0.112452
0.302 0.112378
0.303 0.112304
0.304 0.112229
0.305 0.112155
0.306 0.112081
0.307 0.112006
0.308 0.111931
0.309 0.111857
0.31 0.111782
0.311 0.111707
0.312 0.111632
0.313 0.111557
0.314 0.111482
0.315 0.111407
0.316 0.111332
0.317 0.111256
0.318 0.111181
0.319 0.111105
0.32 0.11103
0.321 0.110954
0.322 0.110878
0.323 0.110803
0.324 0.110727
0.325 0.110651
0.326 0.110575
0.327 0.110499
0.328 0.110423
0.329 0.110346
0.33 0.11027
0.331 0.110194
0.332 0.110117
0.333 0.110041
0.334 0.109964
0.335 0.109888
0.336 0.109811
0.337 0.109734
0.338 0.109657
0.339 0.10958
0.34 0.109503
0.341 0.109426
0.342 0.109349
0.343 0.109272
0.344 0.109195
0.345 0.109117
0.346 0.10904
0.347 0.108962
0.348 0.108885
0.349 0.108807
0.35 0.10873
0.351 0.108652
0.352 0.108574
0.353 0.108496
0.354 0.108418
0.355 0.10834
0.356 0.108262
0.357 0.108184
0.358 0.108106
0.359 0.108027
0.36 0.107949
0.361 0.107871
0.362 0.107792
0.363 0.107714
0.364 0.107635
0.365 0.107556
0.366 0.107478
0.367 0.107399
0.368 0.10732
0.369 0.107241
0.37 0.107162
0.371 0.107083
0.372 0.107004
0.373 0.106925
0.374 0.106846
0.375 0.106767
0.376 0.106688
0.377 0.106608
0.378 0.106529
0.379 0.106449
0.38 0.10637
0.381 0.10629
0.382 0.10621
0.383 0.106131
0.384 0.106051
0.385 0.105971
0.386 0.105891
0.387 0.105812
0.388 0.105732
0.389 0.105651
0.39 0.105571
0.391 0.105491
0.392 0.105411
0.393 0.105331
0.394 0.10525
0.395 0.10517
0.396 0.10509
0.397 0.105009
0.398 0.104929
0.399 0.104848
0.4 0.104768
0.401 0.104687
0.402 0.104606
0.403 0.104526
0.404 0.104445
0.405 0.104364
0.406 0.104283
0.407 0.104202
0.408 0.104121
0.409 0.10404
0.41 0.103959
0.411 0.103878
0.412 0.103797
0.413 0.103715
0.414 0.103634
0.415 0.103553
0.416 0.103471
0.417 0.10339
0.418 0.103308
0.419 0.103227
0.42 0.103145
0.421 0.103064
0.422 0.102982
0.423 0.1029
0.424 0.102819
0.425 0.102737
0.426 0.102655
0.427 0.102573
0.428 0.102491
0.429 0.102409
0.43 0.102327
0.431 0.102245
0.432 0.102163
0.433 0.102081
0.434 0.101999
0.435 0.101916
0.436 0.101834
0.437 0.101752
0.438 0.10167
0.439 0.101587
0.44 0.101505
0.441 0.101422
0.442 0.10134
0.443 0.101257
0.444 0.101175
0.445 0.101092
0.446 0.101009
0.447 0.100927
0.448 0.100844
0.449 0.100761
0.45 0.100678
0.451 0.100595
0.452 0.100512
0.453 0.100429
0.454 0.100347
0.455 0.100263
0.456 0.10018
0.457 0.100097
0.458 0.100014
0.459 0.0999309
0.46 0.0998477
0.461 0.0997644
0.462 0.099681
0.463 0.0995976
0.464 0.0995142
0.465 0.0994308
0.466 0.0993474
0.467 0.099264
0.468 0.0991805
0.469 0.099097
0.47 0.0990133
0.471 0.0989296
0.472 0.098846
0.473 0.0987623
0.474 0.0986785
0.475 0.0985946
0.476 0.0985108
0.477 0.098427
0.478 0.0983432
0.479 0.0982594
0.48 0.0981755
0.481 0.0980916
0.482 0.0980076
0.483 0.0979235
0.484 0.0978394
0.485 0.0977553
0.486 0.0976712
0.487 0.097587
0.488 0.0975028
0.489 0.0974185
0.49 0.0973342
0.491 0.0972499
0.492 0.0971656
0.493 0.0970813
0.494 0.096997
0.495 0.0969126
0.496 0.0968281
0.497 0.0967436
0.498 0.096659
0.499 0.0965745
0.5 0.0964899
0.501 0.0964051
0.502 0.0963204
0.503 0.0962357
0.504 0.0961511
0.505 0.0960664
0.506 0.0959817
0.507 0.095897
0.508 0.0958122
0.509 0.0957273
0.51 0.0956424
0.511 0.0955574
0.512 0.0954725
0.513 0.0953875
0.514 0.0953025
0.515 0.0952174
0.516 0.0951323
0.517 0.0950472
0.518 0.0949621
0.519 0.094877
0.52 0.0947918
0.521 0.0947067
0.522 0.0946214
0.523 0.0945361
0.524 0.0944508
0.525 0.0943655
0.526 0.0942801
0.527 0.0941947
0.528 0.0941092
0.529 0.0940238
0.53 0.0939384
0.531 0.093853
0.532 0.0937675
0.533 0.0936821
0.534 0.0935966
0.535 0.093511
0.536 0.0934253
0.537 0.0933397
0.538 0.0932541
0.539 0.0931684
0.54 0.0930827
0.541 0.0929969
0.542 0.0929111
0.543 0.0928253
0.544 0.0927396
0.545 0.0926538
0.546 0.092568
0.547 0.0924821
0.548 0.0923962
0.549 0.0923103
0.55 0.0922243
0.551 0.0921383
0.552 0.0920523
0.553 0.0919662
0.554 0.0918801
0.555 0.091794
0.556 0.091708
0.557 0.091622
0.558 0.0915359
0.559 0.0914498
0.56 0.0913637
0.561 0.0912775
0.562 0.0911912
0.563 0.091105
0.564 0.0910188
0.565 0.0909325
0.566 0.0908461
0.567 0.0907597
0.568 0.0906734
0.569 0.090587
0.57 0.0905007
0.571 0.0904143
0.572 0.090328
0.573 0.0902416
0.574 0.0901551
0.575 0.0900686
0.576 0.089982
0.577 0.0898955
0.578 0.089809
0.579 0.0897223
0.58 0.0896357
0.581 0.0895491
0.582 0.0894626
0.583 0.089376
0.584 0.0892894
0.585 0.0892028
0.586 0.0891161
0.587 0.0890294
0.588 0.0889426
0.589 0.0888559
0.59 0.0887692
0.591 0.0886824
0.592 0.0885954
0.593 0.0885085
0.594 0.0884217
0.595 0.0883349
0.596 0.088248
0.597 0.0881612
0.598 0.0880744
0.599 0.0879874
0.6 0.0879004
0.601 0.0878134
0.602 0.0877264
0.603 0.0876395
0.604 0.0875524
0.605 0.0874652
0.606 0.0873781
0.607 0.0872911
0.608 0.0872041
0.609 0.087117
0.61 0.08703
0.611 0.0869429
0.612 0.0868557
0.613 0.0867685
0.614 0.0866813
0.615 0.0865941
0.616 0.0865069
0.617 0.0864196
0.618 0.0863323
0.619 0.0862449
0.62 0.0861576
0.621 0.0860703
0.622 0.085983
0.623 0.0858957
0.624 0.0858084
0.625 0.085721
0.626 0.0856335
0.627 0.085546
0.628 0.0854586
0.629 0.0853711
0.63 0.0852835
0.631 0.085196
0.632 0.0851085
0.633 0.0850211
0.634 0.0849336
0.635 0.0848462
0.636 0.0847587
0.637 0.0846711
0.638 0.0845835
0.639 0.0844959
0.64 0.0844083
0.641 0.0843207
0.642 0.084233
0.643 0.0841453
0.644 0.0840575
0.645 0.0839698
0.646 0.0838822
0.647 0.0837945
0.648 0.0837069
0.649 0.0836192
0.65 0.0835315
0.651 0.0834436
0.652 0.0833558
0.653 0.083268
0.654 0.0831802
0.655 0.0830923
0.656 0.0830044
0.657 0.0829165
0.658 0.0828287
0.659 0.0827409
0.66 0.0826531
0.661 0.0825652
0.662 0.0824773
0.663 0.0823894
0.664 0.0823014
0.665 0.0822134
0.666 0.0821254
0.667 0.0820374
0.668 0.0819494
0.669 0.0818613
0.67 0.0817732
0.671 0.0816852
0.672 0.0815972
0.673 0.0815092
0.674 0.0814212
0.675 0.0813331
0.676 0.081245
0.677 0.0811568
0.678 0.0810687
0.679 0.0809806
0.68 0.0808924
0.681 0.0808041
0.682 0.0807159
0.683 0.0806277
0.684 0.0805396
0.685 0.0804515
0.686 0.0803634
0.687 0.0802752
0.688 0.0801869
0.689 0.0800986
0.69 0.0800104
0.691 0.0799221
0.692 0.0798338
0.693 0.0797455
0.694 0.0796571
0.695 0.0795687
0.696 0.0794804
0.697 0.0793921
0.698 0.0793038
0.699 0.0792155
0.7 0.0791271
0.701 0.0790387
0.702 0.0789502
0.703 0.0788617
0.704 0.0787733
0.705 0.0786849
0.706 0.0785963
0.707 0.0785077
0.708 0.0784193
0.709 0.078331
0.71 0.0782425
0.711 0.0781541
0.712 0.0780657
0.713 0.0779771
0.714 0.0778886
0.715 0.0778
0.716 0.0777115
0.717 0.077623
0.718 0.0775343
0.719 0.0774457
0.72 0.077357
0.721 0.0772685
0.722 0.0771799
0.723 0.0770913
0.724 0.0770027
0.725 0.076914
0.726 0.0768254
0.727 0.0767366
0.728 0.0766479
0.729 0.0765593
0.73 0.0764705
0.731 0.0763817
0.732 0.0762929
0.733 0.0762042
0.734 0.0761156
0.735 0.0760269
0.736 0.0759383
0.737 0.0758496
0.738 0.0757609
0.739 0.075672
0.74 0.0755833
0.741 0.0754945
0.742 0.0754057
0.743 0.0753169
0.744 0.075228
0.745 0.0751391
0.746 0.0750503
0.747 0.0749614
0.748 0.0748726
0.749 0.0747838
0.75 0.0746949
0.751 0.074606
0.752 0.0745171
0.753 0.0744282
0.754 0.0743393
0.755 0.0742503
0.756 0.0741613
0.757 0.0740723
0.758 0.0739834
0.759 0.0738945
0.76 0.0738056
0.761 0.0737168
0.762 0.0736279
0.763 0.0735389
0.764 0.0734499
0.765 0.0733609
0.766 0.073272
0.767 0.073183
0.768 0.0730939
0.769 0.0730048
0.77 0.0729157
0.771 0.0728267
0.772 0.0727376
0.773 0.0726486
0.774 0.0725596
0.775 0.0724705
0.776 0.0723814
0.777 0.0722923
0.778 0.0722031
0.779 0.0721141
0.78 0.0720249
0.781 0.0719357
0.782 0.0718465
0.783 0.0717574
0.784 0.0716683
0.785 0.0715793
0.786 0.0714902
0.787 0.0714011
0.788 0.0713119
0.789 0.0712227
0.79 0.0711335
0.791 0.0710444
0.792 0.0709552
0.793 0.0708659
0.794 0.0707767
0.795 0.0706874
0.796 0.0705982
0.797 0.070509
0.798 0.0704197
0.799 0.0703306
0.8 0.0702413
0.801 0.070152
0.802 0.0700627
0.803 0.0699734
0.804 0.0698841
0.805 0.0697948
0.806 0.0697054
0.807 0.069616
0.808 0.0695267
0.809 0.0694375
0.81 0.0693483
0.811 0.0692591
0.812 0.0691698
0.813 0.0690804
0.814 0.0689911
0.815 0.0689017
0.816 0.0688124
0.817 0.0687231
0.818 0.0686336
0.819 0.0685442
0.82 0.0684548
0.821 0.0683654
0.822 0.068276
0.823 0.0681867
0.824 0.0680974
0.825 0.068008
0.826 0.0679186
0.827 0.0678291
0.828 0.0677397
0.829 0.0676503
0.83 0.0675608
0.831 0.0674712
0.832 0.0673817
0.833 0.0672923
0.834 0.0672029
0.835 0.0671135
0.836 0.0670241
0.837 0.0669347
0.838 0.0668452
0.839 0.0667557
0.84 0.0666662
0.841 0.0665767
0.842 0.0664872
0.843 0.0663976
0.844 0.066308
0.845 0.0662185
0.846 0.066129
0.847 0.0660395
0.848 0.06595
0.849 0.0658606
0.85 0.065771
0.851 0.0656814
0.852 0.0655918
0.853 0.0655023
0.854 0.0654127
0.855 0.0653231
0.856 0.0652334
0.857 0.0651438
0.858 0.0650543
0.859 0.0649648
0.86 0.0648753
0.861 0.0647858
0.862 0.0646962
0.863 0.0646066
0.864 0.0645169
0.865 0.0644273
0.866 0.0643377
0.867 0.0642481
0.868 0.0641584
0.869 0.0640686
0.87 0.063979
0.871 0.0638894
0.872 0.0637997
0.873 0.0637102
0.874 0.0636206
0.875 0.0635309
0.876 0.0634412
0.877 0.0633514
0.878 0.0632618
0.879 0.0631721
0.88 0.0630823
0.881 0.0629925
0.882 0.0629028
0.883 0.0628132
0.884 0.0627235
0.885 0.0626339
0.886 0.0625442
0.887 0.0624545
0.888 0.0623648
0.889 0.062275
0.89 0.0621853
0.891 0.0620956
0.892 0.0620059
0.893 0.061916
0.894 0.0618262
0.895 0.0617364
0.896 0.0616467
0.897 0.061557
0.898 0.0614673
0.899 0.0613776
0.9 0.0612878
0.901 0.061198
0.902 0.0611081
0.903 0.0610183
0.904 0.0609285
0.905 0.0608386
0.906 0.0607488
0.907 0.060659
0.908 0.0605693
0.909 0.0604795
0.91 0.0603898
0.911 0.0603001
0.912 0.0602103
0.913 0.0601204
0.914 0.0600305
0.915 0.0599408
0.916 0.059851
0.917 0.0597611
0.918 0.0596712
0.919 0.0595812
0.92 0.0594914
0.921 0.0594016
0.922 0.0593117
0.923 0.0592219
0.924 0.059132
0.925 0.0590422
0.926 0.0589522
0.927 0.0588623
0.928 0.0587724
0.929 0.0586825
0.93 0.0585925
0.931 0.0585025
0.932 0.0584126
0.933 0.0583228
0.934 0.058233
0.935 0.0581432
0.936 0.0580533
0.937 0.0579634
0.938 0.0578735
0.939 0.0577835
0.94 0.0576936
0.941 0.0576037
0.942 0.0575137
0.943 0.0574237
0.944 0.0573338
0.945 0.0572439
0.946 0.0571539
0.947 0.0570641
0.948 0.0569742
0.949 0.0568842
0.95 0.0567942
0.951 0.0567042
0.952 0.0566143
0.953 0.0565243
0.954 0.0564343
0.955 0.0563443
0.956 0.0562542
0.957 0.0561643
0.958 0.0560744
0.959 0.0559845
0.96 0.0558946
0.961 0.0558046
0.962 0.0557146
0.963 0.0556246
0.964 0.0555346
0.965 0.0554446
0.966 0.0553546
0.967 0.0552645
0.968 0.0551744
0.969 0.0550844
0.97 0.0549944
0.971 0.0549044
0.972 0.0548145
0.973 0.0547245
0.974 0.0546345
0.975 0.0545444
0.976 0.0544543
0.977 0.0543643
0.978 0.0542742
0.979 0.0541841
0.98 0.054094
0.981 0.0540039
0.982 0.0539139
0.983 0.0538239
0.984 0.0537339
0.985 0.0536439
0.986 0.0535539
0.987 0.0534638
0.988 0.0533737
0.989 0.0532837
0.99 0.0531936
0.991 0.0531035
0.992 0.0530134
0.993 0.0529233
0.994 0.0528332
0.995 0.0527431
0.996 0.0526531
0.997 0.0525631
0.998 0.052473
0.999 0.0523829
1 0.0522927
1.001 0.0522026
1.002 0.0521125
1.003 0.0520224
1.004 0.0519322
1.005 0.051842
1.006 0.0517519
1.007 0.0516619
1.008 0.0515719
1.009 0.0514818
1.01 0.0513918
1.011 0.0513016
1.012 0.0512115
1.013 0.0511214
1.014 0.0510313
1.015 0.0509412
1.016 0.0508509
1.017 0.0507607
1.018 0.0506706
1.019 0.0505804
1.02 0.0504903
1.021 0.0504002
1.022 0.0503101
1.023 0.05022
1.024 0.0501298
1.025 0.0500396
1.026 0.0499495
1.027 0.0498593
1.028 0.0497691
1.029 0.0496789
1.03 0.0495887
1.031 0.0494986
1.032 0.0494085
1.033 0.0493184
1.034 0.0492283
1.035 0.0491382
1.036 0.049048
1.037 0.0489578
1.038 0.0488676
1.039 0.0487775
1.04 0.0486873
1.041 0.048597
1.042 0.0485067
1.043 0.0484165
1.044 0.0483264
1.045 0.0482363
1.046 0.0481461
1.047 0.048056
1.048 0.0479658
1.049 0.0478756
1.05 0.0477853
1.051 0.0476951
1.052 0.0476049
1.053 0.0475146
1.054 0.0474244
1.055 0.0473342
1.056 0.0472441
1.057 0.047154
1.058 0.0470638
1.059 0.0469737
1.06 0.0468835
1.061 0.0467932
1.062 0.046703
1.063 0.0466129
1.064 0.0465227
1.065 0.0464324
1.066 0.0463421
1.067 0.0462518
1.068 0.0461616
1.069 0.0460714
1.07 0.0459812
1.071 0.045891
1.072 0.0458008
1.073 0.0457106
1.074 0.0456203
1.075 0.04553
1.076 0.0454398
1.077 0.0453495
1.078 0.0452591
1.079 0.0451688
1.08 0.0450786
1.081 0.0449885
1.082 0.0448983
1.083 0.0448081
1.084 0.0447179
1.085 0.0446277
1.086 0.0445374
1.087 0.0444471
1.088 0.0443569
1.089 0.0442667
1.09 0.0441763
1.091 0.044086
1.092 0.0439957
1.093 0.0439055
1.094 0.0438153
1.095 0.0437251
1.096 0.0436349
1.097 0.0435447
1.098 0.0434543
1.099 0.043364
1.1 0.0432738
1.101 0.0431835
1.102 0.0430931
1.103 0.0430028
1.104 0.0429125
1.105 0.0428223
1.106 0.0427321
1.107 0.0426419
1.108 0.0425517
1.109 0.0424614
1.11 0.0423711
1.111 0.0422808
1.112 0.0421905
1.113 0.0421003
1.114 0.04201
1.115 0.0419196
1.116 0.0418292
1.117 0.0417389
1.118 0.0416487
1.119 0.0415584
1.12 0.0414682
1.121 0.041378
1.122 0.0412877
1.123 0.0411973
1.124 0.041107
1.125 0.0410167
1.126 0.0409264
1.127 0.040836
1.128 0.0407457
1.129 0.0406554
1.13 0.0405652
1.131 0.040475
1.132 0.0403848
1.133 0.0402946
1.134 0.0402043
1.135 0.040114
1.136 0.0400237
1.137 0.0399335
1.138 0.0398432
1.139 0.0397528
1.14 0.0396625
1.141 0.0395722
1.142 0.0394819
1.143 0.0393916
1.144 0.0393014
1.145 0.0392111
1.146 0.0391209
1.147 0.0390306
1.148 0.0389402
1.149 0.0388499
1.15 0.0387597
1.151 0.0386693
1.152 0.0385789
1.153 0.0384886
1.154 0.0383984
1.155 0.0383082
1.156 0.038218
1.157 0.0381277
1.158 0.0380375
1.159 0.0379472
1.16 0.0378568
1.161 0.0377665
1.162 0.0376763
1.163 0.037586
1.164 0.0374956
1.165 0.0374053
1.166 0.037315
1.167 0.0372247
1.168 0.0371344
1.169 0.0370442
1.17 0.036954
1.171 0.0368637
1.172 0.0367734
1.173 0.036683
1.174 0.0365928
1.175 0.0365025
1.176 0.0364121
1.177 0.0363218
1.178 0.0362315
1.179 0.0361413
1.18 0.0360511
1.181 0.0359609
1.182 0.0358706
1.183 0.0357804
1.184 0.0356901
1.185 0.0355998
1.186 0.0355096
1.187 0.0354194
1.188 0.0353291
1.189 0.0352387
1.19 0.0351484
1.191 0.0350581
1.192 0.0349679
1.193 0.0348777
1.194 0.0347875
1.195 0.0346973
1.196 0.034607
1.197 0.0345167
1.198 0.0344264
1.199 0.0343362
1.2 0.0342459
1.201 0.0341555
1.202 0.0340652
1.203 0.033975
1.204 0.0338849
1.205 0.0337947
1.206 0.0337046
1.207 0.0336144
1.208 0.0335242
1.209 0.0334339
1.21 0.0333437
1.211 0.0332535
1.212 0.0331633
1.213 0.033073
1.214 0.0329827
1.215 0.0328924
1.216 0.0328022
1.217 0.032712
1.218 0.0326219
1.219 0.0325317
1.22 0.0324415
1.221 0.0323513
1.222 0.032261
1.223 0.0321708
1.224 0.0320806
1.225 0.0319904
1.226 0.0319001
1.227 0.0318099
1.228 0.0317198
1.229 0.0316297
1.23 0.0315396
1.231 0.0314495
1.232 0.0313593
1.233 0.0312692
1.234 0.031179
1.235 0.0310888
1.236 0.0309987
1.237 0.0309085
1.238 0.0308183
1.239 0.030728
1.24 0.0306379
1.241 0.0305478
1.242 0.0304577
1.243 0.0303677
1.244 0.0302776
1.245 0.0301875
1.246 0.0300973
1.247 0.0300072
1.248 0.0299171
1.249 0.029827
1.25 0.0297368
1.251 0.0296466
1.252 0.0295566
1.253 0.0294666
1.254 0.0293766
1.255 0.0292866
1.256 0.0291966
1.257 0.0291066
1.258 0.0290165
1.259 0.0289264
1.26 0.0288364
1.261 0.0287465
1.262 0.0286564
1.263 0.0285663
1.264 0.0284762
1.265 0.0283862
1.266 0.0282963
1.267 0.0282063
1.268 0.0281163
1.269 0.0280264
1.27 0.0279364
1.271 0.0278463
1.272 0.0277563
1.273 0.0276664
1.274 0.0275764
1.275 0.0274863
1.276 0.0273963
1.277 0.0273064
1.278 0.0272166
1.279 0.0271268
1.28 0.0270369
1.281 0.0269471
1.282 0.0268572
1.283 0.0267673
1.284 0.0266774
1.285 0.0265876
1.286 0.0264977
1.287 0.0264078
1.288 0.0263179
1.289 0.026228
1.29 0.0261382
1.291 0.0260484
1.292 0.0259587
1.293 0.0258689
1.294 0.0257792
1.295 0.0256894
1.296 0.0255995
1.297 0.0255098
1.298 0.0254201
1.299 0.0253303
1.3 0.0252405
1.301 0.0251507
1.302 0.0250611
1.303 0.0249715
1.304 0.0248819
1.305 0.0247923
1.306 0.0247027
1.307 0.024613
1.308 0.0245234
1.309 0.0244337
1.31 0.0243442
1.311 0.0242546
1.312 0.0241649
1.313 0.0240753
1.314 0.0239857
1.315 0.0238962
1.316 0.0238067
1.317 0.0237173
1.318 0.0236279
1.319 0.0235384
1.32 0.0234489
1.321 0.0233594
1.322 0.02327
1.323 0.0231806
1.324 0.0230912
1.325 0.0230017
1.326 0.0229124
1.327 0.0228231
1.328 0.0227338
1.329 0.0226446
1.33 0.0225554
1.331 0.0224661
1.332 0.0223769
1.333 0.0222876
1.334 0.0221984
1.335 0.0221092
1.336 0.0220201
1.337 0.0219308
1.338 0.0218416
1.339 0.0217525
1.34 0.0216635
1.341 0.0215745
1.342 0.0214855
1.343 0.0213966
1.344 0.0213076
1.345 0.0212186
1.346 0.0211296
1.347 0.0210407
1.348 0.0209518
1.349 0.0208628
1.35 0.0207739
1.351 0.0206851
1.352 0.0205964
1.353 0.0205077
1.354 0.0204191
1.355 0.0203304
1.356 0.0202418
1.357 0.0201531
1.358 0.0200645
1.359 0.0199759
1.36 0.0198874
1.361 0.0197989
1.362 0.0197103
1.363 0.0196217
1.364 0.0195333
1.365 0.019445
1.366 0.0193567
1.367 0.0192684
1.368 0.0191802
1.369 0.019092
1.37 0.0190038
1.371 0.0189156
1.372 0.0188275
1.373 0.0187394
1.374 0.0186513
1.375 0.0185632
1.376 0.0184752
1.377 0.0183874
1.378 0.0182996
1.379 0.0182119
1.38 0.0181242
1.381 0.0180365
1.382 0.0179488
1.383 0.0178611
1.384 0.0177735
1.385 0.0176861
1.386 0.0175986
1.387 0.0175111
1.388 0.0174236
1.389 0.0173363
1.39 0.0172491
1.391 0.0171619
1.392 0.0170748
1.393 0.0169878
1.394 0.0169008
1.395 0.0168138
1.396 0.0167268
1.397 0.0166399
1.398 0.0165532
1.399 0.0164664
1.4 0.0163796
1.401 0.016293
1.402 0.0162065
1.403 0.0161202
1.404 0.0160339
1.405 0.0159477
1.406 0.0158616
1.407 0.0157755
1.408 0.0156894
1.409 0.0156034
1.41 0.0155176
1.411 0.0154319
1.412 0.0153462
1.413 0.0152605
1.414 0.0151749
1.415 0.0150894
1.416 0.0150041
1.417 0.0149189
1.418 0.0148338
1.419 0.0147489
1.42 0.0146639
1.421 0.0145791
1.422 0.0144943
1.423 0.0144097
1.424 0.0143252
1.425 0.0142408
1.426 0.0141564
1.427 0.0140722
1.428 0.0139882
1.429 0.0139044
1.43 0.0138207
1.431 0.0137372
1.432 0.0136538
1.433 0.0135704
1.434 0.0134872
1.435 0.013404
1.436 0.0133211
1.437 0.0132384
1.438 0.0131558
1.439 0.0130733
1.44 0.0129909
1.441 0.0129087
1.442 0.0128268
1.443 0.012745
1.444 0.0126634
1.445 0.012582
1.446 0.0125008
1.447 0.0124198
1.448 0.0123388
1.449 0.0122581
1.45 0.0121776
1.451 0.0120974
1.452 0.0120174
1.453 0.0119375
1.454 0.0118578
1.455 0.0117786
1.456 0.0116996
1.457 0.0116209
1.458 0.0115424
1.459 0.0114642
1.46 0.0113861
1.461 0.0113083
1.462 0.0112308
1.463 0.0111536
1.464 0.0110768
1.465 0.0110003
1.466 0.010924
1.467 0.010848
1.468 0.0107723
1.469 0.0106969
1.47 0.010622
1.471 0.0105474
1.472 0.0104733
1.473 0.0103995
1.474 0.0103261
1.475 0.0102531
1.476 0.0101804
1.477 0.0101081
1.478 0.0100362
1.479 0.00996491
1.48 0.00989419
1.481 0.00982389
1.482 0.00975395
1.483 0.00968458
1.484 0.00961574
1.485 0.00954766
1.486 0.0094802
1.487 0.00941326
1.488 0.00934688
1.489 0.00928112
1.49 0.00921593
1.491 0.00915131
1.492 0.00908723
1.493 0.00902382
1.494 0.0089612
1.495 0.00889945
1.496 0.00883856
1.497 0.00877845
1.498 0.00871905
1.499 0.0086603
1.5 0.00860228
1.501 0.00854506
1.502 0.00848875
1.503 0.00843343
1.504 0.00837913
1.505 0.00832589
1.506 0.00827402
1.507 0.00822362
1.508 0.0081748
1.509 0.00812766
1.51 0.00808254
1.511 0.00803965
1.512 0.00799911
1.513 0.00796118
1.514 0.00792603
1.515 0.00789368
1.516 0.00786418
1.517 0.00783762
1.518 0.00781426
1.519 0.00779422
1.52 0.00777752
1.521 0.00776423
1.522 0.00775432
1.523 0.00774771
1.524 0.00774428
1.525 0.00774389
1.526 0.00774636
1.527 0.00775148
1.528 0.00775904
1.529 0.00776878
1.53 0.00778048
1.531 0.00779384
1.532 0.00780851
1.533 0.00782424
1.534 0.00784082
1.535 0.00785809
1.536 0.00787603
1.537 0.00789454
1.538 0.00791347
1.539 0.00793273
1.54 0.00795226
1.541 0.00797195
1.542 0.00799167
1.543 0.00801137
1.544 0.00803088
1.545 0.00805014
1.546 0.00806913
1.547 0.00808778
1.548 0.00810601
1.549 0.00812372
1.55 0.00814082
1.551 0.00815723
1.552 0.00817291
1.553 0.00818775
1.554 0.0082017
1.555 0.00821477
1.556 0.00822697
1.557 0.00823831
1.558 0.0082488
1.559 0.00825843
1.56 0.00826724
1.561 0.00827521
1.562 0.00828237
1.563 0.00828874
1.564 0.00829432
1.565 0.00829915
1.566 0.00830323
1.567 0.0083066
1.568 0.00830928
1.569 0.0083113
1.57 0.00831268
1.571 0.00831345
1.572 0.00831363
1.573 0.00831325
1.574 0.00831234
1.575 0.00831092
1.576 0.00830902
1.577 0.00830666
1.578 0.00830387
1.579 0.00830068
1.58 0.00829711
1.581 0.00829319
1.582 0.00828895
1.583 0.0082844
1.584 0.00827957
1.585 0.00827449
1.586 0.00826919
1.587 0.00826369
1.588 0.00825802
1.589 0.0082522
1.59 0.00824625
1.591 0.00824021
1.592 0.00823408
1.593 0.00822788
1.594 0.00822165
1.595 0.00821539
1.596 0.00820913
1.597 0.00820287
1.598 0.00819664
1.599 0.00819045
1.6 0.00818431
1.601 0.00817824
1.602 0.00817227
1.603 0.0081664
1.604 0.00816064
1.605 0.00815506
1.606 0.00814966
1.607 0.00814447
1.608 0.00813949
1.609 0.00813475
1.61 0.00813025
1.611 0.00812602
1.612 0.00812208
1.613 0.00811842
1.614 0.00811505
1.615 0.00811197
1.616 0.00810919
1.617 0.00810669
1.618 0.00810449
1.619 0.00810259
1.62 0.00810098
1.621 0.00809965
1.622 0.00809861
1.623 0.00809785
1.624 0.00809735
1.625 0.00809712
1.626 0.00809713
1.627 0.00809738
1.628 0.00809786
1.629 0.00809856
1.63 0.00809945
1.631 0.00810054
1.632 0.00810181
1.633 0.00810323
1.634 0.00810481
1.635 0.00810652
1.636 0.00810834
1.637 0.00811027
1.638 0.00811227
1.639 0.00811434
1.64 0.00811647
1.641 0.00811863
1.642 0.00812082
1.643 0.00812302
1.644 0.00812522
1.645 0.00812741
1.646 0.00812957
1.647 0.00813169
1.648 0.00813377
1.649 0.00813579
1.65 0.00813776
1.651 0.00813967
1.652 0.0081415
1.653 0.00814327
1.654 0.00814495
1.655 0.00814656
1.656 0.00814808
1.657 0.00814952
1.658 0.00815086
1.659 0.00815212
1.66 0.00815328
1.661 0.00815435
1.662 0.00815533
1.663 0.00815622
1.664 0.00815701
1.665 0.00815771
1.666 0.00815833
1.667 0.00815885
1.668 0.0081593
1.669 0.00815966
1.67 0.00815994
1.671 0.00816014
1.672 0.00816027
1.673 0.00816033
1.674 0.00816033
1.675 0.00816026
1.676 0.00816013
1.677 0.00815995
1.678 0.00815971
1.679 0.00815943
1.68 0.0081591
1.681 0.00815873
1.682 0.00815833
1.683 0.00815789
1.684 0.00815742
1.685 0.00815693
1.686 0.00815642
1.687 0.00815589
1.688 0.00815534
1.689 0.00815479
1.69 0.00815422
1.691 0.00815365
1.692 0.00815308
1.693 0.00815251
1.694 0.00815195
1.695 0.00815138
1.696 0.00815083
1.697 0.00815029
1.698 0.00814975
1.699 0.00814924
1.7 0.00814873
1.701 0.00814824
1.702 0.00814778
1.703 0.00814733
1.704 0.0081469
1.705 0.00814649
1.706 0.0081461
1.707 0.00814574
1.708 0.00814539
1.709 0.00814507
1.71 0.00814478
1.711 0.00814451
1.712 0.00814426
1.713 0.00814403
1.714 0.00814383
1.715 0.00814365
1.716 0.00814349
1.717 0.00814335
1.718 0.00814323
1.719 0.00814314
1.72 0.00814306
1.721 0.00814301
1.722 0.00814297
1.723 0.00814295
1.724 0.00814294
1.725 0.00814295
1.726 0.00814297
1.727 0.00814301
1.728 0.00814306
1.729 0.00814313
1.73 0.0081432
1.731 0.00814328
1.732 0.00814337
1.733 0.00814347
1.734 0.00814358
1.735 0.00814369
1.736 0.00814381
1.737 0.00814393
1.738 0.00814405
1.739 0.00814418
1.74 0.0081443
1.741 0.00814443
1.742 0.00814456
1.743 0.00814469
1.744 0.00814482
1.745 0.00814494
1.746 0.00814506
1.747 0.00814518
1.748 0.0081453
1.749 0.00814541
1.75 0.00814552
1.751 0.00814563
1.752 0.00814573
1.753 0.00814582
1.754 0.00814591
1.755 0.00814599
1.756 0.00814607
1.757 0.00814614
1.758 0.0081462
1.759 0.00814626
1.76 0.00814632
1.761 0.00814636
1.762 0.0081464
1.763 0.00814644
1.764 0.00814647
1.765 0.00814649
1.766 0.0081465
1.767 0.00814652
1.768 0.00814652
1.769 0.00814652
1.77 0.00814652
1.771 0.00814651
1.772 0.00814649
1.773 0.00814647
1.774 0.00814645
1.775 0.00814642
1.776 0.00814639
1.777 0.00814636
1.778 0.00814632
1.779 0.00814628
1.78 0.00814624
1.781 0.00814619
1.782 0.00814614
1.783 0.00814609
1.784 0.00814604
1.785 0.00814599
1.786 0.00814593
1.787 0.00814588
1.788 0.00814582
1.789 0.00814576
1.79 0.0081457
1.791 0.00814565
1.792 0.00814559
1.793 0.00814553
1.794 0.00814547
1.795 0.00814542
1.796 0.00814536
1.797 0.0081453
1.798 0.00814525
1.799 0.0081452
1.8 0.00814514
1.801 0.00814509
1.802 0.00814504
1.803 0.00814499
1.804 0.00814494
1.805 0.0081449
1.806 0.00814485
1.807 0.00814481
1.808 0.00814477
1.809 0.00814473
1.81 0.00814469
1.811 0.00814465
1.812 0.00814462
1.813 0.00814458
1.814 0.00814455
1.815 0.00814452
1.816 0.00814449
1.817 0.00814446
1.818 0.00814444
1.819 0.00814441
1.82 0.00814439
1.821 0.00814436
1.822 0.00814434
1.823 0.00814432
1.824 0.0081443
1.825 0.00814428
1.826 0.00814427
1.827 0.00814425
1.828 0.00814423
1.829 0.00814422
1.83 0.00814421
1.831 0.00814419
1.832 0.00814418
1.833 0.00814417
1.834 0.00814415
1.835 0.00814414
1.836 0.00814413
1.837 0.00814412
1.838 0.00814411
1.839 0.0081441
1.84 0.00814409
1.841 0.00814408
1.842 0.00814407
1.843 0.00814406
1.844 0.00814404
1.845 0.00814403
1.846 0.00814402
1.847 0.00814401
1.848 0.008144
1.849 0.00814399
1.85 0.00814398
1.851 0.00814397
1.852 0.00814395
1.853 0.00814394
1.854 0.00814393
1.855 0.00814391
1.856 0.0081439
1.857 0.00814389
1.858 0.00814387
1.859 0.00814386
1.86 0.00814384
1.861 0.00814383
1.862 0.00814381
1.863 0.00814379
1.864 0.00814378
1.865 0.00814376
1.866 0.00814374
1.867 0.00814373
1.868 0.00814371
1.869 0.00814369
1.87 0.00814367
1.871 0.00814365
1.872 0.00814363
1.873 0.00814361
1.874 0.00814359
1.875 0.00814357
1.876 0.00814355
1.877 0.00814353
1.878 0.00814351
1.879 0.00814349
1.88 0.00814347
1.881 0.00814345
1.882 0.00814343
1.883 0.00814341
1.884 0.00814339
1.885 0.00814337
1.886 0.00814335
1.887 0.00814333
1.888 0.00814331
1.889 0.00814329
1.89 0.00814327
1.891 0.00814324
1.892 0.00814322
1.893 0.0081432
1.894 0.00814318
1.895 0.00814316
1.896 0.00814314
1.897 0.00814312
1.898 0.0081431
1.899 0.00814308
1.9 0.00814306
1.901 0.00814304
1.902 0.00814302
1.903 0.008143
1.904 0.00814298
1.905 0.00814296
1.906 0.00814294
1.907 0.00814292
1.908 0.0081429
1.909 0.00814289
1.91 0.00814287
1.911 0.00814285
1.912 0.00814283
1.913 0.00814281
1.914 0.00814279
1.915 0.00814278
1.916 0.00814276
1.917 0.00814274
1.918 0.00814272
1.919 0.0081427
1.92 0.00814269
1.921 0.00814267
1.922 0.00814265
1.923 0.00814264
1.924 0.00814262
1.925 0.0081426
1.926 0.00814259
1.927 0.00814257
1.928 0.00814255
1.929 0.00814254
1.93 0.00814252
1.931 0.0081425
1.932 0.00814249
1.933 0.00814247
1.934 0.00814246
1.935 0.00814244
1.936 0.00814242
1.937 0.00814241
1.938 0.00814239
1.939 0.00814238
1.94 0.00814236
1.941 0.00814235
1.942 0.00814233
1.943 0.00814232
1.944 0.0081423
1.945 0.00814229
1.946 0.00814227
1.947 0.00814225
1.948 0.00814224
1.949 0.00814222
1.95 0.00814221
1.951 0.00814219
1.952 0.00814218
1.953 0.00814216
1.954 0.00814215
1.955 0.00814213
1.956 0.00814212
1.957 0.0081421
1.958 0.00814209
1.959 0.00814207
1.96 0.00814206
1.961 0.00814204
1.962 0.00814203
1.963 0.00814201
1.964 0.008142
1.965 0.00814198
1.966 0.00814197
1.967 0.00814195
1.968 0.00814194
1.969 0.00814192
1.97 0.00814191
1.971 0.00814189
1.972 0.00814188
1.973 0.00814187
1.974 0.00814185
1.975 0.00814184
1.976 0.00814182
1.977 0.00814181
1.978 0.00814179
1.979 0.00814178
1.98 0.00814176
1.981 0.00814175
1.982 0.00814173
1.983 0.00814172
1.984 0.00814171
1.985 0.00814169
1.986 0.00814168
1.987 0.00814166
1.988 0.00814165
1.989 0.00814164
1.99 0.00814162
1.991 0.00814161
1.992 0.00814159
1.993 0.00814158
1.994 0.00814157
1.995 0.00814155
1.996 0.00814154
1.997 0.00814152
1.998 0.00814151
1.999 0.0081415
2 0.00814148
2.001 0.00814147
2.002 0.00814146
2.003 0.00814144
2.004 0.00814143
2.005 0.00814142
2.006 0.0081414
2.007 0.00814139
2.008 0.00814138
2.009 0.00814136
2.01 0.00814135
2.011 0.00814134
2.012 0.00814132
2.013 0.00814131
2.014 0.0081413
2.015 0.00814129
2.016 0.00814127
2.017 0.00814126
2.018 0.00814125
2.019 0.00814123
2.02 0.00814122
2.021 0.00814121
2.022 0.0081412
2.023 0.00814118
2.024 0.00814117
2.025 0.00814116
2.026 0.00814115
2.027 0.00814114
2.028 0.00814112
2.029 0.00814111
2.03 0.0081411
2.031 0.00814109
2.032 0.00814107
2.033 0.00814106
2.034 0.00814105
2.035 0.00814104
2.036 0.00814103
2.037 0.00814102
2.038 0.008141
2.039 0.00814099
2.04 0.00814098
2.041 0.00814097
2.042 0.00814096
2.043 0.00814095
2.044 0.00814093
2.045 0.00814092
2.046 0.00814091
2.047 0.0081409
2.048 0.00814089
2.049 0.00814088
2.05 0.00814087
2.051 0.00814085
2.052 0.00814084
2.053 0.00814083
2.054 0.00814082
2.055 0.00814081
2.056 0.0081408
2.057 0.00814079
2.058 0.00814078
2.059 0.00814076
2.06 0.00814075
2.061 0.00814074
2.062 0.00814073
2.063 0.00814072
2.064 0.00814071
2.065 0.0081407
2.066 0.00814069
2.067 0.00814068
2.068 0.00814067
2.069 0.00814066
2.07 0.00814065
2.071 0.00814064
2.072 0.00814063
2.073 0.00814062
2.074 0.0081406
2.075 0.00814059
2.076 0.00814058
2.077 0.00814057
2.078 0.00814056
2.079 0.00814055
2.08 0.00814054
2.081 0.00814053
2.082 0.00814052
2.083 0.00814051
2.084 0.0081405
2.085 0.00814049
2.086 0.00814048
2.087 0.00814047
2.088 0.00814046
2.089 0.00814045
2.09 0.00814044
2.091 0.00814043
2.092 0.00814042
2.093 0.00814041
2.094 0.0081404
2.095 0.00814039
2.096 0.00814038
2.097 0.00814038
2.098 0.00814037
2.099 0.00814036
2.1 0.00814035
2.101 0.00814034
2.102 0.00814033
2.103 0.00814032
2.104 0.00814031
2.105 0.0081403
2.106 0.00814029
2.107 0.00814028
2.108 0.00814027
2.109 0.00814026
2.11 0.00814025
2.111 0.00814024
2.112 0.00814024
2.113 0.00814023
2.114 0.00814022
2.115 0.00814021
2.116 0.0081402
2.117 0.00814019
2.118 0.00814018
2.119 0.00814017
2.12 0.00814016
2.121 0.00814015
2.122 0.00814015
2.123 0.00814014
2.124 0.00814013
2.125 0.00814012
2.126 0.00814011
2.127 0.0081401
2.128 0.00814009
2.129 0.00814009
2.13 0.00814008
2.131 0.00814007
2.132 0.00814006
2.133 0.00814005
2.134 0.00814004
2.135 0.00814004
2.136 0.00814003
2.137 0.00814002
2.138 0.00814001
2.139 0.00814
2.14 0.00813999
2.141 0.00813999
2.142 0.00813998
2.143 0.00813997
2.144 0.00813996
2.145 0.00813995
2.146 0.00813995
2.147 0.00813994
2.148 0.00813993
2.149 0.00813992
2.15 0.00813991
2.151 0.00813991
2.152 0.0081399
2.153 0.00813989
2.154 0.00813988
2.155 0.00813988
2.156 0.00813987
2.157 0.00813986
2.158 0.00813985
2.159 0.00813984
2.16 0.00813984
2.161 0.00813983
2.162 0.00813982
2.163 0.00813981
2.164 0.00813981
2.165 0.0081398
2.166 0.00813979
2.167 0.00813978
2.168 0.00813978
2.169 0.00813977
2.17 0.00813976
2.171 0.00813976
2.172 0.00813975
2.173 0.00813974
2.174 0.00813973
2.175 0.00813973
2.176 0.00813972
2.177 0.00813971
2.178 0.0081397
2.179 0.0081397
2.18 0.00813969
2.181 0.00813968
2.182 0.00813968
2.183 0.00813967
2.184 0.00813966
2.185 0.00813966
2.186 0.00813965
2.187 0.00813964
2.188 0.00813964
2.189 0.00813963
2.19 0.00813962
2.191 0.00813961
2.192 0.00813961
2.193 0.0081396
2.194 0.00813959
2.195 0.00813959
2.196 0.00813958
2.197 0.00813957
2.198 0.00813957
2.199 0.00813956
2.2 0.00813956
2.201 0.00813955
2.202 0.00813954
2.203 0.00813954
2.204 0.00813953
2.205 0.00813952
2.206 0.00813952
2.207 0.00813951
2.208 0.0081395
2.209 0.0081395
2.21 0.00813949
2.211 0.00813949
2.212 0.00813948
2.213 0.00813947
2.214 0.00813947
2.215 0.00813946
2.216 0.00813945
2.217 0.00813945
2.218 0.00813944
2.219 0.00813944
2.22 0.00813943
2.221 0.00813942
2.222 0.00813942
2.223 0.00813941
2.224 0.00813941
2.225 0.0081394
2.226 0.00813939
2.227 0.00813939
2.228 0.00813938
2.229 0.00813938
2.23 0.00813937
2.231 0.00813936
2.232 0.00813936
2.233 0.00813935
2.234 0.00813935
2.235 0.00813934
2.236 0.00813934
2.237 0.00813933
2.238 0.00813932
2.239 0.00813932
2.24 0.00813931
2.241 0.00813931
2.242 0.0081393
2.243 0.0081393
2.244 0.00813929
2.245 0.00813929
2.246 0.00813928
2.247 0.00813928
2.248 0.00813927
2.249 0.00813926
2.25 0.00813926
2.251 0.00813925
2.252 0.00813925
2.253 0.00813924
2.254 0.00813924
2.255 0.00813923
2.256 0.00813923
2.257 0.00813922
2.258 0.00813922
2.259 0.00813921
2.26 0.00813921
2.261 0.0081392
2.262 0.0081392
2.263 0.00813919
2.264 0.00813919
2.265 0.00813918
2.266 0.00813918
2.267 0.00813917
2.268 0.00813917
2.269 0.00813916
2.27 0.00813916
2.271 0.00813915
2.272 0.00813915
2.273 0.00813914
2.274 0.00813914
2.275 0.00813913
2.276 0.00813913
2.277 0.00813912
2.278 0.00813912
2.279 0.00813911
2.28 0.00813911
2.281 0.0081391
2.282 0.0081391
2.283 0.00813909
2.284 0.00813909
2.285 0.00813908
2.286 0.00813908
2.287 0.00813907
2.288 0.00813907
2.289 0.00813906
2.29 0.00813906
2.291 0.00813906
2.292 0.00813905
2.293 0.00813905
2.294 0.00813904
2.295 0.00813904
2.296 0.00813903
2.297 0.00813903
2.298 0.00813902
2.299 0.00813902
2.3 0.00813901
2.301 0.00813901
2.302 0.00813901
2.303 0.008139
2.304 0.008139
2.305 0.00813899
2.306 0.00813899
2.307 0.00813898
2.308 0.00813898
2.309 0.00813898
2.31 0.00813897
2.311 0.00813897
2.312 0.00813896
2.313 0.00813896
2.314 0.00813895
2.315 0.00813895
2.316 0.00813895
2.317 0.00813894
2.318 0.00813894
2.319 0.00813893
2.32 0.00813893
2.321 0.00813893
2.322 0.00813892
2.323 0.00813892
2.324 0.00813891
2.325 0.00813891
2.326 0.0081389
2.327 0.0081389
2.328 0.0081389
2.329 0.00813889
2.33 0.00813889
2.331 0.00813889
2.332 0.00813888
2.333 0.00813888
2.334 0.00813887
2.335 0.00813887
2.336 0.00813887
2.337 0.00813886
2.338 0.00813886
2.339 0.00813885
2.34 0.00813885
2.341 0.00813885
2.342 0.00813884
2.343 0.00813884
2.344 0.00813884
2.345 0.00813883
2.346 0.00813883
2.347 0.00813882
2.348 0.00813882
2.349 0.00813882
2.35 0.00813881
2.351 0.00813881
2.352 0.00813881
2.353 0.0081388
2.354 0.0081388
2.355 0.00813879
2.356 0.00813879
2.357 0.00813879
2.358 0.00813878
2.359 0.00813878
2.36 0.00813878
2.361 0.00813877
2.362 0.00813877
2.363 0.00813877
2.364 0.00813876
2.365 0.00813876
2.366 0.00813876
2.367 0.00813875
2.368 0.00813875
2.369 0.00813875
2.37 0.00813874
2.371 0.00813874
2.372 0.00813874
2.373 0.00813873
2.374 0.00813873
2.375 0.00813873
2.376 0.00813872
2.377 0.00813872
2.378 0.00813872
2.379 0.00813871
2.38 0.00813871
2.381 0.00813871
2.382 0.0081387
2.383 0.0081387
2.384 0.0081387
2.385 0.00813869
2.386 0.00813869
2.387 0.00813869
2.388 0.00813868
2.389 0.00813868
2.39 0.00813868
2.391 0.00813867
2.392 0.00813867
2.393 0.00813867
2.394 0.00813867
2.395 0.00813866
2.396 0.00813866
2.397 0.00813866
2.398 0.00813865
2.399 0.00813865
2.4 0.00813865
2.401 0.00813864
2.402 0.00813864
2.403 0.00813864
2.404 0.00813863
2.405 0.00813863
2.406 0.00813863
2.407 0.00813863
2.408 0.00813862
2.409 0.00813862
2.41 0.00813862
2.411 0.00813861
2.412 0.00813861
2.413 0.00813861
2.414 0.00813861
2.415 0.0081386
2.416 0.0081386
2.417 0.0081386
2.418 0.00813859
2.419 0.00813859
2.42 0.00813859
2.421 0.00813859
2.422 0.00813858
2.423 0.00813858
2.424 0.00813858
2.425 0.00813858
2.426 0.00813857
2.427 0.00813857
2.428 0.00813857
2.429 0.00813856
2.43 0.00813856
2.431 0.00813856
2.432 0.00813856
2.433 0.00813855
2.434 0.00813855
2.435 0.00813855
2.436 0.00813855
2.437 0.00813854
2.438 0.00813854
2.439 0.00813854
2.44 0.00813854
2.441 0.00813853
2.442 0.00813853
2.443 0.00813853
2.444 0.00813852
2.445 0.00813852
2.446 0.00813852
2.447 0.00813852
2.448 0.00813851
2.449 0.00813851
2.45 0.00813851
2.451 0.00813851
2.452 0.0081385
2.453 0.0081385
2.454 0.0081385
2.455 0.0081385
2.456 0.00813849
2.457 0.00813849
2.458 0.00813849
2.459 0.00813849
2.46 0.00813849
2.461 0.00813848
2.462 0.00813848
2.463 0.00813848
2.464 0.00813848
2.465 0.00813847
2.466 0.00813847
2.467 0.00813847
2.468 0.00813847
2.469 0.00813846
2.47 0.00813846
2.471 0.00813846
2.472 0.00813846
2.473 0.00813845
2.474 0.00813845
2.475 0.00813845
2.476 0.00813845
2.477 0.00813845
2.478 0.00813844
2.479 0.00813844
2.48 0.00813844
2.481 0.00813844
2.482 0.00813843
2.483 0.00813843
2.484 0.00813843
2.485 0.00813843
2.486 0.00813843
2.487 0.00813842
2.488 0.00813842
2.489 0.00813842
2.49 0.00813842
2.491 0.00813841
2.492 0.00813841
2.493 0.00813841
2.494 0.00813841
2.495 0.00813841
2.496 0.0081384
2.497 0.0081384
2.498 0.0081384
2.499 0.0081384
2.5 0.0081384
2.501 0.00813839
2.502 0.00813839
2.503 0.00813839
2.504 0.00813839
2.505 0.00813839
2.506 0.00813838
2.507 0.00813838
2.508 0.00813838
2.509 0.00813838
2.51 0.00813838
2.511 0.00813837
2.512 0.00813837
2.513 0.00813837
2.514 0.00813837
2.515 0.00813837
2.516 0.00813836
2.517 0.00813836
2.518 0.00813836
2.519 0.00813836
2.52 0.00813836
2.521 0.00813835
2.522 0.00813835
2.523 0.00813835
2.524 0.00813835
2.525 0.00813835
2.526 0.00813834
2.527 0.00813834
2.528 0.00813834
2.529 0.00813834
2.53 0.00813834
2.531 0.00813833
2.532 0.00813833
2.533 0.00813833
2.534 0.00813833
2.535 0.00813833
2.536 0.00813833
2.537 0.00813832
2.538 0.00813832
2.539 0.00813832
2.54 0.00813832
2.541 0.00813832
2.542 0.00813831
2.543 0.00813831
2.544 0.00813831
2.545 0.00813831
2.546 0.00813831
2.547 0.00813831
2.548 0.0081383
2.549 0.0081383
2.55 0.0081383
2.551 0.0081383
2.552 0.0081383
2.553 0.0081383
2.554 0.00813829
2.555 0.00813829
2.556 0.00813829
2.557 0.00813829
2.558 0.00813829
2.559 0.00813829
2.56 0.00813828
2.561 0.00813828
2.562 0.00813828
2.563 0.00813828
2.564 0.00813828
2.565 0.00813828
2.566 0.00813827
2.567 0.00813827
2.568 0.00813827
2.569 0.00813827
2.57 0.00813827
2.571 0.00813827
2.572 0.00813826
2.573 0.00813826
2.574 0.00813826
2.575 0.00813826
2.576 0.00813826
2.577 0.00813826
2.578 0.00813825
2.579 0.00813825
2.58 0.00813825
2.581 0.00813825
2.582 0.00813825
2.583 0.00813825
2.584 0.00813824
2.585 0.00813824
2.586 0.00813824
2.587 0.00813824
2.588 0.00813824
2.589 0.00813824
2.59 0.00813824
2.591 0.00813823
2.592 0.00813823
2.593 0.00813823
2.594 0.00813823
2.595 0.00813823
2.596 0.00813823
2.597 0.00813823
2.598 0.00813822
2.599 0.00813822
