0 0.127499
0.001 0.127497
0.002 0.127494
0.003 0.127491
0.004 0.127487
0.005 0.127482
0.006 0.127477
0.007 0.127471
0.008 0.127465
0.009 0.127458
0.01 0.127451
0.011 0.127443
0.012 0.127435
0.013 0.127426
0.014 0.127417
0.015 0.127407
0.016 0.127397
0.017 0.127386
0.018 0.127375
0.019 0.127363
0.02 0.127352
0.021 0.127339
0.022 0.127327
0.023 0.127314
0.024 0.1273
0.025 0.127286
0.026 0.127272
0.027 0.127258
0.028 0.127243
0.029 0.127228
0.03 0.127212
0.031 0.127196
0.032 0.12718
0.033 0.127164
0.034 0.127147
0.035 0.12713
0.036 0.127112
0.037 0.127095
0.038 0.127077
0.039 0.127058
0.04 0.12704
0.041 0.127021
0.042 0.127002
0.043 0.126982
0.044 0.126963
0.045 0.126943
0.046 0.126922
0.047 0.126902
0.048 0.126881
0.049 0.12686
0.05 0.126839
0.051 0.126817
0.052 0.126795
0.053 0.126773
0.054 0.126751
0.055 0.126729
0.056 0.126706
0.057 0.126683
0.058 0.12666
0.059 0.126636
0.06 0.126613
0.061 0.126589
0.062 0.126565
0.063 0.126541
0.064 0.126516
0.065 0.126492
0.066 0.126467
0.067 0.126442
0.068 0.126416
0.069 0.126391
0.07 0.126365
0.071 0.126339
0.072 0.126313
0.073 0.126287
0.074 0.12626
0.075 0.126233
0.076 0.126207
0.077 0.12618
0.078 0.126152
0.079 0.126125
0.08 0.126097
0.081 0.12607
0.082 0.126042
0.083 0.126013
0.084 0.125985
0.085 0.125957
0.086 0.125928
0.087 0.125899
0.088 0.12587
0.089 0.125841
0.09 0.125812
0.091 0.125782
0.092 0.125753
0.093 0.125723
0.094 0.125693
0.095 0.125663
0.096 0.125633
0.097 0.125602
0.098 0.125572
0.099 0.125541
0.1 0.12551
0.101 0.125479
0.102 0.125448
0.103 0.125417
0.104 0.125385
0.105 0.125354
0.106 0.125322
0.107 0.12529
0.108 0.125258
0.109 0.125226
0.11 0.125193
0.111 0.125161
0.112 0.125128
0.113 0.125096
0.114 0.125063
0.115 0.12503
0.116 0.124997
0.117 0.124964
0.118 0.12493
0.119 0.124897
0.12 0.124863
0.121 0.124829
0.122 0.124796
0.123 0.124762
0.124 0.124727
0.125 0.124693
0.126 0.124659
0.127 0.124624
0.128 0.12459
0.129 0.124555
0.13 0.12452
0.131 0.124485
0.132 0.12445
0.133 0.124415
0.134 0.12438
0.135 0.124344
0.136 0.124309
0.137 0.124273
0.138 0.124237
0.139 0.124202
0.14 0.124166
0.141 0.12413
0.142 0.124093
0.143 0.124057
0.144 0.124021
0.145 0.123984
0.146 0.123948
0.147 0.123911
0.148 0.123874
0.149 0.123837
0.15 0.1238
0.151 0.123763
0.152 0.123726
0.153 0.123688
0.154 0.123651
0.155 0.123613
0.156 0.123576
0.157 0.123538
0.158 0.1235
0.159 0.123462
0.16 0.123424
0.161 0.123386
0.162 0.123348
0.163 0.12331
0.164 0.123271
0.165 0.123233
0.166 0.123194
0.167 0.123156
0.168 0.123117
0.169 0.123078
0.17 0.123039
0.171 0.123
0.172 0.122961
0.173 0.122922
0.174 0.122883
0.175 0.122843
0.176 0.122804
0.177 0.122764
0.178 0.122725
0.179 0.122685
0.18 0.122645
0.181 0.122605
0.182 0.122565
0.183 0.122525
0.184 0.122485
0.185 0.122445
0.186 0.122404
0.187 0.122364
0.188 0.122324
0.189 0.122283
0.19 0.122242
0.191 0.122202
0.192 0.122161
0.193 0.12212
0.194 0.122079
0.195 0.122038
0.196 0.121997
0.197 0.121956
0.198 0.121915
0.199 0.121873
0.2 0.121832
0.201 0.121791
0.202 0.121749
0.203 0.121708
0.204 0.121666
0.205 0.121624
0.206 0.121582
0.207 0.12154
0.208 0.121498
0.209 0.121456
0.21 0.121414
0.211 0.121372
0.212 0.12133
0.213 0.121288
0.214 0.121245
0.215 0.121203
0.216 0.12116
0.217 0.121118
0.218 0.121075
0.219 0.121032
0.22 0.120989
0.221 0.120947
0.222 0.120904
0.223 0.120861
0.224 0.120818
0.225 0.120775
0.226 0.120731
0.227 0.120688
0.228 0.120645
0.229 0.120602
0.23 0.120558
0.231 0.120515
0.232 0.120471
0.233 0.120427
0.234 0.120384
0.235 0.12034
0.236 0.120296
0.237 0.120252
0.238 0.120208
0.239 0.120164
0.24 0.12012
0.241 0.120076
0.242 0.120032
0.243 0.119988
0.244 0.119944
0.245 0.119899
0.246 0.119855
0.247 0.11981
0.248 0.119766
0.249 0.119721
0.25 0.119677
0.251 0.119632
0.252 0.119587
0.253 0.119543
0.254 0.119498
0.255 0.119453
0.256 0.119408
0.257 0.119363
0.258 0.119318
0.259 0.119273
0.26 0.119227
0.261 0.119182
0.262 0.119137
0.263 0.119092
0.264 0.119046
0.265 0.119001
0.266 0.118955
0.267 0.11891
0.268 0.118864
0.269 0.118818
0.27 0.118773
0.271 0.118727
0.272 0.118681
0.273 0.118635
0.274 0.118589
0.275 0.118544
0.276 0.118498
0.277 0.118451
0.278 0.118405
0.279 0.118359
0.28 0.118313
0.281 0.118267
0.282 0.11822
0.283 0.118174
0.284 0.118128
0.285 0.118081
0.286 0.118035
0.287 0.117988
0.288 0.117942
0.289 0.117895
0.29 0.117848
0.291 0.117802
0.292 0.117755
0.293 0.117708
0.294 0.117661
0.295 0.117614
0.296 0.117567
0.297 0.117521
0.298 0.117473
0.299 0.117426
0.3 0.117379
0.301 0.117332
0.302 0.117285
0.303 0.117238
0.304 0.11719
0.305 0.117143
0.306 0.117096
0.307 0.117048
0.308 0.117001
0.309 0.116953
0.31 0.116906
0.311 0.116858
0.312 0.116811
0.313 0.116763
0.314 0.116715
0.315 0.116667
0.316 0.11662
0.317 0.116572
0.318 0.116524
0.319 0.116476
0.32 0.116428
0.321 0.11638
0.322 0.116332
0.323 0.116284
0.324 0.116236
0.325 0.116188
0.326 0.116139
0.327 0.116091
0.328 0.116043
0.329 0.115995
0.33 0.115946
0.331 0.115898
0.332 0.11585
0.333 0.115801
0.334 0.115753
0.335 0.115704
0.336 0.115655
0.337 0.115607
0.338 0.115558
0.339 0.11551
0.34 0.115461
0.341 0.115412
0.342 0.115363
0.343 0.115314
0.344 0.115266
0.345 0.115217
0.346 0.115168
0.347 0.115119
0.348 0.11507
0.349 0.115021
0.35 0.114972
0.351 0.114923
0.352 0.114873
0.353 0.114824
0.354 0.114775
0.355 0.114726
0.356 0.114676
0.357 0.114627
0.358 0.114578
0.359 0.114528
0.36 0.114479
0.361 0.11443
0.362 0.11438
0.363 0.114331
0.364 0.114281
0.365 0.114231
0.366 0.114182
0.367 0.114132
0.368 0.114083
0.369 0.114033
0.37 0.113983
0.371 0.113933
0.372 0.113884
0.373 0.113834
0.374 0.113784
0.375 0.113734
0.376 0.113684
0.377 0.113634
0.378 0.113584
0.379 0.113534
0.38 0.113484
0.381 0.113434
0.382 0.113384
0.383 0.113334
0.384 0.113284
0.385 0.113233
0.386 0.113183
0.387 0.113133
0.388 0.113083
0.389 0.113032
0.39 0.112982
0.391 0.112932
0.392 0.112881
0.393 0.112831
0.394 0.11278
0.395 0.11273
0.396 0.112679
0.397 0.112629
0.398 0.112578
0.399 0.112528
0.4 0.112477
0.401 0.112426
0.402 0.112376
0.403 0.112325
0.404 0.112274
0.405 0.112223
0.406 0.112173
0.407 0.112122
0.408 0.112071
0.409 0.11202
0.41 0.111969
0.411 0.111918
0.412 0.111867
0.413 0.111816
0.414 0.111765
0.415 0.111714
0.416 0.111663
0.417 0.111612
0.418 0.111561
0.419 0.11151
0.42 0.111459
0.421 0.111408
0.422 0.111356
0.423 0.111305
0.424 0.111254
0.425 0.111203
0.426 0.111151
0.427 0.1111
0.428 0.111049
0.429 0.110997
0.43 0.110946
0.431 0.110894
0.432 0.110843
0.433 0.110792
0.434 0.11074
0.435 0.110688
0.436 0.110637
0.437 0.110585
0.438 0.110534
0.439 0.110482
0.44 0.110431
0.441 0.110379
0.442 0.110327
0.443 0.110275
0.444 0.110224
0.445 0.110172
0.446 0.11012
0.447 0.110068
0.448 0.110017
0.449 0.109965
0.45 0.109913
0.451 0.109861
0.452 0.109809
0.453 0.109757
0.454 0.109705
0.455 0.109653
0.456 0.109601
0.457 0.109549
0.458 0.109497
0.459 0.109445
0.46 0.109393
0.461 0.109341
0.462 0.109289
0.463 0.109237
0.464 0.109184
0.465 0.109132
0.466 0.10908
0.467 0.109028
0.468 0.108976
0.469 0.108923
0.47 0.108871
0.471 0.108819
0.472 0.108766
0.473 0.108714
0.474 0.108662
0.475 0.108609
0.476 0.108557
0.477 0.108504
0.478 0.108452
0.479 0.108399
0.48 0.108347
0.481 0.108294
0.482 0.108242
0.483 0.108189
0.484 0.108137
0.485 0.108084
0.486 0.108032
0.487 0.107979
0.488 0.107926
0.489 0.107874
0.49 0.107821
0.491 0.107768
0.492 0.107715
0.493 0.107663
0.494 0.10761
0.495 0.107557
0.496 0.107504
0.497 0.107452
0.498 0.107399
0.499 0.107346
0.5 0.107293
0.501 0.10724
0.502 0.107187
0.503 0.107134
0.504 0.107081
0.505 0.107028
0.506 0.106975
0.507 0.106922
0.508 0.106869
0.509 0.106816
0.51 0.106763
0.511 0.10671
0.512 0.106657
0.513 0.106604
0.514 0.106551
0.515 0.106498
0.516 0.106445
0.517 0.106392
0.518 0.106338
0.519 0.106285
0.52 0.106232
0.521 0.106179
0.522 0.106125
0.523 0.106072
0.524 0.106019
0.525 0.105966
0.526 0.105912
0.527 0.105859
0.528 0.105806
0.529 0.105752
0.53 0.105699
0.531 0.105645
0.532 0.105592
0.533 0.105539
0.534 0.105485
0.535 0.105432
0.536 0.105378
0.537 0.105325
0.538 0.105271
0.539 0.105218
0.54 0.105164
0.541 0.105111
0.542 0.105057
0.543 0.105004
0.544 0.10495
0.545 0.104896
0.546 0.104843
0.547 0.104789
0.548 0.104735
0.549 0.104682
0.55 0.104628
0.551 0.104574
0.552 0.104521
0.553 0.104467
0.554 0.104413
0.555 0.104359
0.556 0.104306
0.557 0.104252
0.558 0.104198
0.559 0.104144
0.56 0.10409
0.561 0.104037
0.562 0.103983
0.563 0.103929
0.564 0.103875
0.565 0.103821
0.566 0.103767
0.567 0.103713
0.568 0.103659
0.569 0.103605
0.57 0.103551
0.571 0.103497
0.572 0.103443
0.573 0.103389
0.574 0.103335
0.575 0.103281
0.576 0.103227
0.577 0.103173
0.578 0.103119
0.579 0.103065
0.58 0.103011
0.581 0.102957
0.582 0.102903
0.583 0.102849
0.584 0.102795
0.585 0.10274
0.586 0.102686
0.587 0.102632
0.588 0.102578
0.589 0.102524
0.59 0.102469
0.591 0.102415
0.592 0.102361
0.593 0.102307
0.594 0.102252
0.595 0.102198
0.596 0.102144
0.597 0.10209
0.598 0.102035
0.599 0.101981
0.6 0.101927
0.601 0.101872
0.602 0.101818
0.603 0.101764
0.604 0.101709
0.605 0.101655
0.606 0.1016
0.607 0.101546
0.608 0.101492
0.609 0.101437
0.61 0.101383
0.611 0.101328
0.612 0.101274
0.613 0.101219
0.614 0.101165
0.615 0.10111
0.616 0.101056
0.617 0.101001
0.618 0.100947
0.619 0.100892
0.62 0.100837
0.621 0.100783
0.622 0.100728
0.623 0.100674
0.624 0.100619
0.625 0.100564
0.626 0.10051
0.627 0.100455
0.628 0.1004
0.629 0.100346
0.63 0.100291
0.631 0.100236
0.632 0.100182
0.633 0.100127
0.634 0.100072
0.635 0.100018
0.636 0.0999629
0.637 0.0999081
0.638 0.0998534
0.639 0.0997986
0.64 0.0997438
0.641 0.099689
0.642 0.0996343
0.643 0.0995795
0.644 0.0995246
0.645 0.0994698
0.646 0.099415
0.647 0.0993602
0.648 0.0993053
0.649 0.0992504
0.65 0.0991956
0.651 0.0991407
0.652 0.0990858
0.653 0.0990309
0.654 0.098976
0.655 0.098921
0.656 0.0988661
0.657 0.0988112
0.658 0.0987563
0.659 0.0987013
0.66 0.0986463
0.661 0.0985914
0.662 0.0985364
0.663 0.0984814
0.664 0.0984264
0.665 0.0983714
0.666 0.0983164
0.667 0.0982613
0.668 0.0982063
0.669 0.0981512
0.67 0.0980962
0.671 0.0980411
0.672 0.097986
0.673 0.0979309
0.674 0.0978758
0.675 0.0978207
0.676 0.0977656
0.677 0.0977105
0.678 0.0976554
0.679 0.0976002
0.68 0.0975451
0.681 0.0974899
0.682 0.0974348
0.683 0.0973796
0.684 0.0973244
0.685 0.0972692
0.686 0.097214
0.687 0.0971588
0.688 0.0971036
0.689 0.0970484
0.69 0.0969931
0.691 0.0969379
0.692 0.0968826
0.693 0.0968274
0.694 0.0967721
0.695 0.0967168
0.696 0.0966616
0.697 0.0966063
0.698 0.096551
0.699 0.0964957
0.7 0.0964404
0.701 0.0963851
0.702 0.0963297
0.703 0.0962744
0.704 0.096219
0.705 0.0961637
0.706 0.0961083
0.707 0.096053
0.708 0.0959976
0.709 0.0959422
0.71 0.0958868
0.711 0.0958314
0.712 0.095776
0.713 0.0957206
0.714 0.0956651
0.715 0.0956097
0.716 0.0955543
0.717 0.0954989
0.718 0.0954434
0.719 0.095388
0.72 0.0953325
0.721 0.095277
0.722 0.0952215
0.723 0.095166
0.724 0.0951106
0.725 0.0950551
0.726 0.0949996
0.727 0.094944
0.728 0.0948885
0.729 0.094833
0.73 0.0947774
0.731 0.0947219
0.732 0.0946663
0.733 0.0946108
0.734 0.0945552
0.735 0.0944996
0.736 0.0944441
0.737 0.0943885
0.738 0.0943329
0.739 0.0942773
0.74 0.0942217
0.741 0.0941661
0.742 0.0941105
0.743 0.0940548
0.744 0.0939992
0.745 0.0939436
0.746 0.0938879
0.747 0.0938323
0.748 0.0937766
0.749 0.0937209
0.75 0.0936653
0.751 0.0936096
0.752 0.0935539
0.753 0.0934982
0.754 0.0934425
0.755 0.0933868
0.756 0.0933311
0.757 0.0932754
0.758 0.0932197
0.759 0.0931639
0.76 0.0931082
0.761 0.0930525
0.762 0.0929967
0.763 0.092941
0.764 0.0928852
0.765 0.0928295
0.766 0.0927737
0.767 0.0927179
0.768 0.0926621
0.769 0.0926063
0.77 0.0925505
0.771 0.0924947
0.772 0.0924389
0.773 0.0923831
0.774 0.0923273
0.775 0.0922714
0.776 0.0922156
0.777 0.0921598
0.778 0.092104
0.779 0.0920481
0.78 0.0919923
0.781 0.0919364
0.782 0.0918805
0.783 0.0918247
0.784 0.0917688
0.785 0.0917129
0.786 0.091657
0.787 0.0916011
0.788 0.0915452
0.789 0.0914893
0.79 0.0914334
0.791 0.0913775
0.792 0.0913216
0.793 0.0912657
0.794 0.0912097
0.795 0.0911538
0.796 0.0910979
0.797 0.0910419
0.798 0.090986
0.799 0.0909301
0.8 0.0908741
0.801 0.0908181
0.802 0.0907622
0.803 0.0907062
0.804 0.0906502
0.805 0.0905942
0.806 0.0905382
0.807 0.0904822
0.808 0.0904262
0.809 0.0903702
0.81 0.0903142
0.811 0.0902582
0.812 0.0902022
0.813 0.0901462
0.814 0.0900901
0.815 0.0900341
0.816 0.0899781
0.817 0.089922
0.818 0.089866
0.819 0.08981
0.82 0.0897539
0.821 0.0896978
0.822 0.0896418
0.823 0.0895857
0.824 0.0895296
0.825 0.0894736
0.826 0.0894175
0.827 0.0893614
0.828 0.0893053
0.829 0.0892492
0.83 0.0891931
0.831 0.089137
0.832 0.0890809
0.833 0.0890248
0.834 0.0889687
0.835 0.0889125
0.836 0.0888564
0.837 0.0888003
0.838 0.0887442
0.839 0.088688
0.84 0.0886319
0.841 0.0885757
0.842 0.0885196
0.843 0.0884634
0.844 0.0884073
0.845 0.0883511
0.846 0.0882949
0.847 0.0882388
0.848 0.0881826
0.849 0.0881264
0.85 0.0880702
0.851 0.088014
0.852 0.0879578
0.853 0.0879016
0.854 0.0878454
0.855 0.0877892
0.856 0.087733
0.857 0.0876767
0.858 0.0876205
0.859 0.0875643
0.86 0.0875081
0.861 0.0874518
0.862 0.0873956
0.863 0.0873393
0.864 0.0872831
0.865 0.0872269
0.866 0.0871706
0.867 0.0871143
0.868 0.0870581
0.869 0.0870018
0.87 0.0869455
0.871 0.0868892
0.872 0.0868329
0.873 0.0867766
0.874 0.0867204
0.875 0.0866641
0.876 0.0866078
0.877 0.0865515
0.878 0.0864952
0.879 0.0864389
0.88 0.0863826
0.881 0.0863262
0.882 0.0862699
0.883 0.0862136
0.884 0.0861573
0.885 0.0861009
0.886 0.0860446
0.887 0.0859883
0.888 0.0859319
0.889 0.0858756
0.89 0.0858192
0.891 0.0857628
0.892 0.0857065
0.893 0.0856501
0.894 0.0855938
0.895 0.0855374
0.896 0.085481
0.897 0.0854247
0.898 0.0853683
0.899 0.0853119
0.9 0.0852555
0.901 0.0851992
0.902 0.0851428
0.903 0.0850864
0.904 0.08503
0.905 0.0849736
0.906 0.0849172
0.907 0.0848608
0.908 0.0848044
0.909 0.0847479
0.91 0.0846915
0.911 0.0846351
0.912 0.0845787
0.913 0.0845222
0.914 0.0844658
0.915 0.0844094
0.916 0.084353
0.917 0.0842966
0.918 0.0842401
0.919 0.0841837
0.92 0.0841272
0.921 0.0840708
0.922 0.0840143
0.923 0.0839579
0.924 0.0839014
0.925 0.0838449
0.926 0.0837885
0.927 0.083732
0.928 0.0836755
0.929 0.083619
0.93 0.0835625
0.931 0.0835061
0.932 0.0834496
0.933 0.0833931
0.934 0.0833366
0.935 0.0832801
0.936 0.0832236
0.937 0.0831671
0.938 0.0831106
0.939 0.0830541
0.94 0.0829976
0.941 0.082941
0.942 0.0828845
0.943 0.082828
0.944 0.0827715
0.945 0.082715
0.946 0.0826584
0.947 0.0826019
0.948 0.0825454
0.949 0.0824888
0.95 0.0824323
0.951 0.0823757
0.952 0.0823192
0.953 0.0822626
0.954 0.0822061
0.955 0.0821495
0.956 0.082093
0.957 0.0820364
0.958 0.0819799
0.959 0.0819233
0.96 0.0818667
0.961 0.0818102
0.962 0.0817536
0.963 0.081697
0.964 0.0816405
0.965 0.0815839
0.966 0.0815273
0.967 0.0814707
0.968 0.0814141
0.969 0.0813575
0.97 0.0813009
0.971 0.0812443
0.972 0.0811877
0.973 0.0811311
0.974 0.0810745
0.975 0.0810179
0.976 0.0809613
0.977 0.0809047
0.978 0.0808481
0.979 0.0807915
0.98 0.0807349
0.981 0.0806783
0.982 0.0806217
0.983 0.080565
0.984 0.0805084
0.985 0.0804518
0.986 0.0803951
0.987 0.0803385
0.988 0.0802818
0.989 0.0802252
0.99 0.0801685
0.991 0.0801119
0.992 0.0800552
0.993 0.0799986
0.994 0.079942
0.995 0.0798853
0.996 0.0798287
0.997 0.079772
0.998 0.0797153
0.999 0.0796587
1 0.079602
1.001 0.0795453
1.002 0.0794887
1.003 0.079432
1.004 0.0793753
1.005 0.0793186
1.006 0.0792619
1.007 0.0792052
1.008 0.0791485
1.009 0.0790919
1.01 0.0790352
1.011 0.0789785
1.012 0.0789218
1.013 0.0788651
1.014 0.0788084
1.015 0.0787517
1.016 0.078695
1.017 0.0786383
1.018 0.0785816
1.019 0.0785249
1.02 0.0784682
1.021 0.0784115
1.022 0.0783548
1.023 0.0782981
1.024 0.0782414
1.025 0.0781846
1.026 0.0781279
1.027 0.0780712
1.028 0.0780144
1.029 0.0779577
1.03 0.077901
1.031 0.0778443
1.032 0.0777875
1.033 0.0777308
1.034 0.077674
1.035 0.0776173
1.036 0.0775606
1.037 0.0775038
1.038 0.0774471
1.039 0.0773903
1.04 0.0773336
1.041 0.0772768
1.042 0.0772201
1.043 0.0771633
1.044 0.0771066
1.045 0.0770498
1.046 0.076993
1.047 0.0769363
1.048 0.0768795
1.049 0.0768227
1.05 0.0767659
1.051 0.0767092
1.052 0.0766524
1.053 0.0765956
1.054 0.0765389
1.055 0.0764821
1.056 0.0764253
1.057 0.0763685
1.058 0.0763117
1.059 0.0762549
1.06 0.0761982
1.061 0.0761414
1.062 0.0760846
1.063 0.0760278
1.064 0.075971
1.065 0.0759142
1.066 0.0758574
1.067 0.0758006
1.068 0.0757438
1.069 0.075687
1.07 0.0756302
1.071 0.0755734
1.072 0.0755166
1.073 0.0754598
1.074 0.075403
1.075 0.0753462
1.076 0.0752894
1.077 0.0752325
1.078 0.0751757
1.079 0.0751189
1.08 0.0750621
1.081 0.0750053
1.082 0.0749484
1.083 0.0748916
1.084 0.0748348
1.085 0.0747779
1.086 0.0747211
1.087 0.0746643
1.088 0.0746074
1.089 0.0745506
1.09 0.0744937
1.091 0.0744369
1.092 0.0743801
1.093 0.0743232
1.094 0.0742664
1.095 0.0742095
1.096 0.0741527
1.097 0.0740958
1.098 0.074039
1.099 0.0739821
1.1 0.0739253
1.101 0.0738684
1.102 0.0738116
1.103 0.0737547
1.104 0.0736979
1.105 0.073641
1.106 0.0735841
1.107 0.0735273
1.108 0.0734704
1.109 0.0734135
1.11 0.0733567
1.111 0.0732998
1.112 0.073243
1.113 0.0731861
1.114 0.0731292
1.115 0.0730724
1.116 0.0730155
1.117 0.0729586
1.118 0.0729017
1.119 0.0728449
1.12 0.072788
1.121 0.0727311
1.122 0.0726742
1.123 0.0726173
1.124 0.0725604
1.125 0.0725035
1.126 0.0724466
1.127 0.0723897
1.128 0.0723328
1.129 0.0722759
1.13 0.0722191
1.131 0.0721622
1.132 0.0721053
1.133 0.0720484
1.134 0.0719915
1.135 0.0719346
1.136 0.0718776
1.137 0.0718207
1.138 0.0717638
1.139 0.0717069
1.14 0.07165
1.141 0.0715931
1.142 0.0715362
1.143 0.0714793
1.144 0.0714224
1.145 0.0713655
1.146 0.0713085
1.147 0.0712516
1.148 0.0711947
1.149 0.0711378
1.15 0.0710809
1.151 0.071024
1.152 0.070967
1.153 0.0709101
1.154 0.0708532
1.155 0.0707963
1.156 0.0707393
1.157 0.0706824
1.158 0.0706255
1.159 0.0705686
1.16 0.0705116
1.161 0.0704547
1.162 0.0703978
1.163 0.0703408
1.164 0.0702839
1.165 0.0702269
1.166 0.07017
1.167 0.070113
1.168 0.0700561
1.169 0.0699991
1.17 0.0699422
1.171 0.0698852
1.172 0.0698283
1.173 0.0697714
1.174 0.0697144
1.175 0.0696574
1.176 0.0696005
1.177 0.0695435
1.178 0.0694866
1.179 0.0694296
1.18 0.0693727
1.181 0.0693157
1.182 0.0692587
1.183 0.0692018
1.184 0.0691448
1.185 0.0690878
1.186 0.0690309
1.187 0.0689739
1.188 0.0689169
1.189 0.06886
1.19 0.068803
1.191 0.0687461
1.192 0.0686891
1.193 0.0686321
1.194 0.0685752
1.195 0.0685182
1.196 0.0684612
1.197 0.0684043
1.198 0.0683473
1.199 0.0682903
1.2 0.0682333
1.201 0.0681763
1.202 0.0681194
1.203 0.0680624
1.204 0.0680054
1.205 0.0679484
1.206 0.0678914
1.207 0.0678344
1.208 0.0677774
1.209 0.0677205
1.21 0.0676635
1.211 0.0676065
1.212 0.0675495
1.213 0.0674925
1.214 0.0674355
1.215 0.0673785
1.216 0.0673215
1.217 0.0672645
1.218 0.0672075
1.219 0.0671505
1.22 0.0670935
1.221 0.0670365
1.222 0.0669795
1.223 0.0669225
1.224 0.0668655
1.225 0.0668085
1.226 0.0667515
1.227 0.0666945
1.228 0.0666375
1.229 0.0665805
1.23 0.0665235
1.231 0.0664665
1.232 0.0664095
1.233 0.0663525
1.234 0.0662955
1.235 0.0662385
1.236 0.0661815
1.237 0.0661245
1.238 0.0660675
1.239 0.0660104
1.24 0.0659534
1.241 0.0658964
1.242 0.0658394
1.243 0.0657824
1.244 0.0657253
1.245 0.0656683
1.246 0.0656113
1.247 0.0655543
1.248 0.0654973
1.249 0.0654402
1.25 0.0653832
1.251 0.0653262
1.252 0.0652692
1.253 0.0652121
1.254 0.0651551
1.255 0.0650981
1.256 0.0650411
1.257 0.064984
1.258 0.064927
1.259 0.06487
1.26 0.0648129
1.261 0.0647559
1.262 0.0646989
1.263 0.0646418
1.264 0.0645848
1.265 0.0645278
1.266 0.0644707
1.267 0.0644137
1.268 0.0643567
1.269 0.0642997
1.27 0.0642426
1.271 0.0641856
1.272 0.0641285
1.273 0.0640715
1.274 0.0640145
1.275 0.0639574
1.276 0.0639004
1.277 0.0638434
1.278 0.0637863
1.279 0.0637293
1.28 0.0636722
1.281 0.0636152
1.282 0.0635581
1.283 0.063501
1.284 0.063444
1.285 0.063387
1.286 0.0633299
1.287 0.0632729
1.288 0.0632158
1.289 0.0631588
1.29 0.0631017
1.291 0.0630447
1.292 0.0629876
1.293 0.0629305
1.294 0.0628735
1.295 0.0628164
1.296 0.0627594
1.297 0.0627023
1.298 0.0626453
1.299 0.0625882
1.3 0.0625312
1.301 0.0624741
1.302 0.062417
1.303 0.06236
1.304 0.0623029
1.305 0.0622459
1.306 0.0621888
1.307 0.0621318
1.308 0.0620747
1.309 0.0620177
1.31 0.0619606
1.311 0.0619035
1.312 0.0618465
1.313 0.0617894
1.314 0.0617324
1.315 0.0616753
1.316 0.0616182
1.317 0.0615611
1.318 0.0615041
1.319 0.061447
1.32 0.0613899
1.321 0.0613329
1.322 0.0612758
1.323 0.0612187
1.324 0.0611616
1.325 0.0611046
1.326 0.0610475
1.327 0.0609904
1.328 0.0609334
1.329 0.0608763
1.33 0.0608192
1.331 0.0607621
1.332 0.0607051
1.333 0.060648
1.334 0.0605909
1.335 0.0605338
1.336 0.0604768
1.337 0.0604197
1.338 0.0603626
1.339 0.0603055
1.34 0.0602484
1.341 0.0601914
1.342 0.0601343
1.343 0.0600772
1.344 0.0600201
1.345 0.0599631
1.346 0.059906
1.347 0.0598489
1.348 0.0597919
1.349 0.0597348
1.35 0.0596777
1.351 0.0596206
1.352 0.0595635
1.353 0.0595064
1.354 0.0594494
1.355 0.0593923
1.356 0.0593352
1.357 0.0592781
1.358 0.059221
1.359 0.0591639
1.36 0.0591068
1.361 0.0590497
1.362 0.0589926
1.363 0.0589355
1.364 0.0588784
1.365 0.0588213
1.366 0.0587643
1.367 0.0587072
1.368 0.0586501
1.369 0.058593
1.37 0.0585359
1.371 0.0584788
1.372 0.0584217
1.373 0.0583646
1.374 0.0583075
1.375 0.0582504
1.376 0.0581933
1.377 0.0581362
1.378 0.0580791
1.379 0.058022
1.38 0.0579649
1.381 0.0579078
1.382 0.0578507
1.383 0.0577936
1.384 0.0577365
1.385 0.0576794
1.386 0.0576223
1.387 0.0575653
1.388 0.0575082
1.389 0.057451
1.39 0.057394
1.391 0.0573369
1.392 0.0572798
1.393 0.0572227
1.394 0.0571656
1.395 0.0571084
1.396 0.0570513
1.397 0.0569942
1.398 0.0569371
1.399 0.05688
1.4 0.0568229
1.401 0.0567658
1.402 0.0567087
1.403 0.0566516
1.404 0.0565945
1.405 0.0565374
1.406 0.0564803
1.407 0.0564232
1.408 0.056366
1.409 0.0563089
1.41 0.0562518
1.411 0.0561947
1.412 0.0561376
1.413 0.0560805
1.414 0.0560234
1.415 0.0559663
1.416 0.0559092
1.417 0.0558521
1.418 0.0557949
1.419 0.0557378
1.42 0.0556807
1.421 0.0556236
1.422 0.0555665
1.423 0.0555094
1.424 0.0554523
1.425 0.0553952
1.426 0.0553381
1.427 0.0552809
1.428 0.0552238
1.429 0.0551667
1.43 0.0551096
1.431 0.0550525
1.432 0.0549954
1.433 0.0549382
1.434 0.0548811
1.435 0.054824
1.436 0.0547669
1.437 0.0547098
1.438 0.0546526
1.439 0.0545955
1.44 0.0545384
1.441 0.0544813
1.442 0.0544242
1.443 0.054367
1.444 0.0543099
1.445 0.0542528
1.446 0.0541957
1.447 0.0541386
1.448 0.0540815
1.449 0.0540244
1.45 0.0539672
1.451 0.0539101
1.452 0.053853
1.453 0.0537959
1.454 0.0537388
1.455 0.0536817
1.456 0.0536245
1.457 0.0535674
1.458 0.0535103
1.459 0.0534532
1.46 0.053396
1.461 0.0533389
1.462 0.0532818
1.463 0.0532247
1.464 0.0531676
1.465 0.0531105
1.466 0.0530533
1.467 0.0529962
1.468 0.0529391
1.469 0.052882
1.47 0.0528248
1.471 0.0527677
1.472 0.0527106
1.473 0.0526535
1.474 0.0525963
1.475 0.0525392
1.476 0.0524821
1.477 0.0524249
1.478 0.0523678
1.479 0.0523107
1.48 0.0522536
1.481 0.0521964
1.482 0.0521393
1.483 0.0520822
1.484 0.0520251
1.485 0.051968
1.486 0.0519108
1.487 0.0518537
1.488 0.0517966
1.489 0.0517395
1.49 0.0516824
1.491 0.0516252
1.492 0.0515681
1.493 0.051511
1.494 0.0514539
1.495 0.0513967
1.496 0.0513396
1.497 0.0512825
1.498 0.0512253
1.499 0.0511682
1.5 0.0511111
1.501 0.051054
1.502 0.0509968
1.503 0.0509397
1.504 0.0508826
1.505 0.0508255
1.506 0.0507683
1.507 0.0507112
1.508 0.0506541
1.509 0.0505969
1.51 0.0505398
1.511 0.0504827
1.512 0.0504256
1.513 0.0503684
1.514 0.0503113
1.515 0.0502542
1.516 0.050197
1.517 0.0501399
1.518 0.0500828
1.519 0.0500256
1.52 0.0499685
1.521 0.0499114
1.522 0.0498543
1.523 0.0497972
1.524 0.04974
1.525 0.0496829
1.526 0.0496258
1.527 0.0495687
1.528 0.0495115
1.529 0.0494544
1.53 0.0493973
1.531 0.0493401
1.532 0.049283
1.533 0.0492259
1.534 0.0491687
1.535 0.0491116
1.536 0.0490545
1.537 0.0489973
1.538 0.0489402
1.539 0.0488831
1.54 0.048826
1.541 0.0487688
1.542 0.0487117
1.543 0.0486546
1.544 0.0485975
1.545 0.0485403
1.546 0.0484832
1.547 0.0484261
1.548 0.048369
1.549 0.0483118
1.55 0.0482547
1.551 0.0481976
1.552 0.0481405
1.553 0.0480833
1.554 0.0480262
1.555 0.0479691
1.556 0.0479119
1.557 0.0478548
1.558 0.0477977
1.559 0.0477406
1.56 0.0476835
1.561 0.0476264
1.562 0.0475692
1.563 0.0475121
1.564 0.047455
1.565 0.0473979
1.566 0.0473407
1.567 0.0472836
1.568 0.0472265
1.569 0.0471694
1.57 0.0471122
1.571 0.0470551
1.572 0.046998
1.573 0.0469409
1.574 0.0468837
1.575 0.0468266
1.576 0.0467695
1.577 0.0467124
1.578 0.0466552
1.579 0.0465981
1.58 0.046541
1.581 0.0464839
1.582 0.0464267
1.583 0.0463696
1.584 0.0463125
1.585 0.0462554
1.586 0.0461983
1.587 0.0461411
1.588 0.046084
1.589 0.0460269
1.59 0.0459698
1.591 0.0459127
1.592 0.0458555
1.593 0.0457984
1.594 0.0457413
1.595 0.0456842
1.596 0.045627
1.597 0.0455699
1.598 0.0455128
1.599 0.0454557
1.6 0.0453986
1.601 0.0453415
1.602 0.0452844
1.603 0.0452272
1.604 0.0451701
1.605 0.045113
1.606 0.0450559
1.607 0.0449988
1.608 0.0449417
1.609 0.0448845
1.61 0.0448274
1.611 0.0447703
1.612 0.0447132
1.613 0.0446561
1.614 0.0445989
1.615 0.0445418
1.616 0.0444847
1.617 0.0444276
1.618 0.0443705
1.619 0.0443134
1.62 0.0442563
1.621 0.0441992
1.622 0.0441421
1.623 0.044085
1.624 0.0440279
1.625 0.0439708
1.626 0.0439137
1.627 0.0438566
1.628 0.0437995
1.629 0.0437424
1.63 0.0436852
1.631 0.0436281
1.632 0.043571
1.633 0.0435139
1.634 0.0434568
1.635 0.0433997
1.636 0.0433426
1.637 0.0432855
1.638 0.0432284
1.639 0.0431713
1.64 0.0431142
1.641 0.0430571
1.642 0.043
1.643 0.0429429
1.644 0.0428858
1.645 0.0428287
1.646 0.0427716
1.647 0.0427145
1.648 0.0426574
1.649 0.0426003
1.65 0.0425432
1.651 0.0424861
1.652 0.042429
1.653 0.0423719
1.654 0.0423148
1.655 0.0422577
1.656 0.0422006
1.657 0.0421436
1.658 0.0420865
1.659 0.0420294
1.66 0.0419723
1.661 0.0419152
1.662 0.0418581
1.663 0.0418011
1.664 0.041744
1.665 0.0416869
1.666 0.0416298
1.667 0.0415727
1.668 0.0415157
1.669 0.0414586
1.67 0.0414015
1.671 0.0413444
1.672 0.0412873
1.673 0.0412302
1.674 0.0411732
1.675 0.0411161
1.676 0.041059
1.677 0.0410019
1.678 0.0409449
1.679 0.0408878
1.68 0.0408307
1.681 0.0407736
1.682 0.0407166
1.683 0.0406595
1.684 0.0406025
1.685 0.0405454
1.686 0.0404883
1.687 0.0404312
1.688 0.0403742
1.689 0.0403171
1.69 0.04026
1.691 0.0402029
1.692 0.0401459
1.693 0.0400888
1.694 0.0400318
1.695 0.0399747
1.696 0.0399177
1.697 0.0398606
1.698 0.0398036
1.699 0.0397465
1.7 0.0396894
1.701 0.0396324
1.702 0.0395753
1.703 0.0395183
1.704 0.0394613
1.705 0.0394042
1.706 0.0393472
1.707 0.0392901
1.708 0.0392331
1.709 0.039176
1.71 0.039119
1.711 0.0390619
1.712 0.0390049
1.713 0.0389478
1.714 0.0388908
1.715 0.0388338
1.716 0.0387767
1.717 0.0387197
1.718 0.0386627
1.719 0.0386057
1.72 0.0385486
1.721 0.0384916
1.722 0.0384346
1.723 0.0383775
1.724 0.0383205
1.725 0.0382635
1.726 0.0382064
1.727 0.0381494
1.728 0.0380924
1.729 0.0380354
1.73 0.0379783
1.731 0.0379213
1.732 0.0378643
1.733 0.0378073
1.734 0.0377503
1.735 0.0376933
1.736 0.0376363
1.737 0.0375793
1.738 0.0375223
1.739 0.0374652
1.74 0.0374083
1.741 0.0373513
1.742 0.0372943
1.743 0.0372373
1.744 0.0371803
1.745 0.0371233
1.746 0.0370663
1.747 0.0370093
1.748 0.0369523
1.749 0.0368953
1.75 0.0368383
1.751 0.0367813
1.752 0.0367243
1.753 0.0366673
1.754 0.0366104
1.755 0.0365534
1.756 0.0364964
1.757 0.0364394
1.758 0.0363825
1.759 0.0363255
1.76 0.0362685
1.761 0.0362115
1.762 0.0361546
1.763 0.0360976
1.764 0.0360407
1.765 0.0359837
1.766 0.0359267
1.767 0.0358698
1.768 0.0358128
1.769 0.0357558
1.77 0.0356989
1.771 0.0356419
1.772 0.035585
1.773 0.0355281
1.774 0.0354711
1.775 0.0354142
1.776 0.0353573
1.777 0.0353003
1.778 0.0352434
1.779 0.0351865
1.78 0.0351295
1.781 0.0350726
1.782 0.0350157
1.783 0.0349588
1.784 0.0349019
1.785 0.0348449
1.786 0.034788
1.787 0.0347311
1.788 0.0346742
1.789 0.0346173
1.79 0.0345604
1.791 0.0345035
1.792 0.0344466
1.793 0.0343897
1.794 0.0343328
1.795 0.0342759
1.796 0.034219
1.797 0.0341621
1.798 0.0341052
1.799 0.0340484
1.8 0.0339915
1.801 0.0339346
1.802 0.0338777
1.803 0.0338209
1.804 0.033764
1.805 0.0337071
1.806 0.0336502
1.807 0.0335934
1.808 0.0335365
1.809 0.0334797
1.81 0.0334228
1.811 0.033366
1.812 0.0333091
1.813 0.0332523
1.814 0.0331955
1.815 0.0331387
1.816 0.0330818
1.817 0.033025
1.818 0.0329682
1.819 0.0329114
1.82 0.0328546
1.821 0.0327978
1.822 0.0327409
1.823 0.0326841
1.824 0.0326273
1.825 0.0325705
1.826 0.0325137
1.827 0.0324569
1.828 0.0324002
1.829 0.0323434
1.83 0.0322866
1.831 0.0322298
1.832 0.0321731
1.833 0.0321163
1.834 0.0320595
1.835 0.0320028
1.836 0.031946
1.837 0.0318893
1.838 0.0318325
1.839 0.0317758
1.84 0.031719
1.841 0.0316623
1.842 0.0316056
1.843 0.0315488
1.844 0.0314921
1.845 0.0314354
1.846 0.0313786
1.847 0.0313219
1.848 0.0312652
1.849 0.0312085
1.85 0.0311518
1.851 0.0310951
1.852 0.0310384
1.853 0.0309817
1.854 0.0309251
1.855 0.0308684
1.856 0.0308117
1.857 0.030755
1.858 0.0306984
1.859 0.0306417
1.86 0.0305851
1.861 0.0305284
1.862 0.0304718
1.863 0.0304151
1.864 0.0303585
1.865 0.0303019
1.866 0.0302452
1.867 0.0301886
1.868 0.030132
1.869 0.0300754
1.87 0.0300188
1.871 0.0299622
1.872 0.0299056
1.873 0.029849
1.874 0.0297925
1.875 0.0297359
1.876 0.0296793
1.877 0.0296228
1.878 0.0295662
1.879 0.0295097
1.88 0.0294531
1.881 0.0293966
1.882 0.02934
1.883 0.0292835
1.884 0.029227
1.885 0.0291704
1.886 0.0291139
1.887 0.0290574
1.888 0.0290009
1.889 0.0289444
1.89 0.0288879
1.891 0.0288315
1.892 0.028775
1.893 0.0287185
1.894 0.0286621
1.895 0.0286056
1.896 0.0285491
1.897 0.0284927
1.898 0.0284363
1.899 0.0283799
1.9 0.0283234
1.901 0.028267
1.902 0.0282106
1.903 0.0281542
1.904 0.0280978
1.905 0.0280414
1.906 0.027985
1.907 0.0279286
1.908 0.0278723
1.909 0.0278159
1.91 0.0277596
1.911 0.0277032
1.912 0.0276469
1.913 0.0275906
1.914 0.0275343
1.915 0.027478
1.916 0.0274217
1.917 0.0273654
1.918 0.0273091
1.919 0.0272528
1.92 0.0271966
1.921 0.0271403
1.922 0.0270841
1.923 0.0270278
1.924 0.0269716
1.925 0.0269154
1.926 0.0268592
1.927 0.0268029
1.928 0.0267468
1.929 0.0266906
1.93 0.0266344
1.931 0.0265783
1.932 0.0265221
1.933 0.026466
1.934 0.0264098
1.935 0.0263537
1.936 0.0262976
1.937 0.0262415
1.938 0.0261854
1.939 0.0261293
1.94 0.0260732
1.941 0.0260172
1.942 0.0259611
1.943 0.0259051
1.944 0.025849
1.945 0.025793
1.946 0.025737
1.947 0.025681
1.948 0.025625
1.949 0.025569
1.95 0.025513
1.951 0.0254571
1.952 0.0254011
1.953 0.0253452
1.954 0.0252893
1.955 0.0252334
1.956 0.0251775
1.957 0.0251216
1.958 0.0250657
1.959 0.0250099
1.96 0.024954
1.961 0.0248982
1.962 0.0248423
1.963 0.0247865
1.964 0.0247307
1.965 0.0246749
1.966 0.0246191
1.967 0.0245633
1.968 0.0245076
1.969 0.0244519
1.97 0.0243962
1.971 0.0243404
1.972 0.0242848
1.973 0.0242291
1.974 0.0241734
1.975 0.0241178
1.976 0.0240621
1.977 0.0240065
1.978 0.0239509
1.979 0.0238953
1.98 0.0238397
1.981 0.0237842
1.982 0.0237286
1.983 0.0236731
1.984 0.0236176
1.985 0.023562
1.986 0.0235066
1.987 0.0234511
1.988 0.0233956
1.989 0.0233402
1.99 0.0232848
1.991 0.0232294
1.992 0.023174
1.993 0.0231186
1.994 0.0230633
1.995 0.0230079
1.996 0.0229526
1.997 0.0228973
1.998 0.022842
1.999 0.0227868
2 0.0227315
2.001 0.0226763
2.002 0.0226211
2.003 0.0225659
2.004 0.0225107
2.005 0.0224555
2.006 0.0224004
2.007 0.0223453
2.008 0.0222902
2.009 0.0222351
2.01 0.0221801
2.011 0.022125
2.012 0.02207
2.013 0.022015
2.014 0.0219601
2.015 0.0219051
2.016 0.0218502
2.017 0.0217953
2.018 0.0217404
2.019 0.0216855
2.02 0.0216307
2.021 0.0215759
2.022 0.0215211
2.023 0.0214663
2.024 0.0214115
2.025 0.0213568
2.026 0.0213021
2.027 0.0212474
2.028 0.0211928
2.029 0.0211381
2.03 0.0210835
2.031 0.021029
2.032 0.0209744
2.033 0.0209199
2.034 0.0208654
2.035 0.0208109
2.036 0.0207564
2.037 0.020702
2.038 0.0206476
2.039 0.0205932
2.04 0.0205389
2.041 0.0204846
2.042 0.0204303
2.043 0.020376
2.044 0.0203217
2.045 0.0202675
2.046 0.0202133
2.047 0.0201592
2.048 0.0201051
2.049 0.020051
2.05 0.0199969
2.051 0.0199429
2.052 0.0198889
2.053 0.0198349
2.054 0.019781
2.055 0.019727
2.056 0.0196731
2.057 0.0196193
2.058 0.0195655
2.059 0.0195117
2.06 0.019458
2.061 0.0194042
2.062 0.0193505
2.063 0.0192969
2.064 0.0192433
2.065 0.0191897
2.066 0.0191361
2.067 0.0190826
2.068 0.0190291
2.069 0.0189757
2.07 0.0189223
2.071 0.0188689
2.072 0.0188156
2.073 0.0187623
2.074 0.018709
2.075 0.0186558
2.076 0.0186026
2.077 0.0185495
2.078 0.0184964
2.079 0.0184433
2.08 0.0183903
2.081 0.0183373
2.082 0.0182844
2.083 0.0182315
2.084 0.0181786
2.085 0.0181258
2.086 0.018073
2.087 0.0180202
2.088 0.0179675
2.089 0.0179149
2.09 0.0178623
2.091 0.0178098
2.092 0.0177573
2.093 0.0177048
2.094 0.0176524
2.095 0.0176
2.096 0.0175477
2.097 0.0174954
2.098 0.0174432
2.099 0.017391
2.1 0.0173389
2.101 0.0172868
2.102 0.0172348
2.103 0.0171828
2.104 0.0171308
2.105 0.0170789
2.106 0.0170271
2.107 0.0169753
2.108 0.0169236
2.109 0.0168719
2.11 0.0168203
2.111 0.0167687
2.112 0.0167172
2.113 0.0166658
2.114 0.0166144
2.115 0.016563
2.116 0.0165118
2.117 0.0164606
2.118 0.0164094
2.119 0.0163583
2.12 0.0163072
2.121 0.0162563
2.122 0.0162053
2.123 0.0161545
2.124 0.0161037
2.125 0.0160529
2.126 0.0160023
2.127 0.0159517
2.128 0.0159011
2.129 0.0158506
2.13 0.0158002
2.131 0.0157498
2.132 0.0156996
2.133 0.0156493
2.134 0.0155992
2.135 0.0155491
2.136 0.0154991
2.137 0.0154492
2.138 0.0153994
2.139 0.0153496
2.14 0.0152999
2.141 0.0152502
2.142 0.0152006
2.143 0.0151512
2.144 0.0151018
2.145 0.0150524
2.146 0.0150032
2.147 0.014954
2.148 0.0149049
2.149 0.0148559
2.15 0.0148069
2.151 0.014758
2.152 0.0147093
2.153 0.0146605
2.154 0.0146119
2.155 0.0145634
2.156 0.014515
2.157 0.0144666
2.158 0.0144184
2.159 0.0143702
2.16 0.0143221
2.161 0.0142741
2.162 0.0142262
2.163 0.0141784
2.164 0.0141307
2.165 0.014083
2.166 0.0140355
2.167 0.0139881
2.168 0.0139407
2.169 0.0138935
2.17 0.0138464
2.171 0.0137993
2.172 0.0137523
2.173 0.0137055
2.174 0.0136588
2.175 0.0136121
2.176 0.0135656
2.177 0.0135191
2.178 0.0134728
2.179 0.0134266
2.18 0.0133805
2.181 0.0133345
2.182 0.0132886
2.183 0.0132428
2.184 0.0131972
2.185 0.0131516
2.186 0.0131062
2.187 0.0130608
2.188 0.0130156
2.189 0.0129705
2.19 0.0129256
2.191 0.0128808
2.192 0.012836
2.193 0.0127915
2.194 0.012747
2.195 0.0127026
2.196 0.0126584
2.197 0.0126143
2.198 0.0125703
2.199 0.0125265
2.2 0.0124828
2.201 0.0124392
2.202 0.0123957
2.203 0.0123524
2.204 0.0123093
2.205 0.0122662
2.206 0.0122234
2.207 0.0121806
2.208 0.012138
2.209 0.0120955
2.21 0.0120532
2.211 0.0120111
2.212 0.011969
2.213 0.0119271
2.214 0.0118854
2.215 0.0118438
2.216 0.0118024
2.217 0.0117612
2.218 0.01172
2.219 0.0116791
2.22 0.0116383
2.221 0.0115976
2.222 0.0115571
2.223 0.0115168
2.224 0.0114766
2.225 0.0114366
2.226 0.0113968
2.227 0.0113571
2.228 0.0113176
2.229 0.0112782
2.23 0.0112391
2.231 0.0112001
2.232 0.0111613
2.233 0.0111227
2.234 0.0110842
2.235 0.0110459
2.236 0.0110078
2.237 0.0109699
2.238 0.0109322
2.239 0.0108946
2.24 0.0108573
2.241 0.0108201
2.242 0.0107831
2.243 0.0107463
2.244 0.0107097
2.245 0.0106733
2.246 0.0106371
2.247 0.0106012
2.248 0.0105653
2.249 0.0105297
2.25 0.0104943
2.251 0.0104591
2.252 0.010424
2.253 0.0103892
2.254 0.0103546
2.255 0.0103202
2.256 0.010286
2.257 0.0102521
2.258 0.0102183
2.259 0.0101847
2.26 0.0101514
2.261 0.0101183
2.262 0.0100854
2.263 0.0100528
2.264 0.0100203
2.265 0.0099881
2.266 0.00995608
2.267 0.00992428
2.268 0.00989272
2.269 0.00986139
2.27 0.0098303
2.271 0.00979943
2.272 0.00976878
2.273 0.00973838
2.274 0.00970819
2.275 0.00967824
2.276 0.00964855
2.277 0.00961911
2.278 0.00958993
2.279 0.00956098
2.28 0.00953227
2.281 0.00950381
2.282 0.00947558
2.283 0.00944759
2.284 0.00941984
2.285 0.00939232
2.286 0.00936503
2.287 0.00933799
2.288 0.00931121
2.289 0.00928469
2.29 0.00925842
2.291 0.00923239
2.292 0.00920661
2.293 0.0091811
2.294 0.00915581
2.295 0.00913077
2.296 0.00910598
2.297 0.00908144
2.298 0.00905717
2.299 0.00903316
2.3 0.0090094
2.301 0.0089859
2.302 0.00896265
2.303 0.00893966
2.304 0.00891691
2.305 0.00889441
2.306 0.00887215
2.307 0.00885015
2.308 0.00882841
2.309 0.00880691
2.31 0.00878568
2.311 0.00876472
2.312 0.00874404
2.313 0.00872361
2.314 0.00870344
2.315 0.00868353
2.316 0.00866388
2.317 0.00864449
2.318 0.00862536
2.319 0.00860646
2.32 0.00858778
2.321 0.00856938
2.322 0.00855122
2.323 0.00853332
2.324 0.00851568
2.325 0.00849831
2.326 0.00848119
2.327 0.00846431
2.328 0.00844769
2.329 0.00843129
2.33 0.00841511
2.331 0.00839918
2.332 0.00838346
2.333 0.00836797
2.334 0.00835271
2.335 0.00833766
2.336 0.00832282
2.337 0.0083082
2.338 0.00829379
2.339 0.00827958
2.34 0.00826556
2.341 0.00825174
2.342 0.00823813
2.343 0.00822473
2.344 0.00821156
2.345 0.00819859
2.346 0.00818584
2.347 0.00817328
2.348 0.00816094
2.349 0.0081488
2.35 0.00813685
2.351 0.00812509
2.352 0.00811352
2.353 0.00810213
2.354 0.00809092
2.355 0.00807987
2.356 0.00806899
2.357 0.00805824
2.358 0.00804764
2.359 0.00803717
2.36 0.00802683
2.361 0.00801663
2.362 0.00800658
2.363 0.00799668
2.364 0.00798693
2.365 0.00797733
2.366 0.00796789
2.367 0.00795862
2.368 0.00794952
2.369 0.00794056
2.37 0.00793177
2.371 0.00792313
2.372 0.00791464
2.373 0.00790629
2.374 0.0078981
2.375 0.00789004
2.376 0.00788212
2.377 0.00787434
2.378 0.00786669
2.379 0.00785919
2.38 0.00785183
2.381 0.00784461
2.382 0.00783755
2.383 0.00783063
2.384 0.00782386
2.385 0.00781724
2.386 0.00781076
2.387 0.00780443
2.388 0.00779825
2.389 0.00779221
2.39 0.00778631
2.391 0.00778057
2.392 0.00777499
2.393 0.00776955
2.394 0.00776426
2.395 0.00775913
2.396 0.00775416
2.397 0.00774933
2.398 0.00774466
2.399 0.00774013
2.4 0.00773574
2.401 0.0077315
2.402 0.0077274
2.403 0.00772343
2.404 0.00771959
2.405 0.00771587
2.406 0.00771228
2.407 0.00770881
2.408 0.00770546
2.409 0.00770223
2.41 0.00769912
2.411 0.00769613
2.412 0.00769326
2.413 0.00769051
2.414 0.00768787
2.415 0.00768535
2.416 0.00768294
2.417 0.00768064
2.418 0.00767844
2.419 0.00767635
2.42 0.00767436
2.421 0.00767246
2.422 0.00767066
2.423 0.00766895
2.424 0.00766732
2.425 0.00766579
2.426 0.00766433
2.427 0.00766295
2.428 0.00766165
2.429 0.00766041
2.43 0.00765925
2.431 0.00765815
2.432 0.00765711
2.433 0.00765613
2.434 0.0076552
2.435 0.00765433
2.436 0.00765351
2.437 0.00765273
2.438 0.007652
2.439 0.00765131
2.44 0.00765067
2.441 0.00765006
2.442 0.00764948
2.443 0.00764895
2.444 0.00764844
2.445 0.00764796
2.446 0.00764752
2.447 0.0076471
2.448 0.00764671
2.449 0.00764634
2.45 0.007646
2.451 0.00764567
2.452 0.00764537
2.453 0.00764509
2.454 0.00764483
2.455 0.00764459
2.456 0.00764436
2.457 0.00764415
2.458 0.00764395
2.459 0.00764377
2.46 0.0076436
2.461 0.00764345
2.462 0.00764331
2.463 0.00764318
2.464 0.00764306
2.465 0.00764295
2.466 0.00764285
2.467 0.00764276
2.468 0.00764269
2.469 0.00764261
2.47 0.00764255
2.471 0.0076425
2.472 0.00764245
2.473 0.00764241
2.474 0.00764237
2.475 0.00764234
2.476 0.00764232
2.477 0.0076423
2.478 0.00764229
2.479 0.00764229
2.48 0.00764228
2.481 0.00764228
2.482 0.00764229
2.483 0.0076423
2.484 0.00764231
2.485 0.00764233
2.486 0.00764235
2.487 0.00764237
2.488 0.0076424
2.489 0.00764243
2.49 0.00764246
2.491 0.00764249
2.492 0.00764253
2.493 0.00764257
2.494 0.00764261
2.495 0.00764265
2.496 0.00764269
2.497 0.00764274
2.498 0.00764279
2.499 0.00764283
2.5 0.00764288
2.501 0.00764293
2.502 0.00764299
2.503 0.00764304
2.504 0.00764309
2.505 0.00764315
2.506 0.0076432
2.507 0.00764326
2.508 0.00764331
2.509 0.00764337
2.51 0.00764343
2.511 0.00764349
2.512 0.00764354
2.513 0.0076436
2.514 0.00764366
2.515 0.00764372
2.516 0.00764378
2.517 0.00764384
2.518 0.0076439
2.519 0.00764396
2.52 0.00764402
2.521 0.00764408
2.522 0.00764414
2.523 0.0076442
2.524 0.00764426
2.525 0.00764432
2.526 0.00764438
2.527 0.00764444
2.528 0.0076445
2.529 0.00764455
2.53 0.00764461
2.531 0.00764467
2.532 0.00764473
2.533 0.00764479
2.534 0.00764485
2.535 0.00764491
2.536 0.00764496
2.537 0.00764502
2.538 0.00764508
2.539 0.00764513
2.54 0.00764519
2.541 0.00764525
2.542 0.0076453
2.543 0.00764536
2.544 0.00764541
2.545 0.00764547
2.546 0.00764552
2.547 0.00764557
2.548 0.00764563
2.549 0.00764568
2.55 0.00764573
2.551 0.00764579
2.552 0.00764584
2.553 0.00764589
2.554 0.00764594
2.555 0.00764599
2.556 0.00764604
2.557 0.00764609
2.558 0.00764614
2.559 0.00764619
2.56 0.00764624
2.561 0.00764629
2.562 0.00764634
2.563 0.00764638
2.564 0.00764643
2.565 0.00764648
2.566 0.00764652
2.567 0.00764657
2.568 0.00764662
2.569 0.00764666
2.57 0.00764671
2.571 0.00764675
2.572 0.0076468
2.573 0.00764684
2.574 0.00764688
2.575 0.00764693
2.576 0.00764697
2.577 0.00764701
2.578 0.00764705
2.579 0.00764709
2.58 0.00764714
2.581 0.00764718
2.582 0.00764722
2.583 0.00764726
2.584 0.0076473
2.585 0.00764734
2.586 0.00764738
2.587 0.00764741
2.588 0.00764745
2.589 0.00764749
2.59 0.00764753
2.591 0.00764757
2.592 0.0076476
2.593 0.00764764
2.594 0.00764768
2.595 0.00764771
2.596 0.00764775
2.597 0.00764778
2.598 0.00764782
2.599 0.00764785
2.6 0.00764789
2.601 0.00764792
2.602 0.00764796
2.603 0.00764799
2.604 0.00764802
2.605 0.00764806
2.606 0.00764809
2.607 0.00764812
2.608 0.00764815
2.609 0.00764819
2.61 0.00764822
2.611 0.00764825
2.612 0.00764828
2.613 0.00764831
2.614 0.00764834
2.615 0.00764837
2.616 0.0076484
2.617 0.00764843
2.618 0.00764846
2.619 0.00764849
2.62 0.00764852
2.621 0.00764855
2.622 0.00764858
2.623 0.00764861
2.624 0.00764864
2.625 0.00764866
2.626 0.00764869
2.627 0.00764872
2.628 0.00764875
2.629 0.00764877
2.63 0.0076488
2.631 0.00764883
2.632 0.00764886
2.633 0.00764888
2.634 0.00764891
2.635 0.00764893
2.636 0.00764896
2.637 0.00764899
2.638 0.00764901
2.639 0.00764904
2.64 0.00764906
2.641 0.00764909
2.642 0.00764911
2.643 0.00764913
2.644 0.00764916
2.645 0.00764918
2.646 0.00764921
2.647 0.00764923
2.648 0.00764925
2.649 0.00764928
2.65 0.0076493
2.651 0.00764932
2.652 0.00764935
2.653 0.00764937
2.654 0.00764939
2.655 0.00764941
2.656 0.00764944
2.657 0.00764946
2.658 0.00764948
2.659 0.0076495
2.66 0.00764952
2.661 0.00764955
2.662 0.00764957
2.663 0.00764959
2.664 0.00764961
2.665 0.00764963
2.666 0.00764965
2.667 0.00764967
2.668 0.00764969
2.669 0.00764971
2.67 0.00764973
2.671 0.00764975
2.672 0.00764977
2.673 0.00764979
2.674 0.00764981
2.675 0.00764983
2.676 0.00764985
2.677 0.00764987
2.678 0.00764989
2.679 0.00764991
2.68 0.00764993
2.681 0.00764995
2.682 0.00764996
2.683 0.00764998
2.684 0.00765
2.685 0.00765002
2.686 0.00765004
2.687 0.00765006
2.688 0.00765007
2.689 0.00765009
2.69 0.00765011
2.691 0.00765013
2.692 0.00765014
2.693 0.00765016
2.694 0.00765018
2.695 0.0076502
2.696 0.00765021
2.697 0.00765023
2.698 0.00765025
2.699 0.00765026
2.7 0.00765028
2.701 0.0076503
2.702 0.00765031
2.703 0.00765033
2.704 0.00765035
2.705 0.00765036
2.706 0.00765038
2.707 0.0076504
2.708 0.00765041
2.709 0.00765043
2.71 0.00765044
2.711 0.00765046
2.712 0.00765047
2.713 0.00765049
2.714 0.0076505
2.715 0.00765052
2.716 0.00765053
2.717 0.00765055
2.718 0.00765056
2.719 0.00765058
2.72 0.00765059
2.721 0.00765061
2.722 0.00765062
2.723 0.00765064
2.724 0.00765065
2.725 0.00765067
2.726 0.00765068
2.727 0.0076507
2.728 0.00765071
2.729 0.00765072
2.73 0.00765074
2.731 0.00765075
2.732 0.00765077
2.733 0.00765078
2.734 0.00765079
2.735 0.00765081
2.736 0.00765082
2.737 0.00765083
2.738 0.00765085
2.739 0.00765086
2.74 0.00765087
2.741 0.00765089
2.742 0.0076509
2.743 0.00765091
2.744 0.00765093
2.745 0.00765094
2.746 0.00765095
2.747 0.00765096
2.748 0.00765098
2.749 0.00765099
2.75 0.007651
2.751 0.00765101
2.752 0.00765103
2.753 0.00765104
2.754 0.00765105
2.755 0.00765106
2.756 0.00765108
2.757 0.00765109
2.758 0.0076511
2.759 0.00765111
2.76 0.00765112
2.761 0.00765114
2.762 0.00765115
2.763 0.00765116
2.764 0.00765117
2.765 0.00765118
2.766 0.00765119
2.767 0.00765121
2.768 0.00765122
2.769 0.00765123
2.77 0.00765124
2.771 0.00765125
2.772 0.00765126
2.773 0.00765127
2.774 0.00765128
2.775 0.0076513
2.776 0.00765131
2.777 0.00765132
2.778 0.00765133
2.779 0.00765134
2.78 0.00765135
2.781 0.00765136
2.782 0.00765137
2.783 0.00765138
2.784 0.00765139
2.785 0.0076514
2.786 0.00765141
2.787 0.00765142
2.788 0.00765143
2.789 0.00765144
2.79 0.00765145
2.791 0.00765146
2.792 0.00765147
2.793 0.00765149
2.794 0.0076515
2.795 0.00765151
2.796 0.00765152
2.797 0.00765153
2.798 0.00765153
2.799 0.00765154
2.8 0.00765155
2.801 0.00765156
2.802 0.00765157
2.803 0.00765158
2.804 0.00765159
2.805 0.0076516
2.806 0.00765161
2.807 0.00765162
2.808 0.00765163
2.809 0.00765164
2.81 0.00765165
2.811 0.00765166
2.812 0.00765167
2.813 0.00765168
2.814 0.00765169
2.815 0.0076517
2.816 0.00765171
2.817 0.00765171
2.818 0.00765172
2.819 0.00765173
2.82 0.00765174
2.821 0.00765175
2.822 0.00765176
2.823 0.00765177
2.824 0.00765178
2.825 0.00765179
2.826 0.00765179
2.827 0.0076518
2.828 0.00765181
2.829 0.00765182
2.83 0.00765183
2.831 0.00765184
2.832 0.00765185
2.833 0.00765185
2.834 0.00765186
2.835 0.00765187
2.836 0.00765188
2.837 0.00765189
2.838 0.0076519
2.839 0.0076519
2.84 0.00765191
2.841 0.00765192
2.842 0.00765193
2.843 0.00765194
2.844 0.00765194
2.845 0.00765195
2.846 0.00765196
2.847 0.00765197
2.848 0.00765198
2.849 0.00765198
2.85 0.00765199
2.851 0.007652
2.852 0.00765201
2.853 0.00765201
2.854 0.00765202
2.855 0.00765203
2.856 0.00765204
2.857 0.00765204
2.858 0.00765205
2.859 0.00765206
2.86 0.00765207
2.861 0.00765208
2.862 0.00765208
2.863 0.00765209
2.864 0.0076521
2.865 0.0076521
2.866 0.00765211
2.867 0.00765212
2.868 0.00765213
2.869 0.00765213
2.87 0.00765214
2.871 0.00765215
2.872 0.00765216
2.873 0.00765216
2.874 0.00765217
2.875 0.00765218
2.876 0.00765218
2.877 0.00765219
2.878 0.0076522
2.879 0.0076522
2.88 0.00765221
2.881 0.00765222
2.882 0.00765222
2.883 0.00765223
2.884 0.00765224
2.885 0.00765225
2.886 0.00765225
2.887 0.00765226
2.888 0.00765227
2.889 0.00765227
2.89 0.00765228
2.891 0.00765229
2.892 0.00765229
2.893 0.0076523
2.894 0.0076523
2.895 0.00765231
2.896 0.00765232
2.897 0.00765232
2.898 0.00765233
2.899 0.00765234
2.9 0.00765234
2.901 0.00765235
2.902 0.00765236
2.903 0.00765236
2.904 0.00765237
2.905 0.00765237
2.906 0.00765238
2.907 0.00765239
2.908 0.00765239
2.909 0.0076524
2.91 0.00765241
2.911 0.00765241
2.912 0.00765242
2.913 0.00765242
2.914 0.00765243
2.915 0.00765244
2.916 0.00765244
2.917 0.00765245
2.918 0.00765245
2.919 0.00765246
2.92 0.00765246
2.921 0.00765247
2.922 0.00765248
2.923 0.00765248
2.924 0.00765249
2.925 0.00765249
2.926 0.0076525
2.927 0.00765251
2.928 0.00765251
2.929 0.00765252
2.93 0.00765252
2.931 0.00765253
2.932 0.00765253
2.933 0.00765254
2.934 0.00765254
2.935 0.00765255
2.936 0.00765256
2.937 0.00765256
2.938 0.00765257
2.939 0.00765257
2.94 0.00765258
2.941 0.00765258
2.942 0.00765259
2.943 0.00765259
2.944 0.0076526
2.945 0.0076526
2.946 0.00765261
2.947 0.00765261
2.948 0.00765262
2.949 0.00765263
2.95 0.00765263
2.951 0.00765264
2.952 0.00765264
2.953 0.00765265
2.954 0.00765265
2.955 0.00765266
2.956 0.00765266
2.957 0.00765267
2.958 0.00765267
2.959 0.00765268
2.96 0.00765268
2.961 0.00765269
2.962 0.00765269
2.963 0.0076527
2.964 0.0076527
2.965 0.00765271
2.966 0.00765271
2.967 0.00765272
2.968 0.00765272
2.969 0.00765273
2.97 0.00765273
2.971 0.00765274
2.972 0.00765274
2.973 0.00765275
2.974 0.00765275
2.975 0.00765275
2.976 0.00765276
2.977 0.00765276
2.978 0.00765277
2.979 0.00765277
2.98 0.00765278
2.981 0.00765278
2.982 0.00765279
2.983 0.00765279
2.984 0.0076528
2.985 0.0076528
2.986 0.00765281
2.987 0.00765281
2.988 0.00765282
2.989 0.00765282
2.99 0.00765283
2.991 0.00765283
2.992 0.00765284
2.993 0.00765284
2.994 0.00765285
2.995 0.00765285
2.996 0.00765286
2.997 0.00765286
2.998 0.00765287
2.999 0.00765287
