0 0.127499
0.001 0.127497
0.002 0.127494
0.003 0.127491
0.004 0.127488
0.005 0.127483
0.006 0.127479
0.007 0.127473
0.008 0.127468
0.009 0.127462
0.01 0.127455
0.011 0.127448
0.012 0.127441
0.013 0.127433
0.014 0.127425
0.015 0.127417
0.016 0.127408
0.017 0.127399
0.018 0.12739
0.019 0.12738
0.02 0.12737
0.021 0.12736
0.022 0.127349
0.023 0.127339
0.024 0.127327
0.025 0.127316
0.026 0.127304
0.027 0.127293
0.028 0.12728
0.029 0.127268
0.03 0.127255
0.031 0.127242
0.032 0.127229
0.033 0.127216
0.034 0.127202
0.035 0.127189
0.036 0.127175
0.037 0.12716
0.038 0.127146
0.039 0.127131
0.04 0.127116
0.041 0.127101
0.042 0.127086
0.043 0.127071
0.044 0.127055
0.045 0.127039
0.046 0.127024
0.047 0.127007
0.048 0.126991
0.049 0.126975
0.05 0.126958
0.051 0.126941
0.052 0.126924
0.053 0.126907
0.054 0.12689
0.055 0.126872
0.056 0.126855
0.057 0.126837
0.058 0.126819
0.059 0.126801
0.06 0.126782
0.061 0.126764
0.062 0.126746
0.063 0.126727
0.064 0.126708
0.065 0.126689
0.066 0.12667
0.067 0.126651
0.068 0.126632
0.069 0.126613
0.07 0.126593
0.071 0.126573
0.072 0.126554
0.073 0.126534
0.074 0.126514
0.075 0.126493
0.076 0.126473
0.077 0.126453
0.078 0.126432
0.079 0.126412
0.08 0.126391
0.081 0.12637
0.082 0.126349
0.083 0.126328
0.084 0.126307
0.085 0.126285
0.086 0.126264
0.087 0.126243
0.088 0.126221
0.089 0.1262
0.09 0.126178
0.091 0.126156
0.092 0.126134
0.093 0.126112
0.094 0.12609
0.095 0.126068
0.096 0.126046
0.097 0.126023
0.098 0.126001
0.099 0.125978
0.1 0.125956
0.101 0.125933
0.102 0.12591
0.103 0.125887
0.104 0.125865
0.105 0.125841
0.106 0.125818
0.107 0.125795
0.108 0.125772
0.109 0.125748
0.11 0.125725
0.111 0.125701
0.112 0.125678
0.113 0.125654
0.114 0.12563
0.115 0.125606
0.116 0.125582
0.117 0.125558
0.118 0.125534
0.119 0.12551
0.12 0.125486
0.121 0.125461
0.122 0.125437
0.123 0.125412
0.124 0.125388
0.125 0.125363
0.126 0.125339
0.127 0.125314
0.128 0.125289
0.129 0.125264
0.13 0.125239
0.131 0.125214
0.132 0.125189
0.133 0.125164
0.134 0.125139
0.135 0.125114
0.136 0.125088
0.137 0.125063
0.138 0.125038
0.139 0.125012
0.14 0.124987
0.141 0.124961
0.142 0.124936
0.143 0.12491
0.144 0.124884
0.145 0.124858
0.146 0.124832
0.147 0.124807
0.148 0.124781
0.149 0.124755
0.15 0.124728
0.151 0.124702
0.152 0.124676
0.153 0.12465
0.154 0.124623
0.155 0.124597
0.156 0.12457
0.157 0.124544
0.158 0.124517
0.159 0.124491
0.16 0.124464
0.161 0.124437
0.162 0.12441
0.163 0.124384
0.164 0.124357
0.165 0.12433
0.166 0.124303
0.167 0.124276
0.168 0.124249
0.169 0.124222
0.17 0.124194
0.171 0.124167
0.172 0.12414
0.173 0.124112
0.174 0.124085
0.175 0.124058
0.176 0.12403
0.177 0.124003
0.178 0.123975
0.179 0.123948
0.18 0.12392
0.181 0.123892
0.182 0.123865
0.183 0.123837
0.184 0.123809
0.185 0.123781
0.186 0.123753
0.187 0.123726
0.188 0.123698
0.189 0.12367
0.19 0.123642
0.191 0.123614
0.192 0.123586
0.193 0.123557
0.194 0.123529
0.195 0.123501
0.196 0.123473
0.197 0.123444
0.198 0.123416
0.199 0.123387
0.2 0.123359
0.201 0.12333
0.202 0.123302
0.203 0.123273
0.204 0.123245
0.205 0.123216
0.206 0.123187
0.207 0.123159
0.208 0.12313
0.209 0.123101
0.21 0.123072
0.211 0.123043
0.212 0.123014
0.213 0.122985
0.214 0.122957
0.215 0.122928
0.216 0.122899
0.217 0.12287
0.218 0.122841
0.219 0.122811
0.22 0.122782
0.221 0.122753
0.222 0.122724
0.223 0.122695
0.224 0.122666
0.225 0.122636
0.226 0.122607
0.227 0.122578
0.228 0.122548
0.229 0.122519
0.23 0.122489
0.231 0.12246
0.232 0.12243
0.233 0.122401
0.234 0.122371
0.235 0.122341
0.236 0.122312
0.237 0.122282
0.238 0.122252
0.239 0.122222
0.24 0.122193
0.241 0.122163
0.242 0.122133
0.243 0.122103
0.244 0.122073
0.245 0.122043
0.246 0.122013
0.247 0.121983
0.248 0.121953
0.249 0.121923
0.25 0.121893
0.251 0.121862
0.252 0.121832
0.253 0.121802
0.254 0.121772
0.255 0.121742
0.256 0.121711
0.257 0.121681
0.258 0.121651
0.259 0.121621
0.26 0.12159
0.261 0.12156
0.262 0.121529
0.263 0.121499
0.264 0.121469
0.265 0.121438
0.266 0.121408
0.267 0.121377
0.268 0.121347
0.269 0.121316
0.27 0.121285
0.271 0.121255
0.272 0.121224
0.273 0.121193
0.274 0.121163
0.275 0.121132
0.276 0.121101
0.277 0.12107
0.278 0.12104
0.279 0.121009
0.28 0.120978
0.281 0.120947
0.282 0.120916
0.283 0.120885
0.284 0.120854
0.285 0.120823
0.286 0.120792
0.287 0.120761
0.288 0.12073
0.289 0.120699
0.29 0.120668
0.291 0.120637
0.292 0.120606
0.293 0.120575
0.294 0.120543
0.295 0.120512
0.296 0.120481
0.297 0.12045
0.298 0.120419
0.299 0.120387
0.3 0.120356
0.301 0.120325
0.302 0.120294
0.303 0.120262
0.304 0.120231
0.305 0.1202
0.306 0.120168
0.307 0.120137
0.308 0.120105
0.309 0.120074
0.31 0.120042
0.311 0.120011
0.312 0.119979
0.313 0.119947
0.314 0.119916
0.315 0.119884
0.316 0.119853
0.317 0.119821
0.318 0.119789
0.319 0.119758
0.32 0.119726
0.321 0.119694
0.322 0.119662
0.323 0.11963
0.324 0.119599
0.325 0.119567
0.326 0.119535
0.327 0.119503
0.328 0.119471
0.329 0.11944
0.33 0.119408
0.331 0.119376
0.332 0.119344
0.333 0.119312
0.334 0.11928
0.335 0.119248
0.336 0.119216
0.337 0.119184
0.338 0.119152
0.339 0.11912
0.34 0.119088
0.341 0.119056
0.342 0.119024
0.343 0.118992
0.344 0.11896
0.345 0.118928
0.346 0.118895
0.347 0.118863
0.348 0.118831
0.349 0.118799
0.35 0.118767
0.351 0.118734
0.352 0.118702
0.353 0.11867
0.354 0.118637
0.355 0.118605
0.356 0.118573
0.357 0.11854
0.358 0.118508
0.359 0.118476
0.36 0.118443
0.361 0.118411
0.362 0.118379
0.363 0.118346
0.364 0.118314
0.365 0.118281
0.366 0.118249
0.367 0.118217
0.368 0.118184
0.369 0.118152
0.37 0.118119
0.371 0.118087
0.372 0.118054
0.373 0.118022
0.374 0.117989
0.375 0.117956
0.376 0.117924
0.377 0.117891
0.378 0.117858
0.379 0.117826
0.38 0.117793
0.381 0.11776
0.382 0.117728
0.383 0.117695
0.384 0.117662
0.385 0.117629
0.386 0.117597
0.387 0.117564
0.388 0.117531
0.389 0.117498
0.39 0.117465
0.391 0.117432
0.392 0.1174
0.393 0.117367
0.394 0.117334
0.395 0.117301
0.396 0.117268
0.397 0.117235
0.398 0.117202
0.399 0.117169
0.4 0.117137
0.401 0.117104
0.402 0.117071
0.403 0.117038
0.404 0.117005
0.405 0.116972
0.406 0.116939
0.407 0.116906
0.408 0.116873
0.409 0.11684
0.41 0.116807
0.411 0.116774
0.412 0.116741
0.413 0.116707
0.414 0.116674
0.415 0.116641
0.416 0.116608
0.417 0.116575
0.418 0.116542
0.419 0.116509
0.42 0.116475
0.421 0.116442
0.422 0.116409
0.423 0.116376
0.424 0.116342
0.425 0.116309
0.426 0.116276
0.427 0.116243
0.428 0.116209
0.429 0.116176
0.43 0.116143
0.431 0.11611
0.432 0.116077
0.433 0.116043
0.434 0.11601
0.435 0.115977
0.436 0.115943
0.437 0.11591
0.438 0.115877
0.439 0.115843
0.44 0.11581
0.441 0.115777
0.442 0.115743
0.443 0.11571
0.444 0.115676
0.445 0.115643
0.446 0.115609
0.447 0.115576
0.448 0.115543
0.449 0.115509
0.45 0.115476
0.451 0.115442
0.452 0.115409
0.453 0.115375
0.454 0.115341
0.455 0.115308
0.456 0.115274
0.457 0.115241
0.458 0.115207
0.459 0.115173
0.46 0.11514
0.461 0.115106
0.462 0.115073
0.463 0.115039
0.464 0.115005
0.465 0.114972
0.466 0.114938
0.467 0.114904
0.468 0.114871
0.469 0.114837
0.47 0.114804
0.471 0.11477
0.472 0.114736
0.473 0.114703
0.474 0.114669
0.475 0.114635
0.476 0.114601
0.477 0.114568
0.478 0.114534
0.479 0.1145
0.48 0.114466
0.481 0.114432
0.482 0.114399
0.483 0.114365
0.484 0.114331
0.485 0.114297
0.486 0.114263
0.487 0.11423
0.488 0.114196
0.489 0.114162
0.49 0.114128
0.491 0.114094
0.492 0.11406
0.493 0.114026
0.494 0.113992
0.495 0.113959
0.496 0.113925
0.497 0.113891
0.498 0.113857
0.499 0.113823
0.5 0.113789
0.501 0.113755
0.502 0.113722
0.503 0.113688
0.504 0.113654
0.505 0.11362
0.506 0.113586
0.507 0.113552
0.508 0.113518
0.509 0.113484
0.51 0.11345
0.511 0.113416
0.512 0.113382
0.513 0.113348
0.514 0.113314
0.515 0.11328
0.516 0.113246
0.517 0.113212
0.518 0.113177
0.519 0.113143
0.52 0.113109
0.521 0.113075
0.522 0.113041
0.523 0.113007
0.524 0.112973
0.525 0.112938
0.526 0.112904
0.527 0.11287
0.528 0.112836
0.529 0.112802
0.53 0.112768
0.531 0.112734
0.532 0.1127
0.533 0.112665
0.534 0.112631
0.535 0.112597
0.536 0.112563
0.537 0.112529
0.538 0.112495
0.539 0.112461
0.54 0.112426
0.541 0.112392
0.542 0.112358
0.543 0.112324
0.544 0.112289
0.545 0.112255
0.546 0.112221
0.547 0.112186
0.548 0.112152
0.549 0.112118
0.55 0.112084
0.551 0.112049
0.552 0.112015
0.553 0.111981
0.554 0.111946
0.555 0.111912
0.556 0.111878
0.557 0.111843
0.558 0.111809
0.559 0.111775
0.56 0.11174
0.561 0.111706
0.562 0.111672
0.563 0.111637
0.564 0.111603
0.565 0.111569
0.566 0.111534
0.567 0.1115
0.568 0.111466
0.569 0.111432
0.57 0.111397
0.571 0.111363
0.572 0.111328
0.573 0.111294
0.574 0.111259
0.575 0.111225
0.576 0.111191
0.577 0.111156
0.578 0.111122
0.579 0.111087
0.58 0.111053
0.581 0.111018
0.582 0.110984
0.583 0.110949
0.584 0.110915
0.585 0.11088
0.586 0.110846
0.587 0.110811
0.588 0.110777
0.589 0.110742
0.59 0.110708
0.591 0.110673
0.592 0.110639
0.593 0.110604
0.594 0.11057
0.595 0.110535
0.596 0.1105
0.597 0.110466
0.598 0.110431
0.599 0.110397
0.6 0.110363
0.601 0.110328
0.602 0.110293
0.603 0.110259
0.604 0.110224
0.605 0.11019
0.606 0.110155
0.607 0.110121
0.608 0.110086
0.609 0.110051
0.61 0.110017
0.611 0.109982
0.612 0.109947
0.613 0.109913
0.614 0.109878
0.615 0.109844
0.616 0.109809
0.617 0.109774
0.618 0.10974
0.619 0.109705
0.62 0.10967
0.621 0.109636
0.622 0.109601
0.623 0.109566
0.624 0.109532
0.625 0.109497
0.626 0.109462
0.627 0.109428
0.628 0.109393
0.629 0.109359
0.63 0.109324
0.631 0.109289
0.632 0.109255
0.633 0.10922
0.634 0.109185
0.635 0.109151
0.636 0.109116
0.637 0.109081
0.638 0.109046
0.639 0.109012
0.64 0.108977
0.641 0.108942
0.642 0.108907
0.643 0.108873
0.644 0.108838
0.645 0.108803
0.646 0.108768
0.647 0.108734
0.648 0.108699
0.649 0.108664
0.65 0.108629
0.651 0.108594
0.652 0.10856
0.653 0.108525
0.654 0.10849
0.655 0.108455
0.656 0.10842
0.657 0.108386
0.658 0.108351
0.659 0.108316
0.66 0.108281
0.661 0.108246
0.662 0.108212
0.663 0.108177
0.664 0.108142
0.665 0.108107
0.666 0.108073
0.667 0.108038
0.668 0.108003
0.669 0.107968
0.67 0.107933
0.671 0.107898
0.672 0.107863
0.673 0.107828
0.674 0.107794
0.675 0.107759
0.676 0.107724
0.677 0.107689
0.678 0.107654
0.679 0.107619
0.68 0.107584
0.681 0.107549
0.682 0.107515
0.683 0.10748
0.684 0.107445
0.685 0.10741
0.686 0.107375
0.687 0.10734
0.688 0.107305
0.689 0.10727
0.69 0.107235
0.691 0.107201
0.692 0.107166
0.693 0.107131
0.694 0.107096
0.695 0.107061
0.696 0.107026
0.697 0.106991
0.698 0.106956
0.699 0.106921
0.7 0.106887
0.701 0.106852
0.702 0.106817
0.703 0.106782
0.704 0.106747
0.705 0.106712
0.706 0.106677
0.707 0.106642
0.708 0.106607
0.709 0.106572
0.71 0.106537
0.711 0.106502
0.712 0.106467
0.713 0.106432
0.714 0.106397
0.715 0.106362
0.716 0.106326
0.717 0.106291
0.718 0.106256
0.719 0.106221
0.72 0.106186
0.721 0.106151
0.722 0.106116
0.723 0.106081
0.724 0.106046
0.725 0.106011
0.726 0.105976
0.727 0.105941
0.728 0.105906
0.729 0.105871
0.73 0.105836
0.731 0.105801
0.732 0.105766
0.733 0.105731
0.734 0.105696
0.735 0.105661
0.736 0.105626
0.737 0.105591
0.738 0.105556
0.739 0.105521
0.74 0.105486
0.741 0.105451
0.742 0.105416
0.743 0.10538
0.744 0.105345
0.745 0.10531
0.746 0.105275
0.747 0.10524
0.748 0.105205
0.749 0.10517
0.75 0.105135
0.751 0.1051
0.752 0.105065
0.753 0.10503
0.754 0.104995
0.755 0.104959
0.756 0.104924
0.757 0.104889
0.758 0.104854
0.759 0.104819
0.76 0.104784
0.761 0.104749
0.762 0.104714
0.763 0.104679
0.764 0.104644
0.765 0.104608
0.766 0.104573
0.767 0.104538
0.768 0.104503
0.769 0.104468
0.77 0.104433
0.771 0.104398
0.772 0.104362
0.773 0.104327
0.774 0.104292
0.775 0.104257
0.776 0.104222
0.777 0.104186
0.778 0.104151
0.779 0.104116
0.78 0.104081
0.781 0.104046
0.782 0.10401
0.783 0.103975
0.784 0.10394
0.785 0.103905
0.786 0.10387
0.787 0.103835
0.788 0.1038
0.789 0.103764
0.79 0.103729
0.791 0.103694
0.792 0.103659
0.793 0.103624
0.794 0.103589
0.795 0.103553
0.796 0.103518
0.797 0.103483
0.798 0.103448
0.799 0.103413
0.8 0.103377
0.801 0.103342
0.802 0.103307
0.803 0.103272
0.804 0.103237
0.805 0.103201
0.806 0.103166
0.807 0.103131
0.808 0.103096
0.809 0.10306
0.81 0.103025
0.811 0.10299
0.812 0.102955
0.813 0.102919
0.814 0.102884
0.815 0.102849
0.816 0.102814
0.817 0.102779
0.818 0.102743
0.819 0.102708
0.82 0.102673
0.821 0.102638
0.822 0.102603
0.823 0.102567
0.824 0.102532
0.825 0.102497
0.826 0.102462
0.827 0.102426
0.828 0.102391
0.829 0.102356
0.83 0.102321
0.831 0.102285
0.832 0.10225
0.833 0.102215
0.834 0.102179
0.835 0.102144
0.836 0.102109
0.837 0.102074
0.838 0.102038
0.839 0.102003
0.84 0.101968
0.841 0.101932
0.842 0.101897
0.843 0.101862
0.844 0.101826
0.845 0.101791
0.846 0.101756
0.847 0.10172
0.848 0.101685
0.849 0.10165
0.85 0.101615
0.851 0.101579
0.852 0.101544
0.853 0.101509
0.854 0.101474
0.855 0.101438
0.856 0.101403
0.857 0.101368
0.858 0.101333
0.859 0.101297
0.86 0.101262
0.861 0.101227
0.862 0.101191
0.863 0.101156
0.864 0.101121
0.865 0.101085
0.866 0.10105
0.867 0.101015
0.868 0.100979
0.869 0.100944
0.87 0.100909
0.871 0.100873
0.872 0.100838
0.873 0.100802
0.874 0.100767
0.875 0.100732
0.876 0.100696
0.877 0.100661
0.878 0.100626
0.879 0.100591
0.88 0.100555
0.881 0.10052
0.882 0.100485
0.883 0.100449
0.884 0.100414
0.885 0.100379
0.886 0.100343
0.887 0.100308
0.888 0.100273
0.889 0.100237
0.89 0.100202
0.891 0.100167
0.892 0.100131
0.893 0.100096
0.894 0.100061
0.895 0.100025
0.896 0.0999898
0.897 0.0999545
0.898 0.0999191
0.899 0.0998837
0.9 0.0998483
0.901 0.0998129
0.902 0.0997775
0.903 0.0997421
0.904 0.0997066
0.905 0.0996712
0.906 0.0996358
0.907 0.0996004
0.908 0.099565
0.909 0.0995296
0.91 0.0994943
0.911 0.0994589
0.912 0.0994235
0.913 0.0993881
0.914 0.0993528
0.915 0.0993175
0.916 0.0992821
0.917 0.0992468
0.918 0.0992115
0.919 0.0991761
0.92 0.0991408
0.921 0.0991054
0.922 0.09907
0.923 0.0990345
0.924 0.0989991
0.925 0.0989636
0.926 0.0989282
0.927 0.0988928
0.928 0.0988574
0.929 0.098822
0.93 0.0987866
0.931 0.0987512
0.932 0.0987158
0.933 0.0986803
0.934 0.0986448
0.935 0.0986094
0.936 0.0985739
0.937 0.0985385
0.938 0.0985031
0.939 0.0984677
0.94 0.0984323
0.941 0.098397
0.942 0.0983616
0.943 0.0983262
0.944 0.0982909
0.945 0.0982555
0.946 0.0982201
0.947 0.0981847
0.948 0.0981494
0.949 0.098114
0.95 0.0980786
0.951 0.0980431
0.952 0.0980077
0.953 0.0979723
0.954 0.0979368
0.955 0.0979013
0.956 0.0978659
0.957 0.0978304
0.958 0.097795
0.959 0.0977596
0.96 0.0977242
0.961 0.0976887
0.962 0.0976533
0.963 0.0976178
0.964 0.0975823
0.965 0.0975468
0.966 0.0975113
0.967 0.0974759
0.968 0.0974404
0.969 0.0974049
0.97 0.0973694
0.971 0.0973339
0.972 0.0972985
0.973 0.0972631
0.974 0.0972276
0.975 0.0971922
0.976 0.0971567
0.977 0.0971213
0.978 0.0970859
0.979 0.0970505
0.98 0.0970151
0.981 0.0969797
0.982 0.0969442
0.983 0.0969088
0.984 0.0968733
0.985 0.0968379
0.986 0.0968024
0.987 0.0967668
0.988 0.0967313
0.989 0.0966959
0.99 0.0966604
0.991 0.0966249
0.992 0.0965895
0.993 0.096554
0.994 0.0965185
0.995 0.096483
0.996 0.0964475
0.997 0.0964119
0.998 0.0963764
0.999 0.0963409
1 0.0963054
1.001 0.09627
1.002 0.0962345
1.003 0.0961991
1.004 0.0961637
1.005 0.0961283
1.006 0.0960928
1.007 0.0960574
1.008 0.096022
1.009 0.0959865
1.01 0.0959511
1.011 0.0959157
1.012 0.0958803
1.013 0.0958448
1.014 0.0958093
1.015 0.0957738
1.016 0.0957383
1.017 0.0957028
1.018 0.0956673
1.019 0.0956317
1.02 0.0955962
1.021 0.0955607
1.022 0.0955253
1.023 0.0954898
1.024 0.0954543
1.025 0.0954188
1.026 0.0953832
1.027 0.0953477
1.028 0.0953121
1.029 0.0952766
1.03 0.095241
1.031 0.0952055
1.032 0.0951699
1.033 0.0951344
1.034 0.095099
1.035 0.0950635
1.036 0.095028
1.037 0.0949925
1.038 0.094957
1.039 0.0949215
1.04 0.0948861
1.041 0.0948506
1.042 0.0948152
1.043 0.0947797
1.044 0.0947442
1.045 0.0947087
1.046 0.0946732
1.047 0.0946377
1.048 0.0946022
1.049 0.0945666
1.05 0.0945311
1.051 0.0944955
1.052 0.09446
1.053 0.0944245
1.054 0.094389
1.055 0.0943535
1.056 0.094318
1.057 0.0942825
1.058 0.0942469
1.059 0.0942113
1.06 0.0941758
1.061 0.0941402
1.062 0.0941047
1.063 0.0940692
1.064 0.0940337
1.065 0.0939982
1.066 0.0939627
1.067 0.0939273
1.068 0.0938918
1.069 0.0938563
1.07 0.0938208
1.071 0.0937853
1.072 0.0937499
1.073 0.0937144
1.074 0.0936789
1.075 0.0936434
1.076 0.0936079
1.077 0.0935723
1.078 0.0935368
1.079 0.0935012
1.08 0.0934657
1.081 0.0934301
1.082 0.0933946
1.083 0.093359
1.084 0.0933235
1.085 0.093288
1.086 0.0932525
1.087 0.0932169
1.088 0.0931813
1.089 0.0931458
1.09 0.0931102
1.091 0.0930746
1.092 0.093039
1.093 0.0930034
1.094 0.0929678
1.095 0.0929322
1.096 0.0928967
1.097 0.0928611
1.098 0.0928256
1.099 0.0927901
1.1 0.0927545
1.101 0.092719
1.102 0.0926835
1.103 0.092648
1.104 0.0926125
1.105 0.0925771
1.106 0.0925416
1.107 0.0925061
1.108 0.0924705
1.109 0.092435
1.11 0.0923994
1.111 0.0923638
1.112 0.0923282
1.113 0.0922926
1.114 0.0922571
1.115 0.0922215
1.116 0.092186
1.117 0.0921505
1.118 0.0921149
1.119 0.0920793
1.12 0.0920437
1.121 0.0920081
1.122 0.0919725
1.123 0.0919369
1.124 0.0919013
1.125 0.0918657
1.126 0.0918302
1.127 0.0917947
1.128 0.0917592
1.129 0.0917237
1.13 0.0916882
1.131 0.0916527
1.132 0.0916171
1.133 0.0915816
1.134 0.0915461
1.135 0.0915106
1.136 0.0914751
1.137 0.0914396
1.138 0.0914041
1.139 0.0913685
1.14 0.0913329
1.141 0.0912974
1.142 0.0912618
1.143 0.0912262
1.144 0.0911906
1.145 0.091155
1.146 0.0911194
1.147 0.0910839
1.148 0.0910483
1.149 0.0910128
1.15 0.0909772
1.151 0.0909416
1.152 0.090906
1.153 0.0908703
1.154 0.0908347
1.155 0.0907991
1.156 0.0907635
1.157 0.0907278
1.158 0.0906923
1.159 0.0906567
1.16 0.0906212
1.161 0.0905856
1.162 0.09055
1.163 0.0905145
1.164 0.0904789
1.165 0.0904434
1.166 0.0904079
1.167 0.0903723
1.168 0.0903368
1.169 0.0903013
1.17 0.0902657
1.171 0.0902301
1.172 0.0901946
1.173 0.090159
1.174 0.0901233
1.175 0.0900877
1.176 0.0900521
1.177 0.0900165
1.178 0.089981
1.179 0.0899454
1.18 0.0899099
1.181 0.0898743
1.182 0.0898387
1.183 0.089803
1.184 0.0897674
1.185 0.0897318
1.186 0.0896962
1.187 0.0896606
1.188 0.089625
1.189 0.0895894
1.19 0.0895539
1.191 0.0895183
1.192 0.0894828
1.193 0.0894473
1.194 0.0894117
1.195 0.0893762
1.196 0.0893406
1.197 0.0893051
1.198 0.0892696
1.199 0.089234
1.2 0.0891985
1.201 0.0891629
1.202 0.0891273
1.203 0.0890917
1.204 0.0890561
1.205 0.0890204
1.206 0.0889848
1.207 0.0889492
1.208 0.0889136
1.209 0.088878
1.21 0.0888425
1.211 0.0888069
1.212 0.0887713
1.213 0.0887357
1.214 0.0887
1.215 0.0886644
1.216 0.0886287
1.217 0.0885931
1.218 0.0885574
1.219 0.0885218
1.22 0.0884861
1.221 0.0884505
1.222 0.0884149
1.223 0.0883794
1.224 0.0883438
1.225 0.0883082
1.226 0.0882726
1.227 0.088237
1.228 0.0882015
1.229 0.0881659
1.23 0.0881304
1.231 0.0880949
1.232 0.0880593
1.233 0.0880237
1.234 0.0879881
1.235 0.0879525
1.236 0.0879169
1.237 0.0878812
1.238 0.0878456
1.239 0.08781
1.24 0.0877744
1.241 0.0877388
1.242 0.0877032
1.243 0.0876676
1.244 0.087632
1.245 0.0875963
1.246 0.0875606
1.247 0.087525
1.248 0.0874893
1.249 0.0874537
1.25 0.087418
1.251 0.0873825
1.252 0.0873469
1.253 0.0873113
1.254 0.0872758
1.255 0.0872402
1.256 0.0872047
1.257 0.0871691
1.258 0.0871336
1.259 0.087098
1.26 0.0870625
1.261 0.0870269
1.262 0.0869914
1.263 0.0869558
1.264 0.0869202
1.265 0.0868846
1.266 0.0868489
1.267 0.0868133
1.268 0.0867776
1.269 0.086742
1.27 0.0867064
1.271 0.0866708
1.272 0.0866352
1.273 0.0865996
1.274 0.0865639
1.275 0.0865283
1.276 0.0864927
1.277 0.086457
1.278 0.0864213
1.279 0.0863856
1.28 0.08635
1.281 0.0863143
1.282 0.0862786
1.283 0.086243
1.284 0.0862074
1.285 0.0861719
1.286 0.0861363
1.287 0.0861007
1.288 0.0860651
1.289 0.0860295
1.29 0.0859939
1.291 0.0859583
1.292 0.0859228
1.293 0.0858872
1.294 0.0858516
1.295 0.085816
1.296 0.0857804
1.297 0.0857448
1.298 0.0857091
1.299 0.0856735
1.3 0.0856378
1.301 0.0856022
1.302 0.0855665
1.303 0.0855309
1.304 0.0854953
1.305 0.0854597
1.306 0.0854241
1.307 0.0853884
1.308 0.0853528
1.309 0.0853171
1.31 0.0852814
1.311 0.0852458
1.312 0.0852101
1.313 0.0851745
1.314 0.0851389
1.315 0.0851033
1.316 0.0850678
1.317 0.0850322
1.318 0.0849966
1.319 0.084961
1.32 0.0849255
1.321 0.0848899
1.322 0.0848543
1.323 0.0848188
1.324 0.0847832
1.325 0.0847476
1.326 0.0847119
1.327 0.0846763
1.328 0.0846407
1.329 0.084605
1.33 0.0845694
1.331 0.0845337
1.332 0.0844981
1.333 0.0844625
1.334 0.0844268
1.335 0.0843912
1.336 0.0843556
1.337 0.08432
1.338 0.0842843
1.339 0.0842487
1.34 0.084213
1.341 0.0841773
1.342 0.0841416
1.343 0.0841059
1.344 0.0840703
1.345 0.0840346
1.346 0.083999
1.347 0.0839634
1.348 0.0839278
1.349 0.0838921
1.35 0.0838565
1.351 0.0838209
1.352 0.0837853
1.353 0.0837497
1.354 0.0837142
1.355 0.0836786
1.356 0.083643
1.357 0.0836074
1.358 0.0835718
1.359 0.0835361
1.36 0.0835005
1.361 0.0834648
1.362 0.0834291
1.363 0.0833935
1.364 0.0833578
1.365 0.0833222
1.366 0.0832866
1.367 0.083251
1.368 0.0832153
1.369 0.0831797
1.37 0.083144
1.371 0.0831083
1.372 0.0830726
1.373 0.0830369
1.374 0.0830013
1.375 0.0829656
1.376 0.08293
1.377 0.0828944
1.378 0.0828588
1.379 0.0828233
1.38 0.0827877
1.381 0.0827521
1.382 0.0827165
1.383 0.0826809
1.384 0.0826453
1.385 0.0826098
1.386 0.0825742
1.387 0.0825386
1.388 0.082503
1.389 0.0824674
1.39 0.0824317
1.391 0.0823961
1.392 0.0823604
1.393 0.0823248
1.394 0.0822891
1.395 0.0822535
1.396 0.0822178
1.397 0.0821822
1.398 0.0821466
1.399 0.0821109
1.4 0.0820753
1.401 0.0820396
1.402 0.0820039
1.403 0.0819682
1.404 0.0819325
1.405 0.0818968
1.406 0.0818611
1.407 0.0818255
1.408 0.0817898
1.409 0.0817542
1.41 0.0817186
1.411 0.081683
1.412 0.0816473
1.413 0.0816117
1.414 0.0815761
1.415 0.0815405
1.416 0.0815049
1.417 0.0814694
1.418 0.0814338
1.419 0.0813982
1.42 0.0813626
1.421 0.081327
1.422 0.0812913
1.423 0.0812556
1.424 0.0812199
1.425 0.0811843
1.426 0.0811486
1.427 0.081113
1.428 0.0810773
1.429 0.0810417
1.43 0.0810061
1.431 0.0809704
1.432 0.0809347
1.433 0.080899
1.434 0.0808633
1.435 0.0808276
1.436 0.080792
1.437 0.0807563
1.438 0.0807207
1.439 0.0806851
1.44 0.0806495
1.441 0.0806139
1.442 0.0805783
1.443 0.0805427
1.444 0.0805071
1.445 0.0804715
1.446 0.080436
1.447 0.0804004
1.448 0.0803648
1.449 0.0803292
1.45 0.0802936
1.451 0.080258
1.452 0.0802223
1.453 0.0801867
1.454 0.080151
1.455 0.0801153
1.456 0.0800796
1.457 0.080044
1.458 0.0800083
1.459 0.0799727
1.46 0.0799371
1.461 0.0799014
1.462 0.0798658
1.463 0.0798301
1.464 0.0797944
1.465 0.0797587
1.466 0.079723
1.467 0.0796873
1.468 0.0796516
1.469 0.0796159
1.47 0.0795803
1.471 0.0795447
1.472 0.079509
1.473 0.0794734
1.474 0.0794378
1.475 0.0794021
1.476 0.0793665
1.477 0.0793309
1.478 0.0792953
1.479 0.0792597
1.48 0.0792241
1.481 0.0791885
1.482 0.0791529
1.483 0.0791172
1.484 0.0790816
1.485 0.0790459
1.486 0.0790103
1.487 0.0789746
1.488 0.0789389
1.489 0.0789032
1.49 0.0788676
1.491 0.078832
1.492 0.0787964
1.493 0.0787607
1.494 0.078725
1.495 0.0786893
1.496 0.0786536
1.497 0.0786179
1.498 0.0785822
1.499 0.0785466
1.5 0.0785109
1.501 0.0784753
1.502 0.0784397
1.503 0.0784041
1.504 0.0783685
1.505 0.0783329
1.506 0.0782973
1.507 0.0782617
1.508 0.0782261
1.509 0.0781905
1.51 0.0781549
1.511 0.0781193
1.512 0.0780837
1.513 0.078048
1.514 0.0780124
1.515 0.0779767
1.516 0.077941
1.517 0.0779054
1.518 0.0778697
1.519 0.077834
1.52 0.0777983
1.521 0.0777627
1.522 0.0777271
1.523 0.0776914
1.524 0.0776558
1.525 0.0776201
1.526 0.0775844
1.527 0.0775487
1.528 0.077513
1.529 0.0774773
1.53 0.0774416
1.531 0.0774059
1.532 0.0773702
1.533 0.0773346
1.534 0.0772989
1.535 0.0772633
1.536 0.0772276
1.537 0.077192
1.538 0.0771563
1.539 0.0771207
1.54 0.0770851
1.541 0.0770495
1.542 0.0770139
1.543 0.0769783
1.544 0.0769427
1.545 0.0769071
1.546 0.0768714
1.547 0.0768357
1.548 0.0768
1.549 0.0767643
1.55 0.0767287
1.551 0.076693
1.552 0.0766574
1.553 0.0766217
1.554 0.0765861
1.555 0.0765504
1.556 0.0765147
1.557 0.076479
1.558 0.0764433
1.559 0.0764076
1.56 0.0763719
1.561 0.0763363
1.562 0.0763006
1.563 0.076265
1.564 0.0762293
1.565 0.0761937
1.566 0.0761582
1.567 0.0761225
1.568 0.0760869
1.569 0.0760513
1.57 0.0760157
1.571 0.0759801
1.572 0.0759445
1.573 0.0759089
1.574 0.0758733
1.575 0.0758377
1.576 0.0758021
1.577 0.0757664
1.578 0.0757307
1.579 0.075695
1.58 0.0756594
1.581 0.0756237
1.582 0.075588
1.583 0.0755524
1.584 0.0755167
1.585 0.0754811
1.586 0.0754454
1.587 0.0754097
1.588 0.075374
1.589 0.0753383
1.59 0.0753026
1.591 0.0752669
1.592 0.0752312
1.593 0.0751955
1.594 0.0751598
1.595 0.0751241
1.596 0.0750885
1.597 0.0750529
1.598 0.0750172
1.599 0.0749816
1.6 0.0749459
1.601 0.0749103
1.602 0.0748747
1.603 0.0748391
1.604 0.0748035
1.605 0.0747679
1.606 0.0747323
1.607 0.0746967
1.608 0.074661
1.609 0.0746253
1.61 0.0745896
1.611 0.0745539
1.612 0.0745182
1.613 0.0744826
1.614 0.0744469
1.615 0.0744113
1.616 0.0743756
1.617 0.07434
1.618 0.0743043
1.619 0.0742686
1.62 0.0742329
1.621 0.0741971
1.622 0.0741614
1.623 0.0741258
1.624 0.0740901
1.625 0.0740544
1.626 0.0740188
1.627 0.0739832
1.628 0.0739476
1.629 0.073912
1.63 0.0738764
1.631 0.0738408
1.632 0.0738052
1.633 0.0737696
1.634 0.073734
1.635 0.0736984
1.636 0.0736628
1.637 0.0736272
1.638 0.0735915
1.639 0.0735559
1.64 0.0735202
1.641 0.0734845
1.642 0.0734488
1.643 0.0734131
1.644 0.0733775
1.645 0.0733418
1.646 0.0733062
1.647 0.0732705
1.648 0.0732349
1.649 0.0731992
1.65 0.0731635
1.651 0.0731278
1.652 0.0730921
1.653 0.0730564
1.654 0.0730207
1.655 0.0729849
1.656 0.0729492
1.657 0.0729136
1.658 0.0728779
1.659 0.0728423
1.66 0.0728067
1.661 0.072771
1.662 0.0727354
1.663 0.0726997
1.664 0.0726641
1.665 0.0726285
1.666 0.0725929
1.667 0.0725573
1.668 0.0725217
1.669 0.072486
1.67 0.0724504
1.671 0.0724147
1.672 0.072379
1.673 0.0723433
1.674 0.0723076
1.675 0.072272
1.676 0.0722363
1.677 0.0722007
1.678 0.072165
1.679 0.0721294
1.68 0.0720937
1.681 0.072058
1.682 0.0720223
1.683 0.0719866
1.684 0.0719509
1.685 0.0719152
1.686 0.0718795
1.687 0.0718438
1.688 0.0718082
1.689 0.0717726
1.69 0.071737
1.691 0.0717014
1.692 0.0716658
1.693 0.0716302
1.694 0.0715946
1.695 0.0715589
1.696 0.0715233
1.697 0.0714877
1.698 0.0714521
1.699 0.0714165
1.7 0.0713808
1.701 0.0713452
1.702 0.0713095
1.703 0.0712738
1.704 0.0712381
1.705 0.0712024
1.706 0.0711667
1.707 0.071131
1.708 0.0710954
1.709 0.0710598
1.71 0.0710241
1.711 0.0709884
1.712 0.0709528
1.713 0.070917
1.714 0.0708813
1.715 0.0708456
1.716 0.0708099
1.717 0.0707742
1.718 0.0707385
1.719 0.0707028
1.72 0.0706671
1.721 0.0706315
1.722 0.0705958
1.723 0.0705602
1.724 0.0705245
1.725 0.0704889
1.726 0.0704533
1.727 0.0704176
1.728 0.070382
1.729 0.0703464
1.73 0.0703108
1.731 0.0702752
1.732 0.0702395
1.733 0.0702039
1.734 0.0701682
1.735 0.0701325
1.736 0.0700968
1.737 0.0700611
1.738 0.0700254
1.739 0.0699898
1.74 0.0699541
1.741 0.0699185
1.742 0.0698828
1.743 0.0698471
1.744 0.0698114
1.745 0.0697757
1.746 0.06974
1.747 0.0697043
1.748 0.0696686
1.749 0.0696329
1.75 0.0695973
1.751 0.0695616
1.752 0.069526
1.753 0.0694904
1.754 0.0694548
1.755 0.0694192
1.756 0.0693836
1.757 0.0693479
1.758 0.0693123
1.759 0.0692767
1.76 0.0692412
1.761 0.0692056
1.762 0.0691699
1.763 0.0691342
1.764 0.0690986
1.765 0.0690629
1.766 0.0690272
1.767 0.0689915
1.768 0.0689558
1.769 0.0689202
1.77 0.0688845
1.771 0.0688489
1.772 0.0688132
1.773 0.0687775
1.774 0.0687418
1.775 0.0687061
1.776 0.0686704
1.777 0.0686347
1.778 0.068599
1.779 0.0685632
1.78 0.0685275
1.781 0.0684918
1.782 0.0684562
1.783 0.0684205
1.784 0.0683849
1.785 0.0683492
1.786 0.0683136
1.787 0.0682779
1.788 0.0682423
1.789 0.0682067
1.79 0.0681711
1.791 0.0681355
1.792 0.0680999
1.793 0.0680643
1.794 0.0680286
1.795 0.067993
1.796 0.0679573
1.797 0.0679216
1.798 0.0678859
1.799 0.0678502
1.8 0.0678145
1.801 0.0677789
1.802 0.0677432
1.803 0.0677076
1.804 0.0676719
1.805 0.0676362
1.806 0.0676005
1.807 0.0675648
1.808 0.0675291
1.809 0.0674934
1.81 0.0674577
1.811 0.067422
1.812 0.0673863
1.813 0.0673507
1.814 0.0673151
1.815 0.0672795
1.816 0.0672439
1.817 0.0672083
1.818 0.0671727
1.819 0.0671371
1.82 0.0671015
1.821 0.0670659
1.822 0.0670303
1.823 0.0669947
1.824 0.066959
1.825 0.0669234
1.826 0.0668877
1.827 0.066852
1.828 0.0668163
1.829 0.0667806
1.83 0.0667449
1.831 0.0667093
1.832 0.0666736
1.833 0.066638
1.834 0.0666023
1.835 0.0665666
1.836 0.066531
1.837 0.0664953
1.838 0.0664596
1.839 0.0664238
1.84 0.0663881
1.841 0.0663524
1.842 0.0663167
1.843 0.066281
1.844 0.0662453
1.845 0.0662097
1.846 0.066174
1.847 0.0661384
1.848 0.0661027
1.849 0.0660671
1.85 0.0660314
1.851 0.0659958
1.852 0.0659602
1.853 0.0659246
1.854 0.065889
1.855 0.0658534
1.856 0.0658177
1.857 0.0657821
1.858 0.0657464
1.859 0.0657107
1.86 0.065675
1.861 0.0656393
1.862 0.0656036
1.863 0.0655679
1.864 0.0655323
1.865 0.0654966
1.866 0.065461
1.867 0.0654253
1.868 0.0653896
1.869 0.0653539
1.87 0.0653182
1.871 0.0652825
1.872 0.0652468
1.873 0.0652111
1.874 0.0651754
1.875 0.0651398
1.876 0.0651042
1.877 0.0650686
1.878 0.0650329
1.879 0.0649973
1.88 0.0649617
1.881 0.0649261
1.882 0.0648905
1.883 0.0648549
1.884 0.0648193
1.885 0.0647836
1.886 0.064748
1.887 0.0647123
1.888 0.0646767
1.889 0.064641
1.89 0.0646053
1.891 0.0645696
1.892 0.0645339
1.893 0.0644982
1.894 0.0644626
1.895 0.0644269
1.896 0.0643913
1.897 0.0643556
1.898 0.06432
1.899 0.0642843
1.9 0.0642486
1.901 0.0642128
1.902 0.0641771
1.903 0.0641414
1.904 0.0641057
1.905 0.06407
1.906 0.0640343
1.907 0.0639986
1.908 0.063963
1.909 0.0639273
1.91 0.0638917
1.911 0.063856
1.912 0.0638204
1.913 0.0637847
1.914 0.0637491
1.915 0.0637135
1.916 0.0636779
1.917 0.0636423
1.918 0.0636067
1.919 0.063571
1.92 0.0635353
1.921 0.0634996
1.922 0.0634639
1.923 0.0634282
1.924 0.0633925
1.925 0.0633569
1.926 0.0633212
1.927 0.0632856
1.928 0.0632499
1.929 0.0632142
1.93 0.0631786
1.931 0.0631428
1.932 0.0631071
1.933 0.0630714
1.934 0.0630357
1.935 0.063
1.936 0.0629643
1.937 0.0629287
1.938 0.0628931
1.939 0.0628575
1.94 0.0628219
1.941 0.0627862
1.942 0.0627506
1.943 0.062715
1.944 0.0626794
1.945 0.0626438
1.946 0.0626082
1.947 0.0625726
1.948 0.062537
1.949 0.0625013
1.95 0.0624656
1.951 0.06243
1.952 0.0623943
1.953 0.0623586
1.954 0.0623229
1.955 0.0622872
1.956 0.0622516
1.957 0.0622159
1.958 0.0621803
1.959 0.0621446
1.96 0.0621089
1.961 0.0620733
1.962 0.0620376
1.963 0.0620018
1.964 0.0619661
1.965 0.0619304
1.966 0.0618947
1.967 0.061859
1.968 0.0618233
1.969 0.0617876
1.97 0.061752
1.971 0.0617163
1.972 0.0616807
1.973 0.061645
1.974 0.0616094
1.975 0.0615738
1.976 0.0615381
1.977 0.0615025
1.978 0.061467
1.979 0.0614314
1.98 0.0613957
1.981 0.0613601
1.982 0.0613244
1.983 0.0612888
1.984 0.0612531
1.985 0.0612174
1.986 0.0611817
1.987 0.061146
1.988 0.0611103
1.989 0.0610747
1.99 0.061039
1.991 0.0610034
1.992 0.0609677
1.993 0.060932
1.994 0.0608963
1.995 0.0608605
1.996 0.0608248
1.997 0.0607891
1.998 0.0607534
1.999 0.0607178
2 0.0606822
2.001 0.0606466
2.002 0.060611
2.003 0.0605754
2.004 0.0605398
2.005 0.0605042
2.006 0.0604685
2.007 0.0604329
2.008 0.0603974
2.009 0.0603618
2.01 0.0603261
2.011 0.0602905
2.012 0.0602548
2.013 0.0602192
2.014 0.0601835
2.015 0.0601478
2.016 0.0601121
2.017 0.0600764
2.018 0.0600408
2.019 0.0600051
2.02 0.0599694
2.021 0.0599338
2.022 0.0598981
2.023 0.0598625
2.024 0.0598268
2.025 0.0597911
2.026 0.0597553
2.027 0.0597196
2.028 0.0596839
2.029 0.0596482
2.03 0.0596125
2.031 0.0595769
2.032 0.0595412
2.033 0.0595056
2.034 0.05947
2.035 0.0594343
2.036 0.0593987
2.037 0.059363
2.038 0.0593274
2.039 0.0592918
2.04 0.0592562
2.041 0.0592206
2.042 0.059185
2.043 0.0591493
2.044 0.0591137
2.045 0.059078
2.046 0.0590423
2.047 0.0590066
2.048 0.0589709
2.049 0.0589352
2.05 0.0588996
2.051 0.0588639
2.052 0.0588283
2.053 0.0587926
2.054 0.058757
2.055 0.0587213
2.056 0.0586856
2.057 0.0586498
2.058 0.0586142
2.059 0.0585785
2.06 0.0585428
2.061 0.0585071
2.062 0.0584715
2.063 0.0584359
2.064 0.0584003
2.065 0.0583647
2.066 0.0583291
2.067 0.0582934
2.068 0.0582578
2.069 0.0582222
2.07 0.0581866
2.071 0.058151
2.072 0.0581154
2.073 0.0580798
2.074 0.0580441
2.075 0.0580084
2.076 0.0579728
2.077 0.0579371
2.078 0.0579014
2.079 0.0578657
2.08 0.05783
2.081 0.0577944
2.082 0.0577587
2.083 0.0577231
2.084 0.0576875
2.085 0.0576518
2.086 0.0576161
2.087 0.0575804
2.088 0.0575447
2.089 0.057509
2.09 0.0574733
2.091 0.0574376
2.092 0.0574018
2.093 0.0573662
2.094 0.0573305
2.095 0.0572949
2.096 0.0572592
2.097 0.0572236
2.098 0.0571879
2.099 0.0571523
2.1 0.0571167
2.101 0.0570811
2.102 0.0570455
2.103 0.0570099
2.104 0.0569742
2.105 0.0569386
2.106 0.056903
2.107 0.0568673
2.108 0.0568316
2.109 0.0567959
2.11 0.0567602
2.111 0.0567245
2.112 0.0566889
2.113 0.0566532
2.114 0.0566176
2.115 0.0565819
2.116 0.0565463
2.117 0.0565106
2.118 0.0564749
2.119 0.0564392
2.12 0.0564035
2.121 0.0563678
2.122 0.0563321
2.123 0.0562964
2.124 0.0562608
2.125 0.0562252
2.126 0.0561896
2.127 0.056154
2.128 0.0561184
2.129 0.0560828
2.13 0.0560472
2.131 0.0560116
2.132 0.055976
2.133 0.0559404
2.134 0.0559048
2.135 0.0558692
2.136 0.0558335
2.137 0.0557979
2.138 0.0557622
2.139 0.0557266
2.14 0.0556909
2.141 0.0556552
2.142 0.0556195
2.143 0.0555839
2.144 0.0555482
2.145 0.0555126
2.146 0.0554769
2.147 0.0554413
2.148 0.0554056
2.149 0.0553699
2.15 0.0553342
2.151 0.0552985
2.152 0.0552628
2.153 0.0552271
2.154 0.0551914
2.155 0.0551557
2.156 0.05512
2.157 0.0550844
2.158 0.0550488
2.159 0.0550131
2.16 0.0549775
2.161 0.0549419
2.162 0.0549062
2.163 0.0548707
2.164 0.0548351
2.165 0.0547995
2.166 0.0547639
2.167 0.0547283
2.168 0.0546926
2.169 0.054657
2.17 0.0546213
2.171 0.0545857
2.172 0.05455
2.173 0.0545143
2.174 0.0544786
2.175 0.054443
2.176 0.0544073
2.177 0.0543717
2.178 0.0543361
2.179 0.0543004
2.18 0.0542647
2.181 0.054229
2.182 0.0541933
2.183 0.0541576
2.184 0.0541219
2.185 0.0540862
2.186 0.0540506
2.187 0.054015
2.188 0.0539794
2.189 0.0539438
2.19 0.0539082
2.191 0.0538726
2.192 0.053837
2.193 0.0538014
2.194 0.0537658
2.195 0.0537303
2.196 0.0536947
2.197 0.0536591
2.198 0.0536235
2.199 0.0535878
2.2 0.0535522
2.201 0.0535165
2.202 0.0534808
2.203 0.0534451
2.204 0.0534095
2.205 0.0533738
2.206 0.0533382
2.207 0.0533025
2.208 0.0532669
2.209 0.0532313
2.21 0.0531956
2.211 0.0531599
2.212 0.0531242
2.213 0.0530885
2.214 0.0530528
2.215 0.0530171
2.216 0.0529814
2.217 0.0529457
2.218 0.0529101
2.219 0.0528745
2.22 0.0528389
2.221 0.0528032
2.222 0.0527676
2.223 0.052732
2.224 0.0526964
2.225 0.0526608
2.226 0.0526252
2.227 0.0525896
2.228 0.052554
2.229 0.0525184
2.23 0.0524828
2.231 0.0524471
2.232 0.0524115
2.233 0.0523758
2.234 0.0523401
2.235 0.0523044
2.236 0.0522688
2.237 0.0522331
2.238 0.0521975
2.239 0.0521619
2.24 0.0521262
2.241 0.0520906
2.242 0.0520549
2.243 0.0520192
2.244 0.0519835
2.245 0.0519478
2.246 0.0519122
2.247 0.0518765
2.248 0.0518409
2.249 0.0518053
2.25 0.0517697
2.251 0.0517341
2.252 0.0516985
2.253 0.0516629
2.254 0.0516273
2.255 0.0515917
2.256 0.0515561
2.257 0.0515205
2.258 0.051485
2.259 0.0514494
2.26 0.0514138
2.261 0.0513781
2.262 0.0513425
2.263 0.0513068
2.264 0.0512712
2.265 0.0512355
2.266 0.0511998
2.267 0.0511642
2.268 0.0511285
2.269 0.0510929
2.27 0.0510573
2.271 0.0510217
2.272 0.050986
2.273 0.0509504
2.274 0.0509147
2.275 0.050879
2.276 0.0508433
2.277 0.0508076
2.278 0.0507719
2.279 0.0507363
2.28 0.0507006
2.281 0.050665
2.282 0.0506293
2.283 0.0505937
2.284 0.0505581
2.285 0.0505225
2.286 0.0504869
2.287 0.0504513
2.288 0.0504157
2.289 0.0503801
2.29 0.0503445
2.291 0.0503089
2.292 0.0502733
2.293 0.0502377
2.294 0.0502021
2.295 0.0501664
2.296 0.0501307
2.297 0.0500951
2.298 0.0500594
2.299 0.0500238
2.3 0.0499882
2.301 0.0499525
2.302 0.0499169
2.303 0.0498813
2.304 0.0498456
2.305 0.04981
2.306 0.0497743
2.307 0.0497386
2.308 0.0497029
2.309 0.0496673
2.31 0.0496316
2.311 0.049596
2.312 0.0495604
2.313 0.0495249
2.314 0.0494893
2.315 0.0494537
2.316 0.0494181
2.317 0.0493825
2.318 0.049347
2.319 0.0493114
2.32 0.0492758
2.321 0.0492403
2.322 0.0492047
2.323 0.0491691
2.324 0.0491335
2.325 0.0490979
2.326 0.0490622
2.327 0.0490266
2.328 0.0489909
2.329 0.0489553
2.33 0.0489196
2.331 0.048884
2.332 0.0488484
2.333 0.0488128
2.334 0.0487772
2.335 0.0487415
2.336 0.0487059
2.337 0.0486702
2.338 0.0486345
2.339 0.0485988
2.34 0.0485632
2.341 0.0485275
2.342 0.0484918
2.343 0.0484562
2.344 0.0484206
2.345 0.048385
2.346 0.0483494
2.347 0.0483138
2.348 0.0482782
2.349 0.0482426
2.35 0.0482071
2.351 0.0481715
2.352 0.048136
2.353 0.0481004
2.354 0.0480648
2.355 0.0480292
2.356 0.0479936
2.357 0.047958
2.358 0.0479224
2.359 0.0478867
2.36 0.047851
2.361 0.0478154
2.362 0.0477798
2.363 0.0477442
2.364 0.0477086
2.365 0.047673
2.366 0.0476374
2.367 0.0476017
2.368 0.047566
2.369 0.0475304
2.37 0.0474947
2.371 0.0474591
2.372 0.0474234
2.373 0.0473879
2.374 0.0473523
2.375 0.0473167
2.376 0.0472812
2.377 0.0472457
2.378 0.0472101
2.379 0.0471745
2.38 0.047139
2.381 0.0471034
2.382 0.0470679
2.383 0.0470323
2.384 0.0469968
2.385 0.0469612
2.386 0.0469256
2.387 0.04689
2.388 0.0468544
2.389 0.0468187
2.39 0.0467831
2.391 0.0467475
2.392 0.0467119
2.393 0.0466763
2.394 0.0466407
2.395 0.0466051
2.396 0.0465695
2.397 0.0465339
2.398 0.0464983
2.399 0.0464626
2.4 0.046427
2.401 0.0463913
2.402 0.0463557
2.403 0.04632
2.404 0.0462844
2.405 0.0462488
2.406 0.0462132
2.407 0.0461776
2.408 0.046142
2.409 0.0461064
2.41 0.0460708
2.411 0.0460353
2.412 0.0459997
2.413 0.0459642
2.414 0.0459286
2.415 0.0458931
2.416 0.0458575
2.417 0.0458219
2.418 0.0457864
2.419 0.0457508
2.42 0.0457152
2.421 0.0456795
2.422 0.0456439
2.423 0.0456083
2.424 0.0455727
2.425 0.0455371
2.426 0.0455016
2.427 0.045466
2.428 0.0454304
2.429 0.0453948
2.43 0.0453592
2.431 0.0453235
2.432 0.0452879
2.433 0.0452523
2.434 0.0452167
2.435 0.0451811
2.436 0.0451455
2.437 0.04511
2.438 0.0450745
2.439 0.0450389
2.44 0.0450034
2.441 0.0449679
2.442 0.0449323
2.443 0.0448968
2.444 0.0448613
2.445 0.0448258
2.446 0.0447902
2.447 0.0447547
2.448 0.0447191
2.449 0.0446835
2.45 0.044648
2.451 0.0446123
2.452 0.0445767
2.453 0.0445411
2.454 0.0445055
2.455 0.04447
2.456 0.0444344
2.457 0.0443988
2.458 0.0443633
2.459 0.0443277
2.46 0.0442921
2.461 0.0442565
2.462 0.0442209
2.463 0.0441852
2.464 0.0441496
2.465 0.044114
2.466 0.0440784
2.467 0.0440428
2.468 0.0440072
2.469 0.0439717
2.47 0.0439361
2.471 0.0439006
2.472 0.043865
2.473 0.0438294
2.474 0.0437939
2.475 0.0437584
2.476 0.0437229
2.477 0.0436874
2.478 0.0436519
2.479 0.0436164
2.48 0.0435809
2.481 0.0435453
2.482 0.0435097
2.483 0.0434741
2.484 0.0434385
2.485 0.0434029
2.486 0.0433674
2.487 0.0433318
2.488 0.0432963
2.489 0.0432607
2.49 0.0432252
2.491 0.0431896
2.492 0.043154
2.493 0.0431184
2.494 0.0430828
2.495 0.0430472
2.496 0.0430116
2.497 0.042976
2.498 0.0429405
2.499 0.042905
2.5 0.0428695
2.501 0.042834
2.502 0.0427986
2.503 0.0427631
2.504 0.0427276
2.505 0.0426921
2.506 0.0426566
2.507 0.0426211
2.508 0.0425856
2.509 0.0425502
2.51 0.0425146
2.511 0.0424791
2.512 0.0424436
2.513 0.042408
2.514 0.0423724
2.515 0.0423369
2.516 0.0423013
2.517 0.0422658
2.518 0.0422302
2.519 0.0421947
2.52 0.0421592
2.521 0.0421237
2.522 0.0420881
2.523 0.0420526
2.524 0.042017
2.525 0.0419814
2.526 0.0419458
2.527 0.0419103
2.528 0.0418747
2.529 0.0418391
2.53 0.0418036
2.531 0.0417681
2.532 0.0417326
2.533 0.0416971
2.534 0.0416616
2.535 0.0416261
2.536 0.0415905
2.537 0.0415551
2.538 0.0415196
2.539 0.0414841
2.54 0.0414487
2.541 0.0414132
2.542 0.0413777
2.543 0.0413422
2.544 0.0413067
2.545 0.0412712
2.546 0.0412356
2.547 0.0412
2.548 0.0411645
2.549 0.041129
2.55 0.0410935
2.551 0.041058
2.552 0.0410226
2.553 0.0409871
2.554 0.0409515
2.555 0.040916
2.556 0.0408804
2.557 0.0408449
2.558 0.0408094
2.559 0.0407738
2.56 0.0407383
2.561 0.0407029
2.562 0.0406674
2.563 0.040632
2.564 0.0405965
2.565 0.0405611
2.566 0.0405256
2.567 0.0404902
2.568 0.0404548
2.569 0.0404193
2.57 0.0403839
2.571 0.0403485
2.572 0.040313
2.573 0.0402776
2.574 0.0402421
2.575 0.0402066
2.576 0.0401711
2.577 0.0401356
2.578 0.0401001
2.579 0.0400646
2.58 0.0400291
2.581 0.0399936
2.582 0.0399582
2.583 0.0399227
2.584 0.0398872
2.585 0.0398517
2.586 0.0398162
2.587 0.0397807
2.588 0.0397452
2.589 0.0397096
2.59 0.0396741
2.591 0.0396386
2.592 0.0396031
2.593 0.0395677
2.594 0.0395322
2.595 0.0394968
2.596 0.0394613
2.597 0.0394259
2.598 0.0393904
2.599 0.039355
2.6 0.0393196
2.601 0.0392842
2.602 0.0392488
2.603 0.0392134
2.604 0.039178
2.605 0.0391426
2.606 0.0391072
2.607 0.0390717
2.608 0.0390362
2.609 0.0390007
2.61 0.0389652
2.611 0.0389298
2.612 0.0388943
2.613 0.0388589
2.614 0.0388235
2.615 0.0387881
2.616 0.0387526
2.617 0.0387171
2.618 0.0386817
2.619 0.0386462
2.62 0.0386107
2.621 0.0385752
2.622 0.0385398
2.623 0.0385043
2.624 0.038469
2.625 0.0384336
2.626 0.0383982
2.627 0.0383629
2.628 0.0383275
2.629 0.0382921
2.63 0.0382568
2.631 0.0382214
2.632 0.038186
2.633 0.0381507
2.634 0.0381153
2.635 0.0380799
2.636 0.0380445
2.637 0.0380091
2.638 0.0379737
2.639 0.0379383
2.64 0.0379028
2.641 0.0378674
2.642 0.037832
2.643 0.0377966
2.644 0.0377612
2.645 0.0377258
2.646 0.0376904
2.647 0.0376551
2.648 0.0376196
2.649 0.0375842
2.65 0.0375488
2.651 0.0375133
2.652 0.0374779
2.653 0.0374425
2.654 0.037407
2.655 0.0373716
2.656 0.0373363
2.657 0.0373009
2.658 0.0372655
2.659 0.0372302
2.66 0.0371948
2.661 0.0371594
2.662 0.0371241
2.663 0.0370888
2.664 0.0370535
2.665 0.0370182
2.666 0.0369829
2.667 0.0369476
2.668 0.0369122
2.669 0.0368769
2.67 0.0368415
2.671 0.0368061
2.672 0.0367707
2.673 0.0367353
2.674 0.0367
2.675 0.0366646
2.676 0.0366293
2.677 0.036594
2.678 0.0365586
2.679 0.0365233
2.68 0.0364879
2.681 0.0364525
2.682 0.0364171
2.683 0.0363817
2.684 0.0363464
2.685 0.036311
2.686 0.0362757
2.687 0.0362404
2.688 0.0362051
2.689 0.0361699
2.69 0.0361346
2.691 0.0360994
2.692 0.0360641
2.693 0.0360288
2.694 0.0359936
2.695 0.0359583
2.696 0.0359231
2.697 0.0358878
2.698 0.0358525
2.699 0.0358172
2.7 0.0357819
2.701 0.0357466
2.702 0.0357113
2.703 0.035676
2.704 0.0356406
2.705 0.0356053
2.706 0.0355701
2.707 0.0355348
2.708 0.0354995
2.709 0.0354643
2.71 0.035429
2.711 0.0353937
2.712 0.0353583
2.713 0.035323
2.714 0.0352877
2.715 0.0352524
2.716 0.035217
2.717 0.0351817
2.718 0.0351464
2.719 0.0351112
2.72 0.0350759
2.721 0.0350407
2.722 0.0350054
2.723 0.0349702
2.724 0.0349349
2.725 0.0348997
2.726 0.0348645
2.727 0.0348294
2.728 0.0347942
2.729 0.034759
2.73 0.0347238
2.731 0.0346886
2.732 0.0346533
2.733 0.0346181
2.734 0.0345828
2.735 0.0345475
2.736 0.0345123
2.737 0.034477
2.738 0.0344418
2.739 0.0344066
2.74 0.0343714
2.741 0.0343362
2.742 0.034301
2.743 0.0342658
2.744 0.0342305
2.745 0.0341952
2.746 0.03416
2.747 0.0341248
2.748 0.0340895
2.749 0.0340544
2.75 0.0340192
2.751 0.0339841
2.752 0.033949
2.753 0.0339139
2.754 0.0338788
2.755 0.0338436
2.756 0.0338085
2.757 0.0337734
2.758 0.0337383
2.759 0.0337032
2.76 0.0336681
2.761 0.0336329
2.762 0.0335978
2.763 0.0335626
2.764 0.0335275
2.765 0.0334923
2.766 0.0334571
2.767 0.033422
2.768 0.0333868
2.769 0.0333517
2.77 0.0333166
2.771 0.0332815
2.772 0.0332464
2.773 0.0332112
2.774 0.0331761
2.775 0.0331409
2.776 0.0331058
2.777 0.0330706
2.778 0.0330354
2.779 0.0330003
2.78 0.0329651
2.781 0.03293
2.782 0.0328949
2.783 0.0328598
2.784 0.0328248
2.785 0.0327897
2.786 0.0327546
2.787 0.0327195
2.788 0.0326845
2.789 0.0326495
2.79 0.0326145
2.791 0.0325795
2.792 0.0325445
2.793 0.0325095
2.794 0.0324744
2.795 0.0324394
2.796 0.0324043
2.797 0.0323692
2.798 0.0323341
2.799 0.0322991
2.8 0.032264
2.801 0.032229
2.802 0.0321939
2.803 0.0321589
2.804 0.0321239
2.805 0.0320889
2.806 0.0320538
2.807 0.0320188
2.808 0.0319837
2.809 0.0319486
2.81 0.0319136
2.811 0.0318786
2.812 0.0318436
2.813 0.0318086
2.814 0.0317737
2.815 0.0317388
2.816 0.0317038
2.817 0.0316689
2.818 0.031634
2.819 0.031599
2.82 0.0315641
2.821 0.0315292
2.822 0.0314943
2.823 0.0314594
2.824 0.0314245
2.825 0.0313896
2.826 0.0313546
2.827 0.0313197
2.828 0.0312847
2.829 0.0312498
2.83 0.0312148
2.831 0.0311799
2.832 0.0311449
2.833 0.03111
2.834 0.0310751
2.835 0.0310402
2.836 0.0310053
2.837 0.0309704
2.838 0.0309355
2.839 0.0309005
2.84 0.0308656
2.841 0.0308306
2.842 0.0307957
2.843 0.0307607
2.844 0.0307258
2.845 0.030691
2.846 0.0306561
2.847 0.0306213
2.848 0.0305864
2.849 0.0305516
2.85 0.0305168
2.851 0.0304819
2.852 0.0304471
2.853 0.0304124
2.854 0.0303776
2.855 0.0303428
2.856 0.030308
2.857 0.0302732
2.858 0.0302384
2.859 0.0302036
2.86 0.0301688
2.861 0.030134
2.862 0.0300991
2.863 0.0300643
2.864 0.0300295
2.865 0.0299947
2.866 0.02996
2.867 0.0299252
2.868 0.0298904
2.869 0.0298557
2.87 0.0298209
2.871 0.0297861
2.872 0.0297512
2.873 0.0297165
2.874 0.0296817
2.875 0.0296469
2.876 0.0296122
2.877 0.0295775
2.878 0.0295429
2.879 0.0295082
2.88 0.0294736
2.881 0.029439
2.882 0.0294043
2.883 0.0293697
2.884 0.029335
2.885 0.0293004
2.886 0.0292658
2.887 0.0292312
2.888 0.0291965
2.889 0.0291619
2.89 0.0291272
2.891 0.0290926
2.892 0.0290579
2.893 0.0290232
2.894 0.0289885
2.895 0.0289539
2.896 0.0289193
2.897 0.0288846
2.898 0.0288501
2.899 0.0288155
2.9 0.0287809
2.901 0.0287462
2.902 0.0287116
2.903 0.028677
2.904 0.0286423
2.905 0.0286077
2.906 0.0285731
2.907 0.0285384
2.908 0.0285038
2.909 0.0284693
2.91 0.0284348
2.911 0.0284002
2.912 0.0283657
2.913 0.0283312
2.914 0.0282967
2.915 0.0282622
2.916 0.0282278
2.917 0.0281933
2.918 0.0281589
2.919 0.0281244
2.92 0.02809
2.921 0.0280555
2.922 0.0280211
2.923 0.0279866
2.924 0.0279521
2.925 0.0279177
2.926 0.0278832
2.927 0.0278487
2.928 0.0278142
2.929 0.0277798
2.93 0.0277454
2.931 0.027711
2.932 0.0276766
2.933 0.0276422
2.934 0.0276077
2.935 0.0275733
2.936 0.0275388
2.937 0.0275044
2.938 0.02747
2.939 0.0274356
2.94 0.0274013
2.941 0.027367
2.942 0.0273327
2.943 0.0272984
2.944 0.0272641
2.945 0.0272298
2.946 0.0271956
2.947 0.0271613
2.948 0.0271271
2.949 0.0270928
2.95 0.0270586
2.951 0.0270244
2.952 0.0269902
2.953 0.026956
2.954 0.0269217
2.955 0.0268874
2.956 0.0268532
2.957 0.0268189
2.958 0.0267847
2.959 0.0267504
2.96 0.0267162
2.961 0.026682
2.962 0.0266478
2.963 0.0266137
2.964 0.0265795
2.965 0.0265453
2.966 0.0265112
2.967 0.026477
2.968 0.0264428
2.969 0.0264086
2.97 0.0263744
2.971 0.0263402
2.972 0.026306
2.973 0.0262719
2.974 0.0262378
2.975 0.0262037
2.976 0.0261696
2.977 0.0261356
2.978 0.0261015
2.979 0.0260675
2.98 0.0260334
2.981 0.0259994
2.982 0.0259655
2.983 0.0259315
2.984 0.0258975
2.985 0.0258636
2.986 0.0258296
2.987 0.0257956
2.988 0.0257616
2.989 0.0257276
2.99 0.0256936
2.991 0.0256596
2.992 0.0256256
2.993 0.0255917
2.994 0.0255577
2.995 0.0255238
2.996 0.0254899
2.997 0.025456
2.998 0.0254221
2.999 0.0253882
3 0.0253543
3.001 0.0253203
3.002 0.0252864
3.003 0.0252525
3.004 0.0252187
3.005 0.0251848
3.006 0.025151
3.007 0.0251172
3.008 0.0250835
3.009 0.0250498
3.01 0.025016
3.011 0.0249823
3.012 0.0249486
3.013 0.0249149
3.014 0.0248812
3.015 0.0248475
3.016 0.0248138
3.017 0.0247802
3.018 0.0247465
3.019 0.0247128
3.02 0.0246791
3.021 0.0246454
3.022 0.0246117
3.023 0.024578
3.024 0.0245443
3.025 0.0245107
3.026 0.0244771
3.027 0.0244435
3.028 0.0244099
3.029 0.0243763
3.03 0.0243427
3.031 0.0243091
3.032 0.0242755
3.033 0.0242419
3.034 0.0242083
3.035 0.0241747
3.036 0.0241411
3.037 0.0241076
3.038 0.024074
3.039 0.0240405
3.04 0.024007
3.041 0.0239736
3.042 0.0239401
3.043 0.0239067
3.044 0.0238733
3.045 0.0238399
3.046 0.0238065
3.047 0.0237731
3.048 0.0237398
3.049 0.0237065
3.05 0.0236732
3.051 0.0236399
3.052 0.0236065
3.053 0.0235732
3.054 0.0235399
3.055 0.0235066
3.056 0.0234732
3.057 0.0234399
3.058 0.0234066
3.059 0.0233733
3.06 0.0233401
3.061 0.0233068
3.062 0.0232736
3.063 0.0232404
3.064 0.0232072
3.065 0.023174
3.066 0.0231408
3.067 0.0231076
3.068 0.0230744
3.069 0.0230412
3.07 0.0230081
3.071 0.0229749
3.072 0.0229419
3.073 0.0229088
3.074 0.0228758
3.075 0.0228428
3.076 0.0228099
3.077 0.0227769
3.078 0.0227439
3.079 0.022711
3.08 0.022678
3.081 0.0226451
3.082 0.0226122
3.083 0.0225794
3.084 0.0225465
3.085 0.0225136
3.086 0.0224807
3.087 0.0224478
3.088 0.0224149
3.089 0.022382
3.09 0.0223491
3.091 0.0223163
3.092 0.0222834
3.093 0.0222506
3.094 0.0222179
3.095 0.0221851
3.096 0.0221523
3.097 0.0221196
3.098 0.0220868
3.099 0.0220541
3.1 0.0220213
3.101 0.0219886
3.102 0.0219558
3.103 0.0219231
3.104 0.0218904
3.105 0.0218577
3.106 0.0218251
3.107 0.0217925
3.108 0.0217599
3.109 0.0217273
3.11 0.0216948
3.111 0.0216623
3.112 0.0216298
3.113 0.0215973
3.114 0.0215648
3.115 0.0215324
3.116 0.0215
3.117 0.0214676
3.118 0.0214352
3.119 0.0214028
3.12 0.0213704
3.121 0.0213381
3.122 0.0213057
3.123 0.0212733
3.124 0.0212409
3.125 0.0212086
3.126 0.0211762
3.127 0.0211439
3.128 0.0211117
3.129 0.0210794
3.13 0.0210472
3.131 0.021015
3.132 0.0209828
3.133 0.0209506
3.134 0.0209184
3.135 0.0208862
3.136 0.020854
3.137 0.0208218
3.138 0.0207897
3.139 0.0207576
3.14 0.0207256
3.141 0.0206936
3.142 0.0206616
3.143 0.0206297
3.144 0.0205977
3.145 0.0205658
3.146 0.0205339
3.147 0.020502
3.148 0.0204701
3.149 0.0204383
3.15 0.0204065
3.151 0.0203747
3.152 0.0203429
3.153 0.0203111
3.154 0.0202793
3.155 0.0202475
3.156 0.0202157
3.157 0.020184
3.158 0.0201522
3.159 0.0201204
3.16 0.0200887
3.161 0.020057
3.162 0.0200254
3.163 0.0199938
3.164 0.0199622
3.165 0.0199306
3.166 0.019899
3.167 0.0198674
3.168 0.0198359
3.169 0.0198043
3.17 0.0197727
3.171 0.0197412
3.172 0.0197096
3.173 0.0196781
3.174 0.0196467
3.175 0.0196152
3.176 0.0195839
3.177 0.0195525
3.178 0.0195212
3.179 0.0194899
3.18 0.0194586
3.181 0.0194273
3.182 0.0193961
3.183 0.0193649
3.184 0.0193337
3.185 0.0193026
3.186 0.0192715
3.187 0.0192404
3.188 0.0192093
3.189 0.0191782
3.19 0.0191472
3.191 0.0191161
3.192 0.0190851
3.193 0.019054
3.194 0.019023
3.195 0.0189919
3.196 0.018961
3.197 0.01893
3.198 0.0188991
3.199 0.0188682
3.2 0.0188374
3.201 0.0188066
3.202 0.0187758
3.203 0.018745
3.204 0.0187142
3.205 0.0186834
3.206 0.0186526
3.207 0.0186218
3.208 0.0185911
3.209 0.0185604
3.21 0.0185298
3.211 0.0184992
3.212 0.0184687
3.213 0.0184382
3.214 0.0184077
3.215 0.0183773
3.216 0.0183469
3.217 0.0183165
3.218 0.0182861
3.219 0.0182557
3.22 0.0182254
3.221 0.0181951
3.222 0.0181648
3.223 0.0181346
3.224 0.0181044
3.225 0.0180741
3.226 0.0180439
3.227 0.0180137
3.228 0.0179835
3.229 0.0179533
3.23 0.0179232
3.231 0.017893
3.232 0.0178629
3.233 0.0178329
3.234 0.0178029
3.235 0.0177729
3.236 0.0177429
3.237 0.017713
3.238 0.0176831
3.239 0.0176532
3.24 0.0176233
3.241 0.0175934
3.242 0.0175636
3.243 0.0175337
3.244 0.0175039
3.245 0.0174741
3.246 0.0174443
3.247 0.0174146
3.248 0.0173849
3.249 0.0173553
3.25 0.0173257
3.251 0.0172962
3.252 0.0172667
3.253 0.0172372
3.254 0.0172077
3.255 0.0171783
3.256 0.0171489
3.257 0.0171195
3.258 0.0170902
3.259 0.0170609
3.26 0.0170317
3.261 0.0170025
3.262 0.0169732
3.263 0.016944
3.264 0.0169149
3.265 0.0168857
3.266 0.0168566
3.267 0.0168274
3.268 0.0167983
3.269 0.0167692
3.27 0.0167402
3.271 0.0167112
3.272 0.0166823
3.273 0.0166534
3.274 0.0166245
3.275 0.0165957
3.276 0.0165669
3.277 0.0165381
3.278 0.0165093
3.279 0.0164805
3.28 0.0164518
3.281 0.016423
3.282 0.0163944
3.283 0.0163657
3.284 0.0163372
3.285 0.0163086
3.286 0.0162801
3.287 0.0162517
3.288 0.0162234
3.289 0.016195
3.29 0.0161667
3.291 0.0161385
3.292 0.0161102
3.293 0.016082
3.294 0.0160539
3.295 0.0160257
3.296 0.0159976
3.297 0.0159696
3.298 0.0159415
3.299 0.0159135
3.3 0.0158856
3.301 0.0158576
3.302 0.0158296
3.303 0.0158017
3.304 0.0157738
3.305 0.0157459
3.306 0.0157181
3.307 0.0156903
3.308 0.0156625
3.309 0.0156348
3.31 0.0156071
3.311 0.0155794
3.312 0.0155519
3.313 0.0155243
3.314 0.0154968
3.315 0.0154693
3.316 0.0154418
3.317 0.0154144
3.318 0.015387
3.319 0.0153595
3.32 0.0153321
3.321 0.0153048
3.322 0.0152775
3.323 0.0152502
3.324 0.015223
3.325 0.0151957
3.326 0.0151686
3.327 0.0151416
3.328 0.0151145
3.329 0.0150876
3.33 0.0150606
3.331 0.0150338
3.332 0.0150069
3.333 0.0149801
3.334 0.0149533
3.335 0.0149265
3.336 0.0148999
3.337 0.0148732
3.338 0.0148466
3.339 0.0148201
3.34 0.0147936
3.341 0.0147671
3.342 0.0147406
3.343 0.0147142
3.344 0.0146878
3.345 0.0146614
3.346 0.014635
3.347 0.0146087
3.348 0.0145824
3.349 0.0145562
3.35 0.01453
3.351 0.0145038
3.352 0.0144777
3.353 0.0144517
3.354 0.0144257
3.355 0.0143998
3.356 0.0143739
3.357 0.014348
3.358 0.0143222
3.359 0.0142963
3.36 0.0142706
3.361 0.0142448
3.362 0.014219
3.363 0.0141933
3.364 0.0141677
3.365 0.0141422
3.366 0.0141166
3.367 0.0140912
3.368 0.0140658
3.369 0.0140405
3.37 0.0140152
3.371 0.01399
3.372 0.0139649
3.373 0.0139397
3.374 0.0139147
3.375 0.0138896
3.376 0.0138646
3.377 0.0138397
3.378 0.0138148
3.379 0.0137899
3.38 0.0137651
3.381 0.0137403
3.382 0.0137156
3.383 0.0136909
3.384 0.0136662
3.385 0.0136416
3.386 0.013617
3.387 0.0135924
3.388 0.0135679
3.389 0.0135434
3.39 0.0135189
3.391 0.0134945
3.392 0.0134701
3.393 0.0134458
3.394 0.0134216
3.395 0.0133974
3.396 0.0133732
3.397 0.0133492
3.398 0.0133251
3.399 0.0133012
3.4 0.0132772
3.401 0.0132533
3.402 0.0132295
3.403 0.0132056
3.404 0.0131819
3.405 0.0131581
3.406 0.0131343
3.407 0.0131106
3.408 0.013087
3.409 0.0130634
3.41 0.0130398
3.411 0.0130163
3.412 0.0129929
3.413 0.0129695
3.414 0.0129461
3.415 0.0129229
3.416 0.0128997
3.417 0.0128766
3.418 0.0128535
3.419 0.0128305
3.42 0.0128075
3.421 0.0127846
3.422 0.0127617
3.423 0.0127388
3.424 0.012716
3.425 0.0126933
3.426 0.0126707
3.427 0.0126481
3.428 0.0126256
3.429 0.0126031
3.43 0.0125806
3.431 0.0125583
3.432 0.0125359
3.433 0.0125136
3.434 0.0124913
3.435 0.012469
3.436 0.0124469
3.437 0.0124247
3.438 0.0124026
3.439 0.0123805
3.44 0.0123585
3.441 0.0123365
3.442 0.0123146
3.443 0.0122927
3.444 0.0122709
3.445 0.0122492
3.446 0.0122276
3.447 0.012206
3.448 0.0121845
3.449 0.0121631
3.45 0.0121417
3.451 0.0121203
3.452 0.012099
3.453 0.0120777
3.454 0.0120564
3.455 0.0120352
3.456 0.012014
3.457 0.0119929
3.458 0.0119718
3.459 0.0119508
3.46 0.0119299
3.461 0.011909
3.462 0.0118882
3.463 0.0118675
3.464 0.0118468
3.465 0.0118263
3.466 0.0118058
3.467 0.0117853
3.468 0.011765
3.469 0.0117447
3.47 0.0117244
3.471 0.0117042
3.472 0.0116841
3.473 0.011664
3.474 0.0116439
3.475 0.0116239
3.476 0.011604
3.477 0.0115841
3.478 0.0115643
3.479 0.0115445
3.48 0.0115248
3.481 0.0115051
3.482 0.0114855
3.483 0.0114659
3.484 0.0114464
3.485 0.0114269
3.486 0.0114074
3.487 0.011388
3.488 0.0113687
3.489 0.0113493
3.49 0.0113301
3.491 0.0113108
3.492 0.0112917
3.493 0.0112726
3.494 0.0112535
3.495 0.0112345
3.496 0.0112156
3.497 0.0111967
3.498 0.011178
3.499 0.0111592
3.5 0.0111406
3.501 0.0111221
3.502 0.0111036
3.503 0.0110851
3.504 0.0110667
3.505 0.0110484
3.506 0.0110301
3.507 0.0110119
3.508 0.0109937
3.509 0.0109756
3.51 0.0109575
3.511 0.0109394
3.512 0.0109214
3.513 0.0109034
3.514 0.0108854
3.515 0.0108675
3.516 0.0108497
3.517 0.010832
3.518 0.0108143
3.519 0.0107966
3.52 0.010779
3.521 0.0107615
3.522 0.010744
3.523 0.0107266
3.524 0.0107093
3.525 0.0106921
3.526 0.0106749
3.527 0.0106578
3.528 0.0106407
3.529 0.0106237
3.53 0.0106068
3.531 0.0105899
3.532 0.0105731
3.533 0.0105563
3.534 0.0105396
3.535 0.010523
3.536 0.0105064
3.537 0.0104899
3.538 0.0104734
3.539 0.0104571
3.54 0.0104408
3.541 0.0104245
3.542 0.0104083
3.543 0.0103922
3.544 0.0103761
3.545 0.0103601
3.546 0.0103441
3.547 0.0103282
3.548 0.0103124
3.549 0.0102966
3.55 0.0102808
3.551 0.0102651
3.552 0.0102494
3.553 0.0102338
3.554 0.0102183
3.555 0.0102028
3.556 0.0101873
3.557 0.0101719
3.558 0.0101565
3.559 0.0101412
3.56 0.010126
3.561 0.0101108
3.562 0.0100957
3.563 0.0100806
3.564 0.0100656
3.565 0.0100507
3.566 0.010036
3.567 0.0100212
3.568 0.0100066
3.569 0.00999205
3.57 0.00997757
3.571 0.00996317
3.572 0.00994883
3.573 0.00993456
3.574 0.00992035
3.575 0.00990618
3.576 0.00989208
3.577 0.00987802
3.578 0.00986402
3.579 0.00985006
3.58 0.00983615
3.581 0.00982227
3.582 0.00980844
3.583 0.00979465
3.584 0.00978091
3.585 0.00976721
3.586 0.00975362
3.587 0.00974009
3.588 0.00972662
3.589 0.00971321
3.59 0.00969984
3.591 0.00968653
3.592 0.00967326
3.593 0.00966005
3.594 0.00964692
3.595 0.0096339
3.596 0.00962096
3.597 0.0096081
3.598 0.00959531
3.599 0.00958258
3.6 0.00956993
3.601 0.00955733
3.602 0.0095448
3.603 0.00953232
3.604 0.00951992
3.605 0.00950756
3.606 0.00949526
3.607 0.009483
3.608 0.00947079
3.609 0.00945862
3.61 0.0094465
3.611 0.00943444
3.612 0.00942244
3.613 0.0094105
3.614 0.0093986
3.615 0.00938675
3.616 0.00937495
3.617 0.00936321
3.618 0.00935151
3.619 0.00933986
3.62 0.00932827
3.621 0.00931671
3.622 0.0093052
3.623 0.00929372
3.624 0.00928228
3.625 0.00927088
3.626 0.00925953
3.627 0.00924822
3.628 0.00923694
3.629 0.0092257
3.63 0.00921449
3.631 0.00920333
3.632 0.00919221
3.633 0.00918113
3.634 0.00917008
3.635 0.00915907
3.636 0.00914809
3.637 0.00913715
3.638 0.00912626
3.639 0.00911542
3.64 0.00910464
3.641 0.0090939
3.642 0.00908321
3.643 0.00907261
3.644 0.00906207
3.645 0.00905159
3.646 0.00904116
3.647 0.00903079
3.648 0.00902047
3.649 0.00901022
3.65 0.00900002
3.651 0.00898989
3.652 0.0089798
3.653 0.00896977
3.654 0.0089598
3.655 0.00894991
3.656 0.00894008
3.657 0.00893034
3.658 0.00892067
3.659 0.00891107
3.66 0.00890152
3.661 0.00889203
3.662 0.00888259
3.663 0.00887321
3.664 0.00886389
3.665 0.00885461
3.666 0.00884538
3.667 0.00883619
3.668 0.00882704
3.669 0.00881792
3.67 0.00880884
3.671 0.00879979
3.672 0.00879078
3.673 0.0087818
3.674 0.00877285
3.675 0.00876393
3.676 0.00875503
3.677 0.00874617
3.678 0.00873732
3.679 0.00872849
3.68 0.00871969
3.681 0.0087109
3.682 0.00870214
3.683 0.0086934
3.684 0.00868468
3.685 0.00867597
3.686 0.00866728
3.687 0.00865862
3.688 0.00865
3.689 0.00864142
3.69 0.00863288
3.691 0.00862438
3.692 0.00861591
3.693 0.00860747
3.694 0.00859906
3.695 0.00859067
3.696 0.00858231
3.697 0.00857398
3.698 0.00856568
3.699 0.00855741
3.7 0.0085492
3.701 0.00854103
3.702 0.00853293
3.703 0.00852491
3.704 0.00851695
3.705 0.00850904
3.706 0.00850119
3.707 0.00849341
3.708 0.00848569
3.709 0.00847802
3.71 0.00847043
3.711 0.00846292
3.712 0.00845547
3.713 0.0084481
3.714 0.0084408
3.715 0.00843357
3.716 0.00842641
3.717 0.00841934
3.718 0.00841237
3.719 0.00840549
3.72 0.00839868
3.721 0.00839196
3.722 0.00838532
3.723 0.00837875
3.724 0.00837227
3.725 0.00836585
3.726 0.00835951
3.727 0.00835325
3.728 0.00834711
3.729 0.00834107
3.73 0.00833514
3.731 0.00832933
3.732 0.00832367
3.733 0.00831813
3.734 0.00831274
3.735 0.00830748
3.736 0.00830235
3.737 0.00829737
3.738 0.00829252
3.739 0.0082878
3.74 0.00828321
3.741 0.00827875
3.742 0.00827443
3.743 0.00827023
3.744 0.00826618
3.745 0.00826226
3.746 0.00825847
3.747 0.0082548
3.748 0.00825127
3.749 0.00824786
3.75 0.00824457
3.751 0.0082414
3.752 0.00823834
3.753 0.0082354
3.754 0.00823256
3.755 0.00822982
3.756 0.00822719
3.757 0.00822465
3.758 0.00822221
3.759 0.00821986
3.76 0.0082176
3.761 0.00821542
3.762 0.00821332
3.763 0.00821131
3.764 0.00820936
3.765 0.00820749
3.766 0.00820569
3.767 0.00820396
3.768 0.0082023
3.769 0.00820069
3.77 0.00819915
3.771 0.00819766
3.772 0.00819623
3.773 0.00819485
3.774 0.00819352
3.775 0.00819224
3.776 0.008191
3.777 0.00818981
3.778 0.00818867
3.779 0.00818756
3.78 0.00818649
3.781 0.00818546
3.782 0.00818446
3.783 0.0081835
3.784 0.00818258
3.785 0.0081817
3.786 0.00818085
3.787 0.00818004
3.788 0.00817925
3.789 0.0081785
3.79 0.00817778
3.791 0.00817708
3.792 0.00817641
3.793 0.00817576
3.794 0.00817514
3.795 0.00817454
3.796 0.00817396
3.797 0.0081734
3.798 0.00817286
3.799 0.00817234
3.8 0.00817183
3.801 0.00817134
3.802 0.00817086
3.803 0.0081704
3.804 0.00816995
3.805 0.00816951
3.806 0.00816908
3.807 0.00816867
3.808 0.00816826
3.809 0.00816787
3.81 0.00816748
3.811 0.00816711
3.812 0.00816674
3.813 0.00816637
3.814 0.00816602
3.815 0.00816567
3.816 0.00816533
3.817 0.008165
3.818 0.00816469
3.819 0.0081644
3.82 0.00816412
3.821 0.00816386
3.822 0.00816362
3.823 0.00816339
3.824 0.00816317
3.825 0.00816297
3.826 0.00816278
3.827 0.00816261
3.828 0.00816245
3.829 0.0081623
3.83 0.00816217
3.831 0.00816204
3.832 0.00816193
3.833 0.00816183
3.834 0.00816174
3.835 0.00816166
3.836 0.00816159
3.837 0.00816152
3.838 0.00816147
3.839 0.00816142
3.84 0.00816138
3.841 0.00816135
3.842 0.00816132
3.843 0.0081613
3.844 0.00816129
3.845 0.00816128
3.846 0.00816127
3.847 0.00816127
3.848 0.00816128
3.849 0.00816128
3.85 0.00816129
3.851 0.00816131
3.852 0.00816133
3.853 0.00816134
3.854 0.00816137
3.855 0.00816139
3.856 0.00816141
3.857 0.00816144
3.858 0.00816147
3.859 0.0081615
3.86 0.00816153
3.861 0.00816156
3.862 0.00816159
3.863 0.00816162
3.864 0.00816165
3.865 0.00816168
3.866 0.00816171
3.867 0.00816175
3.868 0.00816178
3.869 0.00816181
3.87 0.00816184
3.871 0.00816187
3.872 0.0081619
3.873 0.00816193
3.874 0.00816195
3.875 0.00816198
3.876 0.00816201
3.877 0.00816203
3.878 0.00816206
3.879 0.00816208
3.88 0.00816211
3.881 0.00816213
3.882 0.00816215
3.883 0.00816217
3.884 0.00816219
3.885 0.00816221
3.886 0.00816223
3.887 0.00816224
3.888 0.00816226
3.889 0.00816227
3.89 0.00816229
3.891 0.0081623
3.892 0.00816231
3.893 0.00816232
3.894 0.00816233
3.895 0.00816234
3.896 0.00816235
3.897 0.00816236
3.898 0.00816237
3.899 0.00816237
3.9 0.00816238
3.901 0.00816238
3.902 0.00816239
3.903 0.00816239
3.904 0.00816239
3.905 0.00816239
3.906 0.00816239
3.907 0.00816239
3.908 0.00816239
3.909 0.00816239
3.91 0.00816239
3.911 0.00816239
3.912 0.00816239
3.913 0.00816238
3.914 0.00816238
3.915 0.00816238
3.916 0.00816237
3.917 0.00816237
3.918 0.00816236
3.919 0.00816236
3.92 0.00816235
3.921 0.00816234
3.922 0.00816234
3.923 0.00816233
3.924 0.00816232
3.925 0.00816231
3.926 0.0081623
3.927 0.0081623
3.928 0.00816229
3.929 0.00816228
3.93 0.00816227
3.931 0.00816226
3.932 0.00816225
3.933 0.00816224
3.934 0.00816222
3.935 0.00816221
3.936 0.0081622
3.937 0.00816219
3.938 0.00816218
3.939 0.00816217
3.94 0.00816215
3.941 0.00816214
3.942 0.00816213
3.943 0.00816212
3.944 0.0081621
3.945 0.00816209
3.946 0.00816208
3.947 0.00816206
3.948 0.00816205
3.949 0.00816203
3.95 0.00816202
3.951 0.00816201
3.952 0.00816199
3.953 0.00816198
3.954 0.00816196
3.955 0.00816195
3.956 0.00816193
3.957 0.00816192
3.958 0.0081619
3.959 0.00816188
3.96 0.00816187
3.961 0.00816185
3.962 0.00816184
3.963 0.00816182
3.964 0.00816181
3.965 0.00816179
3.966 0.00816177
3.967 0.00816176
3.968 0.00816174
3.969 0.00816172
3.97 0.00816171
3.971 0.00816169
3.972 0.00816167
3.973 0.00816165
3.974 0.00816164
3.975 0.00816162
3.976 0.0081616
3.977 0.00816159
3.978 0.00816157
3.979 0.00816155
3.98 0.00816153
3.981 0.00816151
3.982 0.0081615
3.983 0.00816148
3.984 0.00816146
3.985 0.00816144
3.986 0.00816142
3.987 0.00816141
3.988 0.00816139
3.989 0.00816137
3.99 0.00816135
3.991 0.00816133
3.992 0.00816131
3.993 0.00816129
3.994 0.00816128
3.995 0.00816126
3.996 0.00816124
3.997 0.00816122
3.998 0.0081612
3.999 0.00816118
4 0.00816116
4.001 0.00816114
4.002 0.00816112
4.003 0.0081611
4.004 0.00816108
4.005 0.00816106
4.006 0.00816104
4.007 0.00816103
4.008 0.00816101
4.009 0.00816099
4.01 0.00816097
4.011 0.00816095
4.012 0.00816093
4.013 0.0081609
4.014 0.00816088
4.015 0.00816086
4.016 0.00816084
4.017 0.00816082
4.018 0.0081608
4.019 0.00816078
4.02 0.00816076
4.021 0.00816074
4.022 0.00816072
4.023 0.0081607
4.024 0.00816068
4.025 0.00816066
4.026 0.00816064
4.027 0.00816062
4.028 0.0081606
4.029 0.00816058
4.03 0.00816056
4.031 0.00816053
4.032 0.00816051
4.033 0.00816049
4.034 0.00816047
4.035 0.00816045
4.036 0.00816043
4.037 0.00816041
4.038 0.00816039
4.039 0.00816037
4.04 0.00816035
4.041 0.00816032
4.042 0.0081603
4.043 0.00816028
4.044 0.00816026
4.045 0.00816024
4.046 0.00816022
4.047 0.0081602
4.048 0.00816018
4.049 0.00816016
4.05 0.00816014
4.051 0.00816011
4.052 0.00816009
4.053 0.00816007
4.054 0.00816005
4.055 0.00816003
4.056 0.00816001
4.057 0.00815999
4.058 0.00815997
4.059 0.00815994
4.06 0.00815992
4.061 0.0081599
4.062 0.00815988
4.063 0.00815986
4.064 0.00815984
4.065 0.00815982
4.066 0.0081598
4.067 0.00815977
4.068 0.00815975
4.069 0.00815973
4.07 0.00815971
4.071 0.00815969
4.072 0.00815967
4.073 0.00815965
4.074 0.00815963
4.075 0.0081596
4.076 0.00815958
4.077 0.00815956
4.078 0.00815954
4.079 0.00815952
4.08 0.0081595
4.081 0.00815948
4.082 0.00815945
4.083 0.00815943
4.084 0.00815941
4.085 0.00815939
4.086 0.00815937
4.087 0.00815935
4.088 0.00815933
4.089 0.0081593
4.09 0.00815928
4.091 0.00815926
4.092 0.00815924
4.093 0.00815922
4.094 0.0081592
4.095 0.00815917
4.096 0.00815915
4.097 0.00815913
4.098 0.00815911
4.099 0.00815909
4.1 0.00815907
4.101 0.00815904
4.102 0.00815902
4.103 0.008159
4.104 0.00815898
4.105 0.00815896
4.106 0.00815894
4.107 0.00815892
4.108 0.00815889
4.109 0.00815887
4.11 0.00815885
4.111 0.00815883
4.112 0.00815881
4.113 0.00815879
4.114 0.00815876
4.115 0.00815874
4.116 0.00815872
4.117 0.0081587
4.118 0.00815868
4.119 0.00815866
4.12 0.00815863
4.121 0.00815861
4.122 0.00815859
4.123 0.00815857
4.124 0.00815855
4.125 0.00815853
4.126 0.0081585
4.127 0.00815848
4.128 0.00815846
4.129 0.00815844
4.13 0.00815842
4.131 0.0081584
4.132 0.00815837
4.133 0.00815835
4.134 0.00815833
4.135 0.00815831
4.136 0.00815829
4.137 0.00815827
4.138 0.00815825
4.139 0.00815822
4.14 0.0081582
4.141 0.00815818
4.142 0.00815816
4.143 0.00815814
4.144 0.00815812
4.145 0.00815809
4.146 0.00815807
4.147 0.00815805
4.148 0.00815803
4.149 0.00815801
4.15 0.00815799
4.151 0.00815797
4.152 0.00815794
4.153 0.00815792
4.154 0.0081579
4.155 0.00815788
4.156 0.00815786
4.157 0.00815784
4.158 0.00815781
4.159 0.00815779
4.16 0.00815777
4.161 0.00815775
4.162 0.00815773
4.163 0.00815771
4.164 0.00815769
4.165 0.00815766
4.166 0.00815764
4.167 0.00815762
4.168 0.0081576
4.169 0.00815758
4.17 0.00815756
4.171 0.00815754
4.172 0.00815751
4.173 0.00815749
4.174 0.00815747
4.175 0.00815745
4.176 0.00815743
4.177 0.00815741
4.178 0.00815739
4.179 0.00815736
4.18 0.00815734
4.181 0.00815732
4.182 0.0081573
4.183 0.00815728
4.184 0.00815726
4.185 0.00815724
4.186 0.00815722
4.187 0.00815719
4.188 0.00815717
4.189 0.00815715
4.19 0.00815713
4.191 0.00815711
4.192 0.00815709
4.193 0.00815707
4.194 0.00815705
4.195 0.00815702
4.196 0.008157
4.197 0.00815698
4.198 0.00815696
4.199 0.00815694
4.2 0.00815692
4.201 0.0081569
4.202 0.00815688
4.203 0.00815686
4.204 0.00815683
4.205 0.00815681
4.206 0.00815679
4.207 0.00815677
4.208 0.00815675
4.209 0.00815673
4.21 0.00815671
4.211 0.00815669
4.212 0.00815667
4.213 0.00815665
4.214 0.00815662
4.215 0.0081566
4.216 0.00815658
4.217 0.00815656
4.218 0.00815654
4.219 0.00815652
4.22 0.0081565
4.221 0.00815648
4.222 0.00815646
4.223 0.00815644
4.224 0.00815641
4.225 0.00815639
4.226 0.00815637
4.227 0.00815635
4.228 0.00815633
4.229 0.00815631
4.23 0.00815629
4.231 0.00815627
4.232 0.00815625
4.233 0.00815623
4.234 0.00815621
4.235 0.00815619
4.236 0.00815617
4.237 0.00815614
4.238 0.00815612
4.239 0.0081561
4.24 0.00815608
4.241 0.00815606
4.242 0.00815604
4.243 0.00815602
4.244 0.008156
4.245 0.00815598
4.246 0.00815596
4.247 0.00815594
4.248 0.00815592
4.249 0.0081559
4.25 0.00815588
4.251 0.00815586
4.252 0.00815584
4.253 0.00815582
4.254 0.00815579
4.255 0.00815577
4.256 0.00815575
4.257 0.00815573
4.258 0.00815571
4.259 0.00815569
4.26 0.00815567
4.261 0.00815565
4.262 0.00815563
4.263 0.00815561
4.264 0.00815559
4.265 0.00815557
4.266 0.00815555
4.267 0.00815553
4.268 0.00815551
4.269 0.00815549
4.27 0.00815547
4.271 0.00815545
4.272 0.00815543
4.273 0.00815541
4.274 0.00815539
4.275 0.00815537
4.276 0.00815535
4.277 0.00815533
4.278 0.00815531
4.279 0.00815529
4.28 0.00815527
4.281 0.00815525
4.282 0.00815523
4.283 0.00815521
4.284 0.00815519
4.285 0.00815517
4.286 0.00815515
4.287 0.00815513
4.288 0.00815511
4.289 0.00815509
4.29 0.00815507
4.291 0.00815505
4.292 0.00815503
4.293 0.00815501
4.294 0.00815499
4.295 0.00815497
4.296 0.00815495
4.297 0.00815493
4.298 0.00815491
4.299 0.00815489
4.3 0.00815487
4.301 0.00815485
4.302 0.00815483
4.303 0.00815481
4.304 0.00815479
4.305 0.00815477
4.306 0.00815475
4.307 0.00815473
4.308 0.00815471
4.309 0.00815469
4.31 0.00815467
4.311 0.00815465
4.312 0.00815463
4.313 0.00815461
4.314 0.00815459
4.315 0.00815457
4.316 0.00815455
4.317 0.00815453
4.318 0.00815451
4.319 0.00815449
4.32 0.00815447
4.321 0.00815445
4.322 0.00815443
4.323 0.00815441
4.324 0.00815439
4.325 0.00815437
4.326 0.00815435
4.327 0.00815433
4.328 0.00815431
4.329 0.0081543
4.33 0.00815428
4.331 0.00815426
4.332 0.00815424
4.333 0.00815422
4.334 0.0081542
4.335 0.00815418
4.336 0.00815416
4.337 0.00815414
4.338 0.00815412
4.339 0.0081541
4.34 0.00815408
4.341 0.00815406
4.342 0.00815404
4.343 0.00815402
4.344 0.00815401
4.345 0.00815399
4.346 0.00815397
4.347 0.00815395
4.348 0.00815393
4.349 0.00815391
4.35 0.00815389
4.351 0.00815387
4.352 0.00815385
4.353 0.00815383
4.354 0.00815381
4.355 0.00815379
4.356 0.00815378
4.357 0.00815376
4.358 0.00815374
4.359 0.00815372
4.36 0.0081537
4.361 0.00815368
4.362 0.00815366
4.363 0.00815364
4.364 0.00815362
4.365 0.0081536
4.366 0.00815359
4.367 0.00815357
4.368 0.00815355
4.369 0.00815353
4.37 0.00815351
4.371 0.00815349
4.372 0.00815347
4.373 0.00815345
4.374 0.00815343
4.375 0.00815342
4.376 0.0081534
4.377 0.00815338
4.378 0.00815336
4.379 0.00815334
4.38 0.00815332
4.381 0.0081533
4.382 0.00815328
4.383 0.00815327
4.384 0.00815325
4.385 0.00815323
4.386 0.00815321
4.387 0.00815319
4.388 0.00815317
4.389 0.00815315
4.39 0.00815314
4.391 0.00815312
4.392 0.0081531
4.393 0.00815308
4.394 0.00815306
4.395 0.00815304
4.396 0.00815302
4.397 0.00815301
4.398 0.00815299
4.399 0.00815297
4.4 0.00815295
4.401 0.00815293
4.402 0.00815291
4.403 0.0081529
4.404 0.00815288
4.405 0.00815286
4.406 0.00815284
4.407 0.00815282
4.408 0.0081528
4.409 0.00815279
4.41 0.00815277
4.411 0.00815275
4.412 0.00815273
4.413 0.00815271
4.414 0.00815269
4.415 0.00815268
4.416 0.00815266
4.417 0.00815264
4.418 0.00815262
4.419 0.0081526
4.42 0.00815259
4.421 0.00815257
4.422 0.00815255
4.423 0.00815253
4.424 0.00815251
4.425 0.0081525
4.426 0.00815248
4.427 0.00815246
4.428 0.00815244
4.429 0.00815242
4.43 0.00815241
4.431 0.00815239
4.432 0.00815237
4.433 0.00815235
4.434 0.00815233
4.435 0.00815232
4.436 0.0081523
4.437 0.00815228
4.438 0.00815226
4.439 0.00815224
4.44 0.00815223
4.441 0.00815221
4.442 0.00815219
4.443 0.00815217
4.444 0.00815216
4.445 0.00815214
4.446 0.00815212
4.447 0.0081521
4.448 0.00815208
4.449 0.00815207
4.45 0.00815205
4.451 0.00815203
4.452 0.00815201
4.453 0.008152
4.454 0.00815198
4.455 0.00815196
4.456 0.00815194
4.457 0.00815193
4.458 0.00815191
4.459 0.00815189
4.46 0.00815187
4.461 0.00815186
4.462 0.00815184
4.463 0.00815182
4.464 0.0081518
4.465 0.00815179
4.466 0.00815177
4.467 0.00815175
4.468 0.00815173
4.469 0.00815172
4.47 0.0081517
4.471 0.00815168
4.472 0.00815166
4.473 0.00815165
4.474 0.00815163
4.475 0.00815161
4.476 0.00815159
4.477 0.00815158
4.478 0.00815156
4.479 0.00815154
4.48 0.00815152
4.481 0.00815151
4.482 0.00815149
4.483 0.00815147
4.484 0.00815146
4.485 0.00815144
4.486 0.00815142
4.487 0.0081514
4.488 0.00815139
4.489 0.00815137
4.49 0.00815135
4.491 0.00815134
4.492 0.00815132
4.493 0.0081513
4.494 0.00815128
4.495 0.00815127
4.496 0.00815125
4.497 0.00815123
4.498 0.00815122
4.499 0.0081512
