0 -0.00135722
0.001 -0.00201369
0.002 -0.00263518
0.003 -0.00328175
0.004 -0.00395388
0.005 -0.00457866
0.006 -0.00517242
0.007 -0.0057382
0.008 -0.00628933
0.009 -0.00682433
0.01 -0.00734318
0.011 -0.00784788
0.012 -0.0083417
0.013 -0.00882115
0.014 -0.00928814
0.015 -0.00974396
0.016 -0.0101888
0.017 -0.0106226
0.018 -0.0110455
0.019 -0.0114572
0.02 -0.0118641
0.021 -0.012257
0.022 -0.0126463
0.023 -0.0130302
0.024 -0.0134039
0.025 -0.0137728
0.026 -0.0141378
0.027 -0.0144918
0.028 -0.0148393
0.029 -0.0151815
0.03 -0.0155215
0.031 -0.0158577
0.032 -0.0161792
0.033 -0.0164987
0.034 -0.0168142
0.035 -0.0171241
0.036 -0.0174266
0.037 -0.0177251
0.038 -0.0180179
0.039 -0.0183111
0.04 -0.0186055
0.041 -0.0188929
0.042 -0.0191757
0.043 -0.0194531
0.044 -0.0197148
0.045 -0.0199877
0.046 -0.0202563
0.047 -0.0205135
0.048 -0.0207689
0.049 -0.0210238
0.05 -0.0212819
0.051 -0.0215263
0.052 -0.0217695
0.053 -0.0220052
0.054 -0.0222414
0.055 -0.0224769
0.056 -0.02271
0.057 -0.0229422
0.058 -0.0231699
0.059 -0.0233959
0.06 -0.0236167
0.061 -0.023837
0.062 -0.0240502
0.063 -0.0242611
0.064 -0.024473
0.065 -0.0246872
0.066 -0.0249027
0.067 -0.0251127
0.068 -0.0253165
0.069 -0.0255129
0.07 -0.0257168
0.071 -0.0259092
0.072 -0.026101
0.073 -0.0263035
0.074 -0.026493
0.075 -0.0266817
0.076 -0.026861
0.077 -0.0270498
0.078 -0.0272371
0.079 -0.027422
0.08 -0.0276025
0.081 -0.0277826
0.082 -0.0279595
0.083 -0.028134
0.084 -0.0283037
0.085 -0.0284682
0.086 -0.0286395
0.087 -0.0288174
0.088 -0.0289873
0.089 -0.0291401
0.09 -0.0293125
0.091 -0.0294747
0.092 -0.0296348
0.093 -0.0298001
0.094 -0.0299504
0.095 -0.0301042
0.096 -0.0302518
0.097 -0.0304026
0.098 -0.0305613
0.099 -0.0307123
0.1 -0.0308593
0.101 -0.0310127
0.102 -0.0311526
0.103 -0.031292
0.104 -0.0314414
0.105 -0.0315936
0.106 -0.03174
0.107 -0.031877
0.108 -0.0320204
0.109 -0.0321569
0.11 -0.0322931
0.111 -0.0324369
0.112 -0.032566
0.113 -0.0326942
0.114 -0.0328306
0.115 -0.0329671
0.116 -0.0330997
0.117 -0.0332318
0.118 -0.0333606
0.119 -0.0334908
0.12 -0.0336111
0.121 -0.0337341
0.122 -0.0338676
0.123 -0.0340016
0.124 -0.0341123
0.125 -0.0342412
0.126 -0.0343597
0.127 -0.0344823
0.128 -0.034603
0.129 -0.0347191
0.13 -0.0348297
0.131 -0.0349413
0.132 -0.0350634
0.133 -0.0351794
0.134 -0.0352937
0.135 -0.0354046
0.136 -0.0355115
0.137 -0.0356247
0.138 -0.0357454
0.139 -0.035859
0.14 -0.0359646
0.141 -0.0360799
0.142 -0.0361766
0.143 -0.0362911
0.144 -0.0363982
0.145 -0.0364948
0.146 -0.0366021
0.147 -0.0367143
0.148 -0.0368188
0.149 -0.036921
0.15 -0.0370292
0.151 -0.0371213
0.152 -0.03722
0.153 -0.0373221
0.154 -0.0374371
0.155 -0.0375232
0.156 -0.0376288
0.157 -0.0377232
0.158 -0.0378269
0.159 -0.0379187
0.16 -0.0380058
0.161 -0.0380974
0.162 -0.0381915
0.163 -0.0382922
0.164 -0.038379
0.165 -0.0384758
0.166 -0.0385573
0.167 -0.0386539
0.168 -0.0387551
0.169 -0.0388459
0.17 -0.0389323
0.171 -0.0390244
0.172 -0.0391102
0.173 -0.0392047
0.174 -0.0392852
0.175 -0.0393661
0.176 -0.0394586
0.177 -0.0395504
0.178 -0.0396337
0.179 -0.0397247
0.18 -0.0397991
0.181 -0.0398814
0.182 -0.0399677
0.183 -0.0400614
0.184 -0.0401302
0.185 -0.040219
0.186 -0.0403011
0.187 -0.0403849
0.188 -0.0404582
0.189 -0.0405305
0.19 -0.0406095
0.191 -0.040691
0.192 -0.0407655
0.193 -0.0408468
0.194 -0.0409143
0.195 -0.0409965
0.196 -0.0410841
0.197 -0.041161
0.198 -0.0412366
0.199 -0.0413006
0.2 -0.0413798
0.201 -0.0414553
0.202 -0.04152
0.203 -0.0415966
0.204 -0.0416748
0.205 -0.0417516
0.206 -0.0418239
0.207 -0.0418888
0.208 -0.0419568
0.209 -0.0420321
0.21 -0.0421098
0.211 -0.0421715
0.212 -0.0422453
0.213 -0.0423167
0.214 -0.0423868
0.215 -0.0424433
0.216 -0.0425095
0.217 -0.0425767
0.218 -0.0426517
0.219 -0.0427117
0.22 -0.0427769
0.221 -0.042832
0.222 -0.0429158
0.223 -0.0429842
0.224 -0.043048
0.225 -0.0431143
0.226 -0.0431778
0.227 -0.0432451
0.228 -0.0432962
0.229 -0.0433598
0.23 -0.0434316
0.231 -0.0434993
0.232 -0.043561
0.233 -0.043616
0.234 -0.0436754
0.235 -0.0437431
0.236 -0.043814
0.237 -0.0438675
0.238 -0.0439259
0.239 -0.04399
0.24 -0.0440485
0.241 -0.0440994
0.242 -0.0441513
0.243 -0.0442166
0.244 -0.0442785
0.245 -0.044337
0.246 -0.0443831
0.247 -0.0444476
0.248 -0.0445143
0.249 -0.044564
0.25 -0.0446301
0.251 -0.0446764
0.252 -0.0447393
0.253 -0.044792
0.254 -0.0448434
0.255 -0.0449032
0.256 -0.0449631
0.257 -0.0450161
0.258 -0.0450667
0.259 -0.0451154
0.26 -0.0451777
0.261 -0.045241
0.262 -0.0452904
0.263 -0.0453385
0.264 -0.0453965
0.265 -0.0454426
0.266 -0.0454902
0.267 -0.0455376
0.268 -0.0455955
0.269 -0.0456412
0.27 -0.0456974
0.271 -0.0457345
0.272 -0.0457989
0.273 -0.0458509
0.274 -0.0459007
0.275 -0.0459481
0.276 -0.0459945
0.277 -0.0460473
0.278 -0.0460896
0.279 -0.0461456
0.28 -0.0461992
0.281 -0.0462418
0.282 -0.0463001
0.283 -0.0463372
0.284 -0.0463886
0.285 -0.0464472
0.286 -0.0464853
0.287 -0.0465343
0.288 -0.0465789
0.289 -0.0466257
0.29 -0.0466655
0.291 -0.0467075
0.292 -0.0467586
0.293 -0.0467993
0.294 -0.04685
0.295 -0.0468814
0.296 -0.0469408
0.297 -0.0469831
0.298 -0.0470308
0.299 -0.0470656
0.3 -0.0471154
0.301 -0.0471581
0.302 -0.0471945
0.303 -0.047244
0.304 -0.0472954
0.305 -0.0473334
0.306 -0.0473783
0.307 -0.0474122
0.308 -0.0474654
0.309 -0.0475166
0.31 -0.0475533
0.311 -0.0475909
0.312 -0.0476335
0.313 -0.0476739
0.314 -0.0477076
0.315 -0.0477467
0.316 -0.0477944
0.317 -0.0478339
0.318 -0.0478644
0.319 -0.0479094
0.32 -0.0479604
0.321 -0.0479911
0.322 -0.0480423
0.323 -0.0480717
0.324 -0.0481179
0.325 -0.0481431
0.326 -0.048186
0.327 -0.0482326
0.328 -0.0482678
0.329 -0.0483164
0.33 -0.0483436
0.331 -0.0483856
0.332 -0.0484328
0.333 -0.0484675
0.334 -0.0485015
0.335 -0.0485413
0.336 -0.0485737
0.337 -0.0486045
0.338 -0.0486377
0.339 -0.0486796
0.34 -0.0487175
0.341 -0.0487433
0.342 -0.0487844
0.343 -0.0488318
0.344 -0.0488583
0.345 -0.0489021
0.346 -0.0489323
0.347 -0.048968
0.348 -0.0489951
0.349 -0.0490383
0.35 -0.0490776
0.351 -0.0491067
0.352 -0.0491459
0.353 -0.0491705
0.354 -0.0492162
0.355 -0.0492561
0.356 -0.0492873
0.357 -0.0493173
0.358 -0.0493558
0.359 -0.0493734
0.36 -0.0494033
0.361 -0.0494365
0.362 -0.0494734
0.363 -0.0495092
0.364 -0.0495277
0.365 -0.0495758
0.366 -0.0496083
0.367 -0.0496471
0.368 -0.0496675
0.369 -0.0497015
0.37 -0.0497365
0.371 -0.0497631
0.372 -0.0498007
0.373 -0.0498378
0.374 -0.0498702
0.375 -0.0498889
0.376 -0.0499226
0.377 -0.0499667
0.378 -0.0499907
0.379 -0.0500164
0.38 -0.0500557
0.381 -0.050076
0.382 -0.050102
0.383 -0.0501283
0.384 -0.0501656
0.385 -0.0501947
0.386 -0.0502138
0.387 -0.0502501
0.388 -0.0502894
0.389 -0.0503171
0.39 -0.0503373
0.391 -0.0503707
0.392 -0.0503969
0.393 -0.0504189
0.394 -0.0504541
0.395 -0.0504908
0.396 -0.0505216
0.397 -0.0505432
0.398 -0.0505707
0.399 -0.050613
0.4 -0.0506297
0.401 -0.0506557
0.402 -0.05069
0.403 -0.0507069
0.404 -0.0507297
0.405 -0.050754
0.406 -0.0507884
0.407 -0.0508161
0.408 -0.0508318
0.409 -0.0508645
0.41 -0.0509009
0.411 -0.050924
0.412 -0.0509402
0.413 -0.0509749
0.414 -0.0509987
0.415 -0.0510213
0.416 -0.0510533
0.417 -0.0510854
0.418 -0.051112
0.419 -0.0511258
0.42 -0.0511551
0.421 -0.0511913
0.422 -0.0512139
0.423 -0.0512354
0.424 -0.0512616
0.425 -0.0512833
0.426 -0.0513012
0.427 -0.0513229
0.428 -0.0513565
0.429 -0.0513806
0.43 -0.0513903
0.431 -0.0514311
0.432 -0.0514572
0.433 -0.0514835
0.434 -0.0514925
0.435 -0.0515219
0.436 -0.0515375
0.437 -0.0515616
0.438 -0.0515927
0.439 -0.0516145
0.44 -0.0516464
0.441 -0.0516576
0.442 -0.0516929
0.443 -0.0517165
0.444 -0.051743
0.445 -0.0517614
0.446 -0.0517854
0.447 -0.051798
0.448 -0.0518173
0.449 -0.0518468
0.45 -0.0518621
0.451 -0.0518787
0.452 -0.0519014
0.453 -0.0519406
0.454 -0.0519529
0.455 -0.0519797
0.456 -0.0519963
0.457 -0.0520181
0.458 -0.0520322
0.459 -0.0520608
0.46 -0.0520911
0.461 -0.0521136
0.462 -0.0521217
0.463 -0.0521473
0.464 -0.0521782
0.465 -0.0521995
0.466 -0.0522161
0.467 -0.0522363
0.468 -0.0522543
0.469 -0.0522632
0.47 -0.0522842
0.471 -0.052308
0.472 -0.0523339
0.473 -0.0523377
0.474 -0.0523794
0.475 -0.0523967
0.476 -0.0524241
0.477 -0.0524321
0.478 -0.0524586
0.479 -0.0524674
0.48 -0.0524974
0.481 -0.0525234
0.482 -0.0525392
0.483 -0.0525563
0.484 -0.0525731
0.485 -0.0526074
0.486 -0.0526152
0.487 -0.0526326
0.488 -0.0526576
0.489 -0.0526694
0.49 -0.0526831
0.491 -0.0526974
0.492 -0.0527249
0.493 -0.0527432
0.494 -0.0527479
0.495 -0.0527832
0.496 -0.0528026
0.497 -0.0528236
0.498 -0.0528308
0.499 -0.052854
0.5 -0.0528625
0.501 -0.0528878
0.502 -0.0529126
0.503 -0.0529253
0.504 -0.0529413
0.505 -0.0529564
0.506 -0.0529906
0.507 -0.0529951
0.508 -0.0530154
0.509 -0.0530366
0.51 -0.0530465
0.511 -0.0530591
0.512 -0.053073
0.513 -0.0530997
0.514 -0.0531148
0.515 -0.0531186
0.516 -0.0531522
0.517 -0.0531706
0.518 -0.0531909
0.519 -0.0531963
0.52 -0.0532182
0.521 -0.0532246
0.522 -0.0532495
0.523 -0.0532729
0.524 -0.0532848
0.525 -0.0533015
0.526 -0.0533149
0.527 -0.0533467
0.528 -0.0533511
0.529 -0.0533631
0.53 -0.0533869
0.531 -0.0533958
0.532 -0.0534036
0.533 -0.0534151
0.534 -0.0534345
0.535 -0.0534559
0.536 -0.0534549
0.537 -0.0534922
0.538 -0.0535026
0.539 -0.0535272
0.54 -0.0535316
0.541 -0.0535496
0.542 -0.0535544
0.543 -0.0535805
0.544 -0.053599
0.545 -0.0536186
0.546 -0.0536179
0.547 -0.0536391
0.548 -0.053661
0.549 -0.0536785
0.55 -0.0536856
0.551 -0.0537015
0.552 -0.0537067
0.553 -0.0537113
0.554 -0.0537391
0.555 -0.0537459
0.556 -0.0537554
0.557 -0.0537703
0.558 -0.0538029
0.559 -0.053808
0.56 -0.053821
0.561 -0.0538354
0.562 -0.0538504
0.563 -0.0538608
0.564 -0.0538793
0.565 -0.0538967
0.566 -0.0539182
0.567 -0.0539173
0.568 -0.0539428
0.569 -0.0539573
0.57 -0.0539729
0.571 -0.053982
0.572 -0.0539954
0.573 -0.0539974
0.574 -0.0540089
0.575 -0.0540277
0.576 -0.0540418
0.577 -0.0540396
0.578 -0.054066
0.579 -0.0540823
0.58 -0.0540993
0.581 -0.0541004
0.582 -0.0541153
0.583 -0.0541215
0.584 -0.0541408
0.585 -0.0541617
0.586 -0.0541684
0.587 -0.054182
0.588 -0.054193
0.589 -0.054221
0.59 -0.054223
0.591 -0.0542328
0.592 -0.0542486
0.593 -0.0542563
0.594 -0.054257
0.595 -0.0542705
0.596 -0.0542853
0.597 -0.0542985
0.598 -0.0542971
0.599 -0.0543317
0.6 -0.054334
0.601 -0.0543515
0.602 -0.0543605
0.603 -0.054371
0.604 -0.0543785
0.605 -0.0543968
0.606 -0.0544169
0.607 -0.0544326
0.608 -0.0544316
0.609 -0.0544529
0.61 -0.0544659
0.611 -0.0544796
0.612 -0.0544865
0.613 -0.0544916
0.614 -0.0544955
0.615 -0.0545035
0.616 -0.054523
0.617 -0.0545322
0.618 -0.0545315
0.619 -0.0545562
0.62 -0.0545728
0.621 -0.054585
0.622 -0.0545861
0.623 -0.0546007
0.624 -0.0546036
0.625 -0.0546213
0.626 -0.0546384
0.627 -0.054652
0.628 -0.0546532
0.629 -0.0546644
0.63 -0.054684
0.631 -0.0546975
0.632 -0.0546998
0.633 -0.0547106
0.634 -0.0547122
0.635 -0.0547167
0.636 -0.0547373
0.637 -0.0547386
0.638 -0.0547467
0.639 -0.0547605
0.64 -0.0547834
0.641 -0.0547912
0.642 -0.0547923
0.643 -0.0547987
0.644 -0.0548081
0.645 -0.0548145
0.646 -0.0548374
0.647 -0.0548407
0.648 -0.0548531
0.649 -0.0548588
0.65 -0.0548855
0.651 -0.0548838
0.652 -0.0548916
0.653 -0.0549077
0.654 -0.0549128
0.655 -0.0549102
0.656 -0.0549204
0.657 -0.0549343
0.658 -0.0549442
0.659 -0.0549405
0.66 -0.0549728
0.661 -0.0549733
0.662 -0.0549868
0.663 -0.0549925
0.664 -0.0550027
0.665 -0.0550088
0.666 -0.0550211
0.667 -0.0550315
0.668 -0.0550521
0.669 -0.0550461
0.67 -0.0550678
0.671 -0.0550677
0.672 -0.0550839
0.673 -0.0550937
0.674 -0.0550912
0.675 -0.0550979
0.676 -0.0551028
0.677 -0.0551214
0.678 -0.0551298
0.679 -0.0551226
0.68 -0.0551531
0.681 -0.0551569
0.682 -0.0551713
0.683 -0.0551697
0.684 -0.0551778
0.685 -0.0551811
0.686 -0.055198
0.687 -0.0552136
0.688 -0.0552226
0.689 -0.0552213
0.69 -0.0552402
0.691 -0.0552487
0.692 -0.055258
0.693 -0.0552616
0.694 -0.0552651
0.695 -0.0552643
0.696 -0.0552703
0.697 -0.0552888
0.698 -0.0552927
0.699 -0.0552913
0.7 -0.0553159
0.701 -0.0553246
0.702 -0.0553383
0.703 -0.055334
0.704 -0.0553429
0.705 -0.0553409
0.706 -0.0553579
0.707 -0.0553726
0.708 -0.0553828
0.709 -0.0553799
0.71 -0.0553944
0.711 -0.0554084
0.712 -0.0554175
0.713 -0.0554172
0.714 -0.0554262
0.715 -0.0554224
0.716 -0.0554267
0.717 -0.0554407
0.718 -0.0554479
0.719 -0.0554427
0.72 -0.0554674
0.721 -0.055476
0.722 -0.0554877
0.723 -0.0554843
0.724 -0.0554936
0.725 -0.0554912
0.726 -0.0555069
0.727 -0.05552
0.728 -0.0555301
0.729 -0.0555254
0.73 -0.0555387
0.731 -0.0555571
0.732 -0.0555615
0.733 -0.0555632
0.734 -0.0555697
0.735 -0.0555653
0.736 -0.0555698
0.737 -0.0555827
0.738 -0.0555896
0.739 -0.0555826
0.74 -0.0556048
0.741 -0.0556162
0.742 -0.0556256
0.743 -0.0556224
0.744 -0.0556306
0.745 -0.0556279
0.746 -0.0556431
0.747 -0.0556558
0.748 -0.0556654
0.749 -0.0556608
0.75 -0.0556747
0.751 -0.0556891
0.752 -0.055696
0.753 -0.0556943
0.754 -0.0557022
0.755 -0.0556973
0.756 -0.0557004
0.757 -0.0557143
0.758 -0.0557193
0.759 -0.0557144
0.76 -0.055737
0.761 -0.0557433
0.762 -0.0557558
0.763 -0.0557495
0.764 -0.0557566
0.765 -0.0557531
0.766 -0.0557684
0.767 -0.0557814
0.768 -0.0557902
0.769 -0.0557857
0.77 -0.0558001
0.771 -0.0558094
0.772 -0.0558158
0.773 -0.0558172
0.774 -0.0558181
0.775 -0.0558147
0.776 -0.0558188
0.777 -0.0558347
0.778 -0.0558368
0.779 -0.0558332
0.78 -0.0558569
0.781 -0.0558582
0.782 -0.0558714
0.783 -0.0558652
0.784 -0.0558709
0.785 -0.0558705
0.786 -0.0558852
0.787 -0.0558982
0.788 -0.0559065
0.789 -0.0558978
0.79 -0.0559162
0.791 -0.0559182
0.792 -0.0559249
0.793 -0.0559258
0.794 -0.0559232
0.795 -0.0559271
0.796 -0.0559288
0.797 -0.0559406
0.798 -0.0559483
0.799 -0.0559372
0.8 -0.0559646
0.801 -0.0559589
0.802 -0.0559749
0.803 -0.055971
0.804 -0.0559753
0.805 -0.0559792
0.806 -0.0559889
0.807 -0.0559939
0.808 -0.0560072
0.809 -0.0559988
0.81 -0.0560172
0.811 -0.0560143
0.812 -0.0560222
0.813 -0.0560312
0.814 -0.0560285
0.815 -0.0560256
0.816 -0.0560276
0.817 -0.0560356
0.818 -0.0560428
0.819 -0.0560342
0.82 -0.0560591
0.821 -0.0560579
0.822 -0.0560586
0.823 -0.0560653
0.824 -0.0560732
0.825 -0.056069
0.826 -0.0560809
0.827 -0.0560861
0.828 -0.0560952
0.829 -0.0560931
0.83 -0.0561146
0.831 -0.0561098
0.832 -0.056111
0.833 -0.0561208
0.834 -0.0561165
0.835 -0.0561088
0.836 -0.056124
0.837 -0.0561248
0.838 -0.0561247
0.839 -0.0561317
0.84 -0.056153
0.841 -0.0561543
0.842 -0.0561482
0.843 -0.0561532
0.844 -0.0561539
0.845 -0.0561579
0.846 -0.0561768
0.847 -0.0561749
0.848 -0.0561829
0.849 -0.0561841
0.85 -0.0561993
0.851 -0.0562064
0.852 -0.0562025
0.853 -0.0562042
0.854 -0.0562037
0.855 -0.0562015
0.856 -0.0562202
0.857 -0.0562187
0.858 -0.0562146
0.859 -0.0562255
0.86 -0.0562354
0.861 -0.0562409
0.862 -0.0562345
0.863 -0.0562436
0.864 -0.0562399
0.865 -0.0562515
0.866 -0.0562608
0.867 -0.0562689
0.868 -0.0562597
0.869 -0.0562705
0.87 -0.0562863
0.871 -0.0562874
0.872 -0.0562868
0.873 -0.0562902
0.874 -0.0562833
0.875 -0.0562841
0.876 -0.0562963
0.877 -0.0562992
0.878 -0.0562923
0.879 -0.0563133
0.88 -0.0563121
0.881 -0.056328
0.882 -0.0563178
0.883 -0.0563215
0.884 -0.056319
0.885 -0.0563321
0.886 -0.0563445
0.887 -0.0563514
0.888 -0.0563407
0.889 -0.0563561
0.89 -0.0563506
0.891 -0.0563616
0.892 -0.0563646
0.893 -0.0563586
0.894 -0.0563602
0.895 -0.0563582
0.896 -0.0563641
0.897 -0.0563703
0.898 -0.0563599
0.899 -0.0563867
0.9 -0.0563824
0.901 -0.0563848
0.902 -0.0563869
0.903 -0.0563947
0.904 -0.0563881
0.905 -0.0563988
0.906 -0.0564024
0.907 -0.0564109
0.908 -0.0564069
0.909 -0.0564273
0.91 -0.0564211
0.911 -0.0564208
0.912 -0.0564271
0.913 -0.0564187
0.914 -0.0564135
0.915 -0.0564303
0.916 -0.0564261
0.917 -0.056428
0.918 -0.0564352
0.919 -0.0564512
0.92 -0.0564555
0.921 -0.0564435
0.922 -0.0564502
0.923 -0.0564482
0.924 -0.0564581
0.925 -0.056473
0.926 -0.0564729
0.927 -0.0564706
0.928 -0.0564746
0.929 -0.0564882
0.93 -0.0564908
0.931 -0.0564882
0.932 -0.0564927
0.933 -0.0564871
0.934 -0.0564864
0.935 -0.0564947
0.936 -0.0564992
0.937 -0.0564891
0.938 -0.0565065
0.939 -0.0565144
0.94 -0.0565205
0.941 -0.0565127
0.942 -0.0565154
0.943 -0.0565086
0.944 -0.0565218
0.945 -0.0565325
0.946 -0.056537
0.947 -0.0565295
0.948 -0.0565442
0.949 -0.0565467
0.95 -0.0565486
0.951 -0.0565473
0.952 -0.0565424
0.953 -0.056544
0.954 -0.056543
0.955 -0.0565478
0.956 -0.0565571
0.957 -0.0565434
0.958 -0.0565692
0.959 -0.0565628
0.96 -0.0565695
0.961 -0.056568
0.962 -0.0565735
0.963 -0.0565669
0.964 -0.0565765
0.965 -0.0565795
0.966 -0.0565871
0.967 -0.0565825
0.968 -0.0566022
0.969 -0.0565952
0.97 -0.0565942
0.971 -0.0565984
0.972 -0.0565905
0.973 -0.056585
0.974 -0.0566008
0.975 -0.0565951
0.976 -0.0565972
0.977 -0.0566047
0.978 -0.0566158
0.979 -0.0566249
0.98 -0.0566106
0.981 -0.0566145
0.982 -0.0566147
0.983 -0.0566233
0.984 -0.0566375
0.985 -0.0566392
0.986 -0.0566283
0.987 -0.0566365
0.988 -0.0566509
0.989 -0.056652
0.99 -0.0566486
0.991 -0.0566501
0.992 -0.0566437
0.993 -0.0566426
0.994 -0.0566518
0.995 -0.0566547
0.996 -0.0566458
0.997 -0.0566658
0.998 -0.0566624
0.999 -0.0566745
1 -0.0566646
1.001 -0.0566674
1.002 -0.0566645
1.003 -0.0566753
1.004 -0.0566829
1.005 -0.0566914
1.006 -0.0566791
1.007 -0.0566937
1.008 -0.0566868
1.009 -0.0566938
1.01 -0.0566988
1.011 -0.0566928
1.012 -0.0566861
1.013 -0.0566868
1.014 -0.0566924
1.015 -0.056692
1.016 -0.0566864
1.017 -0.0567087
1.018 -0.0567047
1.019 -0.0566997
1.02 -0.0567045
1.021 -0.0567021
1.022 -0.0567017
1.023 -0.0567181
1.024 -0.0567134
1.025 -0.0567208
1.026 -0.0567207
1.027 -0.0567374
1.028 -0.0567388
1.029 -0.0567325
1.03 -0.0567321
1.031 -0.0567295
1.032 -0.0567252
1.033 -0.0567417
1.034 -0.0567384
1.035 -0.0567267
1.036 -0.05674
1.037 -0.056749
1.038 -0.0567539
1.039 -0.0567455
1.04 -0.0567481
1.041 -0.0567425
1.042 -0.056753
1.043 -0.0567618
1.044 -0.0567673
1.045 -0.0567591
1.046 -0.0567701
1.047 -0.0567737
1.048 -0.0567754
1.049 -0.056773
1.05 -0.0567721
1.051 -0.0567675
1.052 -0.0567662
1.053 -0.0567713
1.054 -0.0567787
1.055 -0.0567643
1.056 -0.0567883
1.057 -0.0567805
1.058 -0.0567863
1.059 -0.056785
1.06 -0.0567874
1.061 -0.0567813
1.062 -0.0567897
1.063 -0.0567919
1.064 -0.0567981
1.065 -0.0567932
1.066 -0.0568122
1.067 -0.0568038
1.068 -0.0568032
1.069 -0.0568061
1.07 -0.0567998
1.071 -0.0567906
1.072 -0.0568075
1.073 -0.056802
1.074 -0.0568017
1.075 -0.0568063
1.076 -0.056816
1.077 -0.0568225
1.078 -0.0568127
1.079 -0.0568183
1.08 -0.0568139
1.081 -0.056822
1.082 -0.05683
1.083 -0.0568354
1.084 -0.0568243
1.085 -0.056833
1.086 -0.0568469
1.087 -0.0568465
1.088 -0.0568408
1.089 -0.0568413
1.09 -0.0568297
1.091 -0.0568328
1.092 -0.0568433
1.093 -0.0568415
1.094 -0.0568301
1.095 -0.0568529
1.096 -0.0568429
1.097 -0.0568554
1.098 -0.0568485
1.099 -0.0568496
1.1 -0.0568495
1.101 -0.0568524
1.102 -0.0568551
1.103 -0.0568635
1.104 -0.0568535
1.105 -0.0568689
1.106 -0.056864
1.107 -0.0568624
1.108 -0.0568692
1.109 -0.0568599
1.11 -0.0568513
1.111 -0.0568636
1.112 -0.0568609
1.113 -0.0568589
1.114 -0.0568647
1.115 -0.0568798
1.116 -0.0568821
1.117 -0.0568685
1.118 -0.0568728
1.119 -0.0568709
1.12 -0.0568782
1.121 -0.0568936
1.122 -0.0568927
1.123 -0.0568811
1.124 -0.0568882
1.125 -0.056902
1.126 -0.0569013
1.127 -0.0568975
1.128 -0.0568981
1.129 -0.0568894
1.13 -0.0568877
1.131 -0.0568979
1.132 -0.0568979
1.133 -0.0568892
1.134 -0.0569085
1.135 -0.0569062
1.136 -0.0569124
1.137 -0.0569009
1.138 -0.056903
1.139 -0.056902
1.14 -0.0569102
1.141 -0.0569112
1.142 -0.056919
1.143 -0.0569075
1.144 -0.0569239
1.145 -0.0569172
1.146 -0.056919
1.147 -0.0569232
1.148 -0.0569181
1.149 -0.05691
1.15 -0.0569172
1.151 -0.0569152
1.152 -0.0569112
1.153 -0.0569151
1.154 -0.056933
1.155 -0.0569314
1.156 -0.0569204
1.157 -0.0569237
1.158 -0.0569207
1.159 -0.0569281
1.16 -0.0569424
1.161 -0.0569385
1.162 -0.056936
1.163 -0.0569374
1.164 -0.0569499
1.165 -0.0569523
1.166 -0.0569476
1.167 -0.0569475
1.168 -0.0569413
1.169 -0.0569379
1.17 -0.0569456
1.171 -0.056947
1.172 -0.056937
1.173 -0.0569558
1.174 -0.0569516
1.175 -0.0569626
1.176 -0.0569506
1.177 -0.0569533
1.178 -0.0569494
1.179 -0.056957
1.18 -0.0569594
1.181 -0.0569715
1.182 -0.0569577
1.183 -0.0569717
1.184 -0.0569654
1.185 -0.0569683
1.186 -0.0569706
1.187 -0.0569676
1.188 -0.0569558
1.189 -0.0569594
1.19 -0.0569613
1.191 -0.0569557
1.192 -0.0569596
1.193 -0.0569778
1.194 -0.0569747
1.195 -0.0569663
1.196 -0.0569675
1.197 -0.0569644
1.198 -0.0569713
1.199 -0.0569844
1.2 -0.0569808
1.201 -0.056978
1.202 -0.0569798
1.203 -0.0569918
1.204 -0.0569926
1.205 -0.0569872
1.206 -0.0569888
1.207 -0.0569823
1.208 -0.0569784
1.209 -0.056986
1.21 -0.0569871
1.211 -0.0569769
1.212 -0.0569955
1.213 -0.0569908
1.214 -0.0570015
1.215 -0.0569898
1.216 -0.0569916
1.217 -0.0569881
1.218 -0.0569957
1.219 -0.0569975
1.22 -0.0570095
1.221 -0.0569956
1.222 -0.0570095
1.223 -0.0570032
1.224 -0.0570059
1.225 -0.057008
1.226 -0.0570049
1.227 -0.0569932
1.228 -0.0569974
1.229 -0.0569987
1.23 -0.0569927
1.231 -0.0569966
1.232 -0.0570147
1.233 -0.0570113
1.234 -0.0570018
1.235 -0.0570035
1.236 -0.0570003
1.237 -0.0570071
1.238 -0.0570207
1.239 -0.0570167
1.24 -0.0570138
1.241 -0.0570152
1.242 -0.0570273
1.243 -0.0570295
1.244 -0.0570244
1.245 -0.0570241
1.246 -0.0570174
1.247 -0.0570132
1.248 -0.0570208
1.249 -0.0570219
1.25 -0.0570115
1.251 -0.0570299
1.252 -0.0570258
1.253 -0.057036
1.254 -0.0570239
1.255 -0.0570236
1.256 -0.0570215
1.257 -0.0570291
1.258 -0.057029
1.259 -0.0570404
1.26 -0.0570254
1.261 -0.0570413
1.262 -0.0570338
1.263 -0.057035
1.264 -0.0570382
1.265 -0.0570326
1.266 -0.0570242
1.267 -0.0570308
1.268 -0.0570282
1.269 -0.0570238
1.27 -0.0570273
1.271 -0.057045
1.272 -0.0570427
1.273 -0.0570308
1.274 -0.0570334
1.275 -0.0570302
1.276 -0.0570373
1.277 -0.0570524
1.278 -0.0570502
1.279 -0.0570426
1.28 -0.0570458
1.281 -0.0570587
1.282 -0.0570578
1.283 -0.0570529
1.284 -0.0570526
1.285 -0.0570433
1.286 -0.0570407
1.287 -0.0570502
1.288 -0.0570489
1.289 -0.05704
1.29 -0.0570587
1.291 -0.0570565
1.292 -0.05706
1.293 -0.0570495
1.294 -0.0570506
1.295 -0.0570492
1.296 -0.0570564
1.297 -0.0570545
1.298 -0.0570639
1.299 -0.0570515
1.3 -0.0570652
1.301 -0.0570596
1.302 -0.0570574
1.303 -0.0570628
1.304 -0.0570559
1.305 -0.0570433
1.306 -0.0570548
1.307 -0.057052
1.308 -0.057049
1.309 -0.0570539
1.31 -0.0570681
1.311 -0.0570707
1.312 -0.0570558
1.313 -0.0570575
1.314 -0.0570562
1.315 -0.0570628
1.316 -0.0570716
1.317 -0.0570746
1.318 -0.0570621
1.319 -0.0570681
1.32 -0.0570805
1.321 -0.0570804
1.322 -0.0570757
1.323 -0.0570765
1.324 -0.0570642
1.325 -0.0570643
1.326 -0.0570725
1.327 -0.0570714
1.328 -0.0570596
1.329 -0.0570812
1.33 -0.0570702
1.331 -0.0570815
1.332 -0.0570734
1.333 -0.0570734
1.334 -0.057073
1.335 -0.0570752
1.336 -0.0570763
1.337 -0.0570832
1.338 -0.0570721
1.339 -0.0570907
1.34 -0.0570817
1.341 -0.0570791
1.342 -0.0570837
1.343 -0.0570715
1.344 -0.0570636
1.345 -0.0570779
1.346 -0.0570701
1.347 -0.0570705
1.348 -0.0570746
1.349 -0.0570857
1.35 -0.0570892
1.351 -0.0570773
1.352 -0.05708
1.353 -0.0570773
1.354 -0.0570832
1.355 -0.0570907
1.356 -0.0570947
1.357 -0.0570835
1.358 -0.0570912
1.359 -0.0571014
1.36 -0.0571025
1.361 -0.0570953
1.362 -0.0570926
1.363 -0.0570832
1.364 -0.0570834
1.365 -0.0570948
1.366 -0.0570942
1.367 -0.0570796
1.368 -0.0571014
1.369 -0.0570916
1.37 -0.0570976
1.371 -0.0570936
1.372 -0.0570951
1.373 -0.0570869
1.374 -0.0570939
1.375 -0.0570947
1.376 -0.0570994
1.377 -0.0570933
1.378 -0.057111
1.379 -0.0571017
1.38 -0.0571002
1.381 -0.0571008
1.382 -0.0570932
1.383 -0.0570844
1.384 -0.0570998
1.385 -0.0570924
1.386 -0.0570911
1.387 -0.0570937
1.388 -0.0571005
1.389 -0.0571049
1.39 -0.0570945
1.391 -0.0570989
1.392 -0.0570934
1.393 -0.0571025
1.394 -0.0571077
1.395 -0.057112
1.396 -0.0571021
1.397 -0.0571121
1.398 -0.0571134
1.399 -0.0571145
1.4 -0.0571106
1.401 -0.0571082
1.402 -0.0571023
1.403 -0.0570999
1.404 -0.0571036
1.405 -0.0571099
1.406 -0.0570933
1.407 -0.0571168
1.408 -0.0571093
1.409 -0.0571082
1.41 -0.0571071
1.411 -0.0571084
1.412 -0.0571027
1.413 -0.0571133
1.414 -0.0571084
1.415 -0.0571107
1.416 -0.0571083
1.417 -0.0571257
1.418 -0.0571202
1.419 -0.0571142
1.42 -0.0571153
1.421 -0.0571078
1.422 -0.0571022
1.423 -0.0571172
1.424 -0.0571122
1.425 -0.0571005
1.426 -0.057111
1.427 -0.0571184
1.428 -0.0571208
1.429 -0.0571121
1.43 -0.0571124
1.431 -0.0571059
1.432 -0.0571136
1.433 -0.057122
1.434 -0.0571248
1.435 -0.0571152
1.436 -0.057127
1.437 -0.0571242
1.438 -0.0571262
1.439 -0.0571266
1.44 -0.0571176
1.441 -0.0571153
1.442 -0.0571096
1.443 -0.0571131
1.444 -0.0571156
1.445 -0.0571029
1.446 -0.057125
1.447 -0.0571192
1.448 -0.0571115
1.449 -0.0571139
1.45 -0.0571096
1.451 -0.0571071
1.452 -0.0571225
1.453 -0.0571149
1.454 -0.0571201
1.455 -0.0571189
1.456 -0.0571294
1.457 -0.0571316
1.458 -0.0571235
1.459 -0.0571242
1.46 -0.0571184
1.461 -0.0571102
1.462 -0.0571199
1.463 -0.05712
1.464 -0.0571074
1.465 -0.0571216
1.466 -0.0571278
1.467 -0.057131
1.468 -0.0571212
1.469 -0.0571194
1.47 -0.0571122
1.471 -0.0571223
1.472 -0.0571334
1.473 -0.0571363
1.474 -0.0571227
1.475 -0.0571355
1.476 -0.0571268
1.477 -0.0571313
1.478 -0.0571341
1.479 -0.0571262
1.48 -0.0571148
1.481 -0.057116
1.482 -0.0571201
1.483 -0.0571174
1.484 -0.0571152
1.485 -0.0571318
1.486 -0.0571259
1.487 -0.0571193
1.488 -0.0571177
1.489 -0.0571156
1.49 -0.0571172
1.491 -0.0571316
1.492 -0.0571253
1.493 -0.0571281
1.494 -0.0571244
1.495 -0.0571351
1.496 -0.057136
1.497 -0.0571296
1.498 -0.0571304
1.499 -0.0571235
1.5 -0.0571201
1.501 -0.0571257
1.502 -0.0571261
1.503 -0.0571151
1.504 -0.057133
1.505 -0.0571276
1.506 -0.0571378
1.507 -0.057125
1.508 -0.057124
1.509 -0.0571214
1.51 -0.0571284
1.511 -0.0571285
1.512 -0.0571396
1.513 -0.0571233
1.514 -0.0571386
1.515 -0.0571305
1.516 -0.0571312
1.517 -0.0571337
1.518 -0.0571273
1.519 -0.0571184
1.52 -0.0571248
1.521 -0.0571209
1.522 -0.057116
1.523 -0.0571186
1.524 -0.0571352
1.525 -0.0571339
1.526 -0.0571197
1.527 -0.0571224
1.528 -0.057119
1.529 -0.0571246
1.53 -0.0571385
1.531 -0.0571363
1.532 -0.0571234
1.533 -0.0571278
1.534 -0.0571413
1.535 -0.0571393
1.536 -0.0571341
1.537 -0.0571336
1.538 -0.0571211
1.539 -0.0571201
1.54 -0.0571275
1.541 -0.0571262
1.542 -0.057115
1.543 -0.0571356
1.544 -0.0571247
1.545 -0.0571343
1.546 -0.0571259
1.547 -0.0571251
1.548 -0.0571239
1.549 -0.0571253
1.55 -0.0571264
1.551 -0.0571327
1.552 -0.057121
1.553 -0.0571389
1.554 -0.0571295
1.555 -0.0571264
1.556 -0.057129
1.557 -0.0571172
1.558 -0.0571087
1.559 -0.0571221
1.56 -0.0571141
1.561 -0.0571143
1.562 -0.0571167
1.563 -0.0571276
1.564 -0.0571304
1.565 -0.0571182
1.566 -0.0571211
1.567 -0.0571166
1.568 -0.0571222
1.569 -0.0571283
1.57 -0.0571321
1.571 -0.0571193
1.572 -0.0571272
1.573 -0.0571349
1.574 -0.0571353
1.575 -0.0571291
1.576 -0.0571251
1.577 -0.0571166
1.578 -0.0571172
1.579 -0.0571252
1.58 -0.0571253
1.581 -0.0571092
1.582 -0.0571305
1.583 -0.0571207
1.584 -0.0571246
1.585 -0.057121
1.586 -0.0571215
1.587 -0.0571134
1.588 -0.0571199
1.589 -0.0571202
1.59 -0.0571216
1.591 -0.0571172
1.592 -0.0571354
1.593 -0.0571249
1.594 -0.0571225
1.595 -0.057123
1.596 -0.0571141
1.597 -0.0571076
1.598 -0.0571199
1.599 -0.0571127
1.6 -0.0571082
1.601 -0.0571142
1.602 -0.0571202
1.603 -0.0571227
1.604 -0.0571117
1.605 -0.0571155
1.606 -0.0571084
1.607 -0.0571151
1.608 -0.0571207
1.609 -0.0571245
1.61 -0.057114
1.611 -0.0571229
1.612 -0.0571241
1.613 -0.0571237
1.614 -0.0571177
1.615 -0.0571108
1.616 -0.0571072
1.617 -0.0571048
1.618 -0.0571056
1.619 -0.0571081
1.62 -0.0570941
1.621 -0.0571174
1.622 -0.0571084
1.623 -0.0571031
1.624 -0.0571049
1.625 -0.0571059
1.626 -0.0570976
1.627 -0.05711
1.628 -0.0571042
1.629 -0.0571069
1.63 -0.0571039
1.631 -0.0571191
1.632 -0.0571145
1.633 -0.0571073
1.634 -0.0571062
1.635 -0.0570999
1.636 -0.0570932
1.637 -0.0571065
1.638 -0.0571023
1.639 -0.0570877
1.64 -0.0570976
1.641 -0.0571044
1.642 -0.0571066
1.643 -0.0570972
1.644 -0.0570977
1.645 -0.0570875
1.646 -0.0570962
1.647 -0.0571032
1.648 -0.0571052
1.649 -0.0570942
1.65 -0.0571058
1.651 -0.057098
1.652 -0.057103
1.653 -0.0571023
1.654 -0.0570929
1.655 -0.0570897
1.656 -0.0570831
1.657 -0.0570857
1.658 -0.0570861
1.659 -0.057075
1.66 -0.0570971
1.661 -0.0570879
1.662 -0.0570803
1.663 -0.05708
1.664 -0.057074
1.665 -0.0570725
1.666 -0.0570864
1.667 -0.0570782
1.668 -0.0570826
1.669 -0.0570787
1.67 -0.0570905
1.671 -0.0570912
1.672 -0.0570818
1.673 -0.0570822
1.674 -0.0570755
1.675 -0.0570677
1.676 -0.0570751
1.677 -0.0570745
1.678 -0.0570611
1.679 -0.0570749
1.68 -0.0570782
1.681 -0.0570826
1.682 -0.05707
1.683 -0.0570678
1.684 -0.0570592
1.685 -0.0570683
1.686 -0.0570782
1.687 -0.0570801
1.688 -0.0570654
1.689 -0.0570772
1.69 -0.0570674
1.691 -0.0570707
1.692 -0.0570723
1.693 -0.0570633
1.694 -0.0570515
1.695 -0.0570511
1.696 -0.0570541
1.697 -0.0570512
1.698 -0.0570471
1.699 -0.0570625
1.7 -0.0570548
1.701 -0.0570461
1.702 -0.0570449
1.703 -0.0570409
1.704 -0.0570388
1.705 -0.0570527
1.706 -0.0570466
1.707 -0.0570476
1.708 -0.0570426
1.709 -0.0570511
1.71 -0.0570517
1.711 -0.0570451
1.712 -0.0570455
1.713 -0.0570358
1.714 -0.057031
1.715 -0.0570354
1.716 -0.0570347
1.717 -0.0570208
1.718 -0.0570382
1.719 -0.0570367
1.72 -0.0570432
1.721 -0.0570277
1.722 -0.0570277
1.723 -0.0570209
1.724 -0.0570284
1.725 -0.0570315
1.726 -0.0570377
1.727 -0.0570216
1.728 -0.0570327
1.729 -0.0570234
1.73 -0.0570248
1.731 -0.0570272
1.732 -0.0570185
1.733 -0.0570048
1.734 -0.0570049
1.735 -0.057007
1.736 -0.0569986
1.737 -0.0569987
1.738 -0.0570149
1.739 -0.0570064
1.74 -0.0569979
1.741 -0.0569954
1.742 -0.0569901
1.743 -0.0569928
1.744 -0.0570037
1.745 -0.0569961
1.746 -0.0569952
1.747 -0.0569931
1.748 -0.0570018
1.749 -0.056999
1.75 -0.0569913
1.751 -0.0569898
1.752 -0.0569813
1.753 -0.0569757
1.754 -0.0569796
1.755 -0.0569781
1.756 -0.0569643
1.757 -0.0569813
1.758 -0.0569761
1.759 -0.0569853
1.76 -0.0569687
1.761 -0.0569671
1.762 -0.0569602
1.763 -0.0569656
1.764 -0.0569677
1.765 -0.0569742
1.766 -0.0569573
1.767 -0.0569681
1.768 -0.056958
1.769 -0.0569587
1.77 -0.0569604
1.771 -0.0569509
1.772 -0.0569364
1.773 -0.0569358
1.774 -0.0569372
1.775 -0.0569281
1.776 -0.0569272
1.777 -0.0569426
1.778 -0.0569335
1.779 -0.0569256
1.78 -0.0569212
1.781 -0.0569154
1.782 -0.0569159
1.783 -0.0569272
1.784 -0.0569182
1.785 -0.0569186
1.786 -0.0569123
1.787 -0.0569198
1.788 -0.0569183
1.789 -0.0569101
1.79 -0.0569091
1.791 -0.0568982
1.792 -0.0568921
1.793 -0.056895
1.794 -0.0568931
1.795 -0.0568766
1.796 -0.0568904
1.797 -0.0568909
1.798 -0.0568938
1.799 -0.0568793
1.8 -0.0568758
1.801 -0.0568672
1.802 -0.0568742
1.803 -0.0568804
1.804 -0.0568812
1.805 -0.0568637
1.806 -0.0568735
1.807 -0.0568618
1.808 -0.0568628
1.809 -0.0568622
1.81 -0.0568505
1.811 -0.0568388
1.812 -0.0568343
1.813 -0.0568347
1.814 -0.056829
1.815 -0.0568191
1.816 -0.0568373
1.817 -0.0568268
1.818 -0.0568157
1.819 -0.0568107
1.82 -0.0568038
1.821 -0.0567999
1.822 -0.056811
1.823 -0.0568002
1.824 -0.056802
1.825 -0.0567974
1.826 -0.0568042
1.827 -0.0568029
1.828 -0.0567882
1.829 -0.0567863
1.83 -0.0567763
1.831 -0.0567644
1.832 -0.0567719
1.833 -0.0567687
1.834 -0.0567505
1.835 -0.0567581
1.836 -0.0567611
1.837 -0.0567604
1.838 -0.0567474
1.839 -0.0567444
1.84 -0.0567328
1.841 -0.0567363
1.842 -0.0567406
1.843 -0.0567392
1.844 -0.0567255
1.845 -0.0567318
1.846 -0.0567295
1.847 -0.0567227
1.848 -0.0567135
1.849 -0.0567015
1.85 -0.0566954
1.851 -0.0566877
1.852 -0.0566853
1.853 -0.0566878
1.854 -0.0566661
1.855 -0.0566855
1.856 -0.0566716
1.857 -0.056671
1.858 -0.056661
1.859 -0.0566604
1.86 -0.0566453
1.861 -0.0566481
1.862 -0.0566435
1.863 -0.0566421
1.864 -0.0566313
1.865 -0.0566438
1.866 -0.0566286
1.867 -0.0566211
1.868 -0.0566167
1.869 -0.0566033
1.87 -0.0565875
1.871 -0.0565971
1.872 -0.056583
1.873 -0.0565779
1.874 -0.0565755
1.875 -0.0565798
1.876 -0.0565792
1.877 -0.0565565
1.878 -0.0565527
1.879 -0.056545
1.88 -0.0565432
1.881 -0.0565471
1.882 -0.0565436
1.883 -0.0565243
1.884 -0.056524
1.885 -0.0565308
1.886 -0.0565232
1.887 -0.056511
1.888 -0.0565036
1.889 -0.0564907
1.89 -0.0564793
1.891 -0.0564801
1.892 -0.056474
1.893 -0.0564561
1.894 -0.0564673
1.895 -0.0564604
1.896 -0.0564601
1.897 -0.0564391
1.898 -0.0564329
1.899 -0.0564192
1.9 -0.0564215
1.901 -0.0564243
1.902 -0.0564206
1.903 -0.0563989
1.904 -0.0564039
1.905 -0.0563873
1.906 -0.0563874
1.907 -0.0563787
1.908 -0.0563618
1.909 -0.0563522
1.91 -0.0563393
1.911 -0.056334
1.912 -0.056329
1.913 -0.0563074
1.914 -0.0563231
1.915 -0.056307
1.916 -0.0562973
1.917 -0.0562872
1.918 -0.0562831
1.919 -0.0562646
1.92 -0.0562635
1.921 -0.0562556
1.922 -0.056252
1.923 -0.0562344
1.924 -0.0562445
1.925 -0.0562244
1.926 -0.056213
1.927 -0.056208
1.928 -0.0561902
1.929 -0.0561685
1.93 -0.0561704
1.931 -0.0561574
1.932 -0.0561434
1.933 -0.0561366
1.934 -0.056144
1.935 -0.0561313
1.936 -0.0561112
1.937 -0.0561003
1.938 -0.0560865
1.939 -0.0560764
1.94 -0.0560807
1.941 -0.0560632
1.942 -0.0560572
1.943 -0.0560456
1.944 -0.0560474
1.945 -0.0560378
1.946 -0.0560183
1.947 -0.0560076
1.948 -0.0559883
1.949 -0.0559715
1.95 -0.0559735
1.951 -0.0559551
1.952 -0.0559396
1.953 -0.0559307
1.954 -0.0559238
1.955 -0.055919
1.956 -0.0558937
1.957 -0.0558831
1.958 -0.0558665
1.959 -0.0558609
1.96 -0.0558624
1.961 -0.0558481
1.962 -0.0558273
1.963 -0.0558159
1.964 -0.0558136
1.965 -0.0558
1.966 -0.0557802
1.967 -0.0557693
1.968 -0.0557459
1.969 -0.0557267
1.97 -0.0557206
1.971 -0.0557094
1.972 -0.0556794
1.973 -0.0556787
1.974 -0.0556692
1.975 -0.0556588
1.976 -0.0556303
1.977 -0.0556212
1.978 -0.0555987
1.979 -0.0555915
1.98 -0.055582
1.981 -0.0555725
1.982 -0.0555422
1.983 -0.0555342
1.984 -0.0555289
1.985 -0.0555151
1.986 -0.055491
1.987 -0.0554763
1.988 -0.0554509
1.989 -0.0554298
1.99 -0.0554205
1.991 -0.0554061
1.992 -0.0553729
1.993 -0.0553693
1.994 -0.0553568
1.995 -0.0553429
1.996 -0.0553112
1.997 -0.0552994
1.998 -0.0552729
1.999 -0.0552619
2 -0.0552537
2.001 -0.0552376
2.002 -0.0552098
2.003 -0.0551928
2.004 -0.0551835
2.005 -0.0551651
2.006 -0.0551376
2.007 -0.0551182
2.008 -0.0550897
2.009 -0.0550647
2.01 -0.0550595
2.011 -0.0550314
2.012 -0.0550056
2.013 -0.0549888
2.014 -0.054978
2.015 -0.0549629
2.016 -0.0549229
2.017 -0.0549048
2.018 -0.0548748
2.019 -0.0548577
2.02 -0.0548454
2.021 -0.0548178
2.022 -0.0547983
2.023 -0.0547731
2.024 -0.0547685
2.025 -0.0547347
2.026 -0.0547084
2.027 -0.0546835
2.028 -0.0546536
2.029 -0.0546176
2.03 -0.0546039
2.031 -0.0545779
2.032 -0.0545523
2.033 -0.0545208
2.034 -0.0545156
2.035 -0.0544816
2.036 -0.0544538
2.037 -0.0544264
2.038 -0.054401
2.039 -0.0543711
2.04 -0.0543457
2.041 -0.054322
2.042 -0.0543082
2.043 -0.0542641
2.044 -0.0542503
2.045 -0.0542176
2.046 -0.0541925
2.047 -0.0541591
2.048 -0.054124
2.049 -0.0540879
2.05 -0.0540557
2.051 -0.0540372
2.052 -0.0540045
2.053 -0.0539623
2.054 -0.0539458
2.055 -0.0539219
2.056 -0.0538905
2.057 -0.0538459
2.058 -0.0538168
2.059 -0.0537761
2.06 -0.0537516
2.061 -0.0537292
2.062 -0.0536921
2.063 -0.0536574
2.064 -0.0536221
2.065 -0.0536017
2.066 -0.0535583
2.067 -0.053519
2.068 -0.0534844
2.069 -0.0534426
2.07 -0.0533954
2.071 -0.0533607
2.072 -0.0533276
2.073 -0.0532934
2.074 -0.0532421
2.075 -0.0532274
2.076 -0.0531827
2.077 -0.053154
2.078 -0.0530992
2.079 -0.0530594
2.08 -0.0530129
2.081 -0.0529836
2.082 -0.052947
2.083 -0.052913
2.084 -0.0528602
2.085 -0.0528197
2.086 -0.0527882
2.087 -0.0527456
2.088 -0.0526948
2.089 -0.0526464
2.09 -0.0525967
2.091 -0.052544
2.092 -0.0525015
2.093 -0.0524596
2.094 -0.0524181
2.095 -0.0523564
2.096 -0.0523333
2.097 -0.0522807
2.098 -0.0522426
2.099 -0.0521781
2.1 -0.0521291
2.101 -0.0520733
2.102 -0.0520309
2.103 -0.0519916
2.104 -0.0519386
2.105 -0.0518857
2.106 -0.051831
2.107 -0.0517952
2.108 -0.0517291
2.109 -0.0516794
2.11 -0.0516251
2.111 -0.0515581
2.112 -0.0515002
2.113 -0.0514426
2.114 -0.0513948
2.115 -0.0513379
2.116 -0.0512648
2.117 -0.0512182
2.118 -0.0511703
2.119 -0.0511131
2.12 -0.0510386
2.121 -0.0509793
2.122 -0.0509201
2.123 -0.0508538
2.124 -0.0507974
2.125 -0.0507433
2.126 -0.050685
2.127 -0.0506084
2.128 -0.0505466
2.129 -0.05049
2.13 -0.0504244
2.131 -0.0503531
2.132 -0.0502817
2.133 -0.0502101
2.134 -0.0501357
2.135 -0.0500654
2.136 -0.0500042
2.137 -0.0499325
2.138 -0.0498463
2.139 -0.0497866
2.14 -0.0497247
2.141 -0.0496483
2.142 -0.049559
2.143 -0.0494849
2.144 -0.0494058
2.145 -0.0493263
2.146 -0.0492547
2.147 -0.049184
2.148 -0.0491114
2.149 -0.0490237
2.15 -0.0489423
2.151 -0.048878
2.152 -0.0487802
2.153 -0.0487055
2.154 -0.0486138
2.155 -0.0485249
2.156 -0.048434
2.157 -0.0483422
2.158 -0.0482654
2.159 -0.0481734
2.16 -0.0480863
2.161 -0.0479815
2.162 -0.0479131
2.163 -0.0478249
2.164 -0.0477343
2.165 -0.0476214
2.166 -0.0475273
2.167 -0.0474321
2.168 -0.0473324
2.169 -0.0472399
2.17 -0.0471487
2.171 -0.0470549
2.172 -0.0469496
2.173 -0.0468417
2.174 -0.0467547
2.175 -0.0466503
2.176 -0.0465499
2.177 -0.0464357
2.178 -0.0463278
2.179 -0.0462127
2.18 -0.0461011
2.181 -0.0459927
2.182 -0.0458904
2.183 -0.0457792
2.184 -0.0456553
2.185 -0.0455425
2.186 -0.0454465
2.187 -0.0453292
2.188 -0.045216
2.189 -0.0450763
2.19 -0.0449564
2.191 -0.0448353
2.192 -0.0447098
2.193 -0.0445938
2.194 -0.0444815
2.195 -0.0443529
2.196 -0.0442357
2.197 -0.0440939
2.198 -0.0439693
2.199 -0.0438527
2.2 -0.0437131
2.201 -0.0435843
2.202 -0.0434461
2.203 -0.0433042
2.204 -0.0431551
2.205 -0.0430121
2.206 -0.0428839
2.207 -0.0427519
2.208 -0.0426098
2.209 -0.0424561
2.21 -0.0423102
2.211 -0.0421794
2.212 -0.0420347
2.213 -0.0418858
2.214 -0.0417369
2.215 -0.0415745
2.216 -0.0414152
2.217 -0.0412544
2.218 -0.0411073
2.219 -0.0409557
2.22 -0.0408124
2.221 -0.0406501
2.222 -0.0405095
2.223 -0.0403275
2.224 -0.0401699
2.225 -0.0400181
2.226 -0.0398454
2.227 -0.0396858
2.228 -0.0395107
2.229 -0.0393338
2.23 -0.0391542
2.231 -0.0389722
2.232 -0.0387929
2.233 -0.0386245
2.234 -0.0384625
2.235 -0.0382807
2.236 -0.0381054
2.237 -0.037903
2.238 -0.0377292
2.239 -0.0375565
2.24 -0.0373725
2.241 -0.037181
2.242 -0.037003
2.243 -0.0367848
2.244 -0.0365835
2.245 -0.0363841
2.246 -0.0361914
2.247 -0.0359943
2.248 -0.0358104
2.249 -0.0356238
2.25 -0.0354231
2.251 -0.0352372
2.252 -0.0350214
2.253 -0.034805
2.254 -0.0345993
2.255 -0.0344073
2.256 -0.03418
2.257 -0.033985
2.258 -0.0337663
2.259 -0.0335486
2.26 -0.033324
2.261 -0.0330986
2.262 -0.0328849
2.263 -0.0326566
2.264 -0.0324424
2.265 -0.0322384
2.266 -0.032022
2.267 -0.0317976
2.268 -0.031566
2.269 -0.0313229
2.27 -0.0310955
2.271 -0.0308701
2.272 -0.0306463
2.273 -0.0304054
2.274 -0.030183
2.275 -0.0299507
2.276 -0.0296882
2.277 -0.0294395
2.278 -0.0291871
2.279 -0.0289507
2.28 -0.0287055
2.281 -0.028461
2.282 -0.0282267
2.283 -0.0279892
2.284 -0.0277553
2.285 -0.027517
2.286 -0.0272885
2.287 -0.0270451
2.288 -0.0267737
2.289 -0.0265223
2.29 -0.0262698
2.291 -0.0260317
2.292 -0.0257766
2.293 -0.0255159
2.294 -0.025285
2.295 -0.0250438
2.296 -0.0247941
2.297 -0.0245374
2.298 -0.024273
2.299 -0.0240082
2.3 -0.0237549
2.301 -0.0235007
2.302 -0.0232503
2.303 -0.022991
2.304 -0.0227466
2.305 -0.0225066
2.306 -0.0222547
2.307 -0.0219992
2.308 -0.0217429
2.309 -0.0215003
2.31 -0.0212304
2.311 -0.0209555
2.312 -0.020687
2.313 -0.0204321
2.314 -0.0201637
2.315 -0.0199129
2.316 -0.0196499
2.317 -0.0193897
2.318 -0.0191329
2.319 -0.0188994
2.32 -0.0186715
2.321 -0.0184096
2.322 -0.0181544
2.323 -0.0179028
2.324 -0.0176377
2.325 -0.0173747
2.326 -0.0171202
2.327 -0.0168755
2.328 -0.0166244
2.329 -0.0163985
2.33 -0.016173
2.331 -0.015937
2.332 -0.0157131
2.333 -0.0154919
2.334 -0.015265
2.335 -0.0150496
2.336 -0.0148333
2.337 -0.0146263
2.338 -0.0144125
2.339 -0.0142076
2.34 -0.014014
2.341 -0.0138199
2.342 -0.0136118
2.343 -0.013399
2.344 -0.0131773
2.345 -0.0129622
2.346 -0.0127554
2.347 -0.0125546
2.348 -0.012343
2.349 -0.0121431
2.35 -0.0119493
2.351 -0.0117583
2.352 -0.0115707
2.353 -0.0113912
2.354 -0.0112107
2.355 -0.0110432
2.356 -0.0108883
2.357 -0.0107448
2.358 -0.0106048
2.359 -0.0104697
2.36 -0.0103346
2.361 -0.0101976
2.362 -0.0100526
2.363 -0.00990382
2.364 -0.00975232
2.365 -0.00959757
2.366 -0.00943548
2.367 -0.00926803
2.368 -0.00910958
2.369 -0.00895186
2.37 -0.00879736
2.371 -0.00863876
2.372 -0.0084918
2.373 -0.00834301
2.374 -0.00819523
2.375 -0.00805604
2.376 -0.00792165
2.377 -0.00778388
2.378 -0.00764931
2.379 -0.00749976
2.38 -0.00736049
2.381 -0.00721134
2.382 -0.00706672
2.383 -0.00691688
2.384 -0.00676834
2.385 -0.00662416
2.386 -0.00647453
2.387 -0.00632904
2.388 -0.00618561
2.389 -0.00604406
2.39 -0.00589255
2.391 -0.00573974
2.392 -0.0055873
2.393 -0.00543567
2.394 -0.00528653
2.395 -0.00513033
2.396 -0.00497542
2.397 -0.00482766
2.398 -0.00467498
2.399 -0.0045293
2.4 -0.00438179
2.401 -0.00424091
2.402 -0.00410388
2.403 -0.00396861
2.404 -0.00384011
2.405 -0.0037155
2.406 -0.00359271
2.407 -0.00347059
2.408 -0.00334912
2.409 -0.00323072
2.41 -0.00310801
2.411 -0.00299003
2.412 -0.00287163
2.413 -0.00275203
2.414 -0.00263548
2.415 -0.00252223
2.416 -0.00241063
2.417 -0.00230129
2.418 -0.00219567
2.419 -0.00209391
2.42 -0.00199358
2.421 -0.00189547
2.422 -0.00180138
2.423 -0.0017115
2.424 -0.00162477
2.425 -0.00153828
2.426 -0.00145696
2.427 -0.00137873
2.428 -0.00130403
2.429 -0.0012331
2.43 -0.00116547
2.431 -0.00110088
2.432 -0.00103907
2.433 -0.00098093
2.434 -0.000925114
2.435 -0.000872637
2.436 -0.000822744
2.437 -0.000775606
2.438 -0.000730133
2.439 -0.000687586
2.44 -0.000647232
2.441 -0.000609084
2.442 -0.000572913
2.443 -0.000538476
2.444 -0.000505985
2.445 -0.000475209
2.446 -0.000446079
2.447 -0.000418491
2.448 -0.000392396
2.449 -0.000367603
2.45 -0.000344106
2.451 -0.000321889
2.452 -0.000300834
2.453 -0.000280876
2.454 -0.000261951
2.455 -0.00024401
2.456 -0.000226999
2.457 -0.000210869
2.458 -0.00019557
2.459 -0.000181062
2.46 -0.000167319
2.461 -0.000154183
2.462 -0.000141851
2.463 -0.000130085
2.464 -0.00011876
2.465 -0.000107917
2.466 -9.78949e-05
2.467 -8.83972e-05
2.468 -7.94301e-05
2.469 -7.08393e-05
2.47 -6.27485e-05
2.471 -5.51724e-05
2.472 -4.7967e-05
2.473 -4.11402e-05
2.474 -3.46681e-05
2.475 -2.85483e-05
2.476 -2.27576e-05
2.477 -1.72805e-05
2.478 -1.20998e-05
2.479 -7.20232e-06
2.48 -2.57432e-06
2.481 1.79701e-06
2.482 5.92403e-06
2.483 9.81849e-06
2.484 1.34914e-05
2.485 1.69534e-05
2.486 2.02145e-05
2.487 2.32842e-05
2.488 2.61718e-05
2.489 2.88859e-05
2.49 3.14348e-05
2.491 3.38265e-05
2.492 3.60684e-05
2.493 3.81679e-05
2.494 4.01317e-05
2.495 4.19664e-05
2.496 4.36783e-05
2.497 4.52733e-05
2.498 4.66734e-05
2.499 4.803e-05
2.5 4.93277e-05
2.501 5.05447e-05
2.502 5.16303e-05
2.503 5.26642e-05
2.504 5.36269e-05
2.505 5.44963e-05
2.506 5.52028e-05
2.507 5.57169e-05
2.508 5.63243e-05
2.509 5.68803e-05
2.51 5.73825e-05
2.511 5.78203e-05
2.512 5.82114e-05
2.513 5.85563e-05
2.514 5.88579e-05
2.515 5.91153e-05
2.516 5.9331e-05
2.517 5.95066e-05
2.518 5.96118e-05
2.519 5.97116e-05
2.52 5.9781e-05
2.521 5.98187e-05
2.522 5.98235e-05
2.523 5.98003e-05
2.524 5.97503e-05
2.525 5.96751e-05
2.526 5.95755e-05
2.527 5.9453e-05
2.528 5.93087e-05
2.529 5.91441e-05
2.53 5.89602e-05
2.531 5.87584e-05
2.532 5.85397e-05
2.533 5.83051e-05
2.534 5.80558e-05
2.535 5.77928e-05
2.536 5.75168e-05
2.537 5.72289e-05
2.538 5.693e-05
2.539 5.66207e-05
2.54 5.6302e-05
2.541 5.59745e-05
2.542 5.5639e-05
2.543 5.5296e-05
2.544 5.49463e-05
2.545 5.45905e-05
2.546 5.42291e-05
2.547 5.38627e-05
2.548 5.34917e-05
2.549 5.31168e-05
2.55 5.27382e-05
2.551 5.23566e-05
2.552 5.19722e-05
2.553 5.15855e-05
2.554 5.11969e-05
2.555 5.08066e-05
2.556 5.04151e-05
2.557 5.00227e-05
2.558 4.96296e-05
2.559 4.92361e-05
2.56 4.88425e-05
2.561 4.8449e-05
2.562 4.80559e-05
2.563 4.76634e-05
2.564 4.72717e-05
2.565 4.68809e-05
2.566 4.64913e-05
2.567 4.61031e-05
2.568 4.57163e-05
2.569 4.53312e-05
2.57 4.49478e-05
2.571 4.45664e-05
2.572 4.4187e-05
2.573 4.38097e-05
2.574 4.34346e-05
2.575 4.30619e-05
2.576 4.26843e-05
2.577 4.22976e-05
2.578 4.19135e-05
2.579 4.15429e-05
2.58 4.11792e-05
2.581 4.08195e-05
2.582 4.04622e-05
2.583 4.01087e-05
2.584 3.97592e-05
2.585 3.94135e-05
2.586 3.90713e-05
2.587 3.87326e-05
2.588 3.83972e-05
2.589 3.80652e-05
2.59 3.77365e-05
2.591 3.73668e-05
2.592 3.70453e-05
2.593 3.6725e-05
2.594 3.64084e-05
2.595 3.60905e-05
2.596 3.57784e-05
2.597 3.54701e-05
2.598 3.51667e-05
2.599 3.48663e-05
2.6 3.45697e-05
2.601 3.42761e-05
2.602 3.39861e-05
2.603 3.36992e-05
2.604 3.34156e-05
2.605 3.31351e-05
2.606 3.28577e-05
2.607 3.25833e-05
2.608 3.23119e-05
2.609 3.20434e-05
2.61 3.17779e-05
2.611 3.15152e-05
2.612 3.12554e-05
2.613 3.09983e-05
2.614 3.07441e-05
2.615 3.04926e-05
2.616 3.02439e-05
2.617 2.99978e-05
2.618 2.97545e-05
2.619 2.95145e-05
2.62 2.92797e-05
2.621 2.90429e-05
2.622 2.88111e-05
2.623 2.85804e-05
2.624 2.83534e-05
2.625 2.8128e-05
2.626 2.79055e-05
2.627 2.7685e-05
2.628 2.74672e-05
2.629 2.72516e-05
2.63 2.70385e-05
2.631 2.68276e-05
2.632 2.66198e-05
2.633 2.64168e-05
2.634 2.62114e-05
2.635 2.60108e-05
2.636 2.5811e-05
2.637 2.56145e-05
2.638 2.54192e-05
2.639 2.52266e-05
2.64 2.50356e-05
2.641 2.48471e-05
2.642 2.46604e-05
2.643 2.44758e-05
2.644 2.42932e-05
2.645 2.41126e-05
2.646 2.3934e-05
2.647 2.37573e-05
2.648 2.35826e-05
2.649 2.34097e-05
2.65 2.32388e-05
2.651 2.30697e-05
2.652 2.29024e-05
2.653 2.2737e-05
2.654 2.25733e-05
2.655 2.24114e-05
2.656 2.22513e-05
2.657 2.20929e-05
2.658 2.19362e-05
2.659 2.17812e-05
2.66 2.16278e-05
2.661 2.14761e-05
2.662 2.1326e-05
2.663 2.11775e-05
2.664 2.10306e-05
2.665 2.08852e-05
2.666 2.07414e-05
2.667 2.05991e-05
2.668 2.04583e-05
2.669 2.0319e-05
2.67 2.01811e-05
2.671 2.00447e-05
2.672 1.99097e-05
2.673 1.97761e-05
2.674 1.96439e-05
2.675 1.9513e-05
2.676 1.93835e-05
2.677 1.92553e-05
2.678 1.91285e-05
2.679 1.90029e-05
2.68 1.88786e-05
2.681 1.87577e-05
2.682 1.86364e-05
2.683 1.85293e-05
2.684 1.84158e-05
2.685 1.83049e-05
2.686 1.81918e-05
2.687 1.80809e-05
2.688 1.79695e-05
2.689 1.78592e-05
2.69 1.77489e-05
2.691 1.76394e-05
2.692 1.75303e-05
2.693 1.7422e-05
2.694 1.73142e-05
2.695 1.72072e-05
2.696 1.71009e-05
2.697 1.69954e-05
2.698 1.68907e-05
2.699 1.67867e-05
2.7 1.66836e-05
2.701 1.65814e-05
2.702 1.64799e-05
2.703 1.63794e-05
2.704 1.62797e-05
2.705 1.61808e-05
2.706 1.60828e-05
2.707 1.59857e-05
2.708 1.58895e-05
2.709 1.57941e-05
2.71 1.56996e-05
2.711 1.5606e-05
2.712 1.55132e-05
2.713 1.54212e-05
2.714 1.53301e-05
2.715 1.52398e-05
2.716 1.51503e-05
2.717 1.50617e-05
2.718 1.49738e-05
2.719 1.48868e-05
2.72 1.48005e-05
2.721 1.47151e-05
2.722 1.46304e-05
2.723 1.45464e-05
2.724 1.44633e-05
2.725 1.43808e-05
2.726 1.42991e-05
2.727 1.42182e-05
2.728 1.41379e-05
2.729 1.40584e-05
2.73 1.39796e-05
2.731 1.39014e-05
2.732 1.3824e-05
2.733 1.37472e-05
2.734 1.36711e-05
2.735 1.35956e-05
2.736 1.35208e-05
2.737 1.34467e-05
2.738 1.33731e-05
2.739 1.33002e-05
2.74 1.32279e-05
2.741 1.31563e-05
2.742 1.30852e-05
2.743 1.30147e-05
2.744 1.29448e-05
2.745 1.28755e-05
2.746 1.28068e-05
2.747 1.27386e-05
2.748 1.2671e-05
2.749 1.26039e-05
2.75 1.25374e-05
2.751 1.24714e-05
2.752 1.2406e-05
2.753 1.23411e-05
2.754 1.22767e-05
2.755 1.22128e-05
2.756 1.21494e-05
2.757 1.20865e-05
2.758 1.20241e-05
2.759 1.19622e-05
2.76 1.19008e-05
2.761 1.18399e-05
2.762 1.17794e-05
2.763 1.17194e-05
2.764 1.16599e-05
2.765 1.16008e-05
2.766 1.15422e-05
2.767 1.1484e-05
2.768 1.14262e-05
2.769 1.13689e-05
2.77 1.1312e-05
2.771 1.12556e-05
2.772 1.11995e-05
2.773 1.11439e-05
2.774 1.10887e-05
2.775 1.10339e-05
2.776 1.09795e-05
2.777 1.09255e-05
2.778 1.08718e-05
2.779 1.08186e-05
2.78 1.07658e-05
2.781 1.07133e-05
2.782 1.06612e-05
2.783 1.06095e-05
2.784 1.05581e-05
2.785 1.05071e-05
2.786 1.04565e-05
2.787 1.04062e-05
2.788 1.03563e-05
2.789 1.03068e-05
2.79 1.02575e-05
2.791 1.02086e-05
2.792 1.01601e-05
2.793 1.01119e-05
2.794 1.0064e-05
2.795 1.00164e-05
2.796 9.96919e-06
2.797 9.92228e-06
2.798 9.87568e-06
2.799 9.8294e-06
2.8 9.78343e-06
2.801 9.73776e-06
2.802 9.6924e-06
2.803 9.64734e-06
2.804 9.60258e-06
2.805 9.55811e-06
2.806 9.51394e-06
2.807 9.47006e-06
2.808 9.42646e-06
2.809 9.38315e-06
2.81 9.34011e-06
2.811 9.29736e-06
2.812 9.25488e-06
2.813 9.21268e-06
2.814 9.17074e-06
2.815 9.12907e-06
2.816 9.08767e-06
2.817 9.04653e-06
2.818 9.00565e-06
2.819 8.96503e-06
2.82 8.92467e-06
2.821 8.88455e-06
2.822 8.84469e-06
2.823 8.80508e-06
2.824 8.76571e-06
2.825 8.72658e-06
2.826 8.6877e-06
2.827 8.64905e-06
2.828 8.61064e-06
2.829 8.57247e-06
2.83 8.53453e-06
2.831 8.49682e-06
2.832 8.45934e-06
2.833 8.42208e-06
2.834 8.38505e-06
2.835 8.34824e-06
2.836 8.31165e-06
2.837 8.27528e-06
2.838 8.23913e-06
2.839 8.20319e-06
2.84 8.16746e-06
2.841 8.13195e-06
2.842 8.09664e-06
2.843 8.06154e-06
2.844 8.02664e-06
2.845 7.99195e-06
2.846 7.95746e-06
2.847 7.92317e-06
2.848 7.88908e-06
2.849 7.85519e-06
2.85 7.82149e-06
2.851 7.78798e-06
2.852 7.75466e-06
2.853 7.72154e-06
2.854 7.6886e-06
2.855 7.65585e-06
2.856 7.62329e-06
2.857 7.5909e-06
2.858 7.5587e-06
2.859 7.52669e-06
2.86 7.49485e-06
2.861 7.46318e-06
2.862 7.4317e-06
2.863 7.40039e-06
2.864 7.36925e-06
2.865 7.33828e-06
2.866 7.30749e-06
2.867 7.27686e-06
2.868 7.2464e-06
2.869 7.21611e-06
2.87 7.18599e-06
2.871 7.15602e-06
2.872 7.12622e-06
2.873 7.09658e-06
2.874 7.0671e-06
2.875 7.03778e-06
2.876 7.00862e-06
2.877 6.97961e-06
2.878 6.95076e-06
2.879 6.92206e-06
2.88 6.89351e-06
2.881 6.86512e-06
2.882 6.83687e-06
2.883 6.80878e-06
2.884 6.78083e-06
2.885 6.75303e-06
2.886 6.72537e-06
2.887 6.69786e-06
2.888 6.67049e-06
2.889 6.64327e-06
2.89 6.61618e-06
2.891 6.58924e-06
2.892 6.56243e-06
2.893 6.53576e-06
2.894 6.50923e-06
2.895 6.48284e-06
2.896 6.45658e-06
2.897 6.43045e-06
2.898 6.40446e-06
2.899 6.3786e-06
2.9 6.35287e-06
2.901 6.32727e-06
2.902 6.3018e-06
2.903 6.27646e-06
2.904 6.25124e-06
2.905 6.22615e-06
2.906 6.20119e-06
2.907 6.17635e-06
2.908 6.15164e-06
2.909 6.12704e-06
2.91 6.10257e-06
2.911 6.07822e-06
2.912 6.05399e-06
2.913 6.02988e-06
2.914 6.00589e-06
2.915 5.98201e-06
2.916 5.95826e-06
2.917 5.93461e-06
2.918 5.91109e-06
2.919 5.88767e-06
2.92 5.86437e-06
2.921 5.84119e-06
2.922 5.81811e-06
2.923 5.79515e-06
2.924 5.77229e-06
2.925 5.74955e-06
2.926 5.72691e-06
2.927 5.70439e-06
2.928 5.68197e-06
2.929 5.65965e-06
2.93 5.63745e-06
2.931 5.61534e-06
2.932 5.59335e-06
2.933 5.57145e-06
2.934 5.54966e-06
2.935 5.52797e-06
2.936 5.50639e-06
2.937 5.4849e-06
2.938 5.46351e-06
2.939 5.44223e-06
2.94 5.42104e-06
2.941 5.39995e-06
2.942 5.37896e-06
2.943 5.35807e-06
2.944 5.33727e-06
2.945 5.31657e-06
2.946 5.29596e-06
2.947 5.27545e-06
2.948 5.25503e-06
2.949 5.2347e-06
2.95 5.21447e-06
2.951 5.19433e-06
2.952 5.17428e-06
2.953 5.15432e-06
2.954 5.13445e-06
2.955 5.11468e-06
2.956 5.09499e-06
2.957 5.07539e-06
2.958 5.05587e-06
2.959 5.03645e-06
2.96 5.01711e-06
2.961 4.99786e-06
2.962 4.97869e-06
2.963 4.95961e-06
2.964 4.94062e-06
2.965 4.9217e-06
2.966 4.90288e-06
2.967 4.88413e-06
2.968 4.86547e-06
2.969 4.84689e-06
2.97 4.82839e-06
2.971 4.80997e-06
2.972 4.79164e-06
2.973 4.77338e-06
2.974 4.6759e-06
2.975 4.66615e-06
2.976 4.72704e-06
2.977 4.76288e-06
2.978 4.80307e-06
2.979 4.83138e-06
2.98 4.8642e-06
2.981 4.88888e-06
2.982 4.90996e-06
2.983 4.9229e-06
2.984 4.93104e-06
2.985 4.93301e-06
2.986 4.93042e-06
2.987 4.92283e-06
2.988 4.91124e-06
2.989 4.89581e-06
2.99 4.87726e-06
2.991 4.85587e-06
2.992 4.83218e-06
2.993 4.80649e-06
2.994 4.77922e-06
2.995 4.75062e-06
2.996 4.72102e-06
2.997 4.69064e-06
2.998 4.65972e-06
2.999 4.62843e-06
