0 -0.00131344
0.001 -0.00196557
0.002 -0.00249756
0.003 -0.00306736
0.004 -0.00364899
0.005 -0.00419347
0.006 -0.00469811
0.007 -0.00517539
0.008 -0.00563345
0.009 -0.00607369
0.01 -0.00649594
0.011 -0.00690198
0.012 -0.00729429
0.013 -0.00767173
0.014 -0.0080338
0.015 -0.00837337
0.016 -0.0087112
0.017 -0.00904273
0.018 -0.00936066
0.019 -0.00966556
0.02 -0.00997217
0.021 -0.010269
0.022 -0.0105574
0.023 -0.010838
0.024 -0.0111127
0.025 -0.0113811
0.026 -0.011641
0.027 -0.0119006
0.028 -0.0121527
0.029 -0.0123982
0.03 -0.0126539
0.031 -0.0128985
0.032 -0.0131321
0.033 -0.0133599
0.034 -0.0135822
0.035 -0.0138054
0.036 -0.0140212
0.037 -0.0142309
0.038 -0.0144268
0.039 -0.0146248
0.04 -0.014815
0.041 -0.0150114
0.042 -0.0152024
0.043 -0.0153879
0.044 -0.01557
0.045 -0.0157385
0.046 -0.0159292
0.047 -0.0161113
0.048 -0.016308
0.049 -0.016489
0.05 -0.016661
0.051 -0.0168284
0.052 -0.0169932
0.053 -0.0171552
0.054 -0.0173052
0.055 -0.0174804
0.056 -0.0176566
0.057 -0.0178013
0.058 -0.0179515
0.059 -0.0181017
0.06 -0.0182335
0.061 -0.018368
0.062 -0.018503
0.063 -0.0186402
0.064 -0.0187681
0.065 -0.0188864
0.066 -0.0190106
0.067 -0.0191386
0.068 -0.0192634
0.069 -0.0193903
0.07 -0.0195154
0.071 -0.0196545
0.072 -0.0197859
0.073 -0.0199092
0.074 -0.0200311
0.075 -0.0201683
0.076 -0.0202958
0.077 -0.0204129
0.078 -0.020542
0.079 -0.0206482
0.08 -0.0207544
0.081 -0.0208618
0.082 -0.0209677
0.083 -0.0210708
0.084 -0.0211758
0.085 -0.0212563
0.086 -0.0213472
0.087 -0.0214315
0.088 -0.0215262
0.089 -0.0216187
0.09 -0.0216989
0.091 -0.0217988
0.092 -0.0219066
0.093 -0.0220062
0.094 -0.0220902
0.095 -0.0221878
0.096 -0.0222793
0.097 -0.0223438
0.098 -0.0224179
0.099 -0.022504
0.1 -0.0225898
0.101 -0.0226718
0.102 -0.0227567
0.103 -0.0228424
0.104 -0.0229523
0.105 -0.0230516
0.106 -0.023139
0.107 -0.0232234
0.108 -0.0233097
0.109 -0.0234286
0.11 -0.0235197
0.111 -0.0236043
0.112 -0.0236914
0.113 -0.0237621
0.114 -0.0238338
0.115 -0.0239
0.116 -0.0239476
0.117 -0.0240103
0.118 -0.0240829
0.119 -0.0241461
0.12 -0.0242172
0.121 -0.0243055
0.122 -0.0243915
0.123 -0.024471
0.124 -0.0245624
0.125 -0.0246407
0.126 -0.0247106
0.127 -0.0247937
0.128 -0.0248301
0.129 -0.0248934
0.13 -0.0249537
0.131 -0.0250103
0.132 -0.0250615
0.133 -0.0250955
0.134 -0.0251351
0.135 -0.0251941
0.136 -0.0252508
0.137 -0.0252985
0.138 -0.0253602
0.139 -0.0254393
0.14 -0.0255077
0.141 -0.0255659
0.142 -0.0256322
0.143 -0.0256803
0.144 -0.0257284
0.145 -0.0257889
0.146 -0.0258478
0.147 -0.0258896
0.148 -0.0259611
0.149 -0.0260594
0.15 -0.0261265
0.151 -0.0261852
0.152 -0.0262448
0.153 -0.0262945
0.154 -0.026393
0.155 -0.0264478
0.156 -0.026505
0.157 -0.0265417
0.158 -0.02659
0.159 -0.0266354
0.16 -0.0266684
0.161 -0.0267101
0.162 -0.0267596
0.163 -0.0268058
0.164 -0.0268685
0.165 -0.0269325
0.166 -0.0269888
0.167 -0.0270584
0.168 -0.0271205
0.169 -0.0271843
0.17 -0.0272313
0.171 -0.0272623
0.172 -0.0273168
0.173 -0.0273643
0.174 -0.0274071
0.175 -0.0274265
0.176 -0.0274356
0.177 -0.0274795
0.178 -0.0275232
0.179 -0.0275474
0.18 -0.0275951
0.181 -0.0276519
0.182 -0.027691
0.183 -0.0277385
0.184 -0.0277653
0.185 -0.0277902
0.186 -0.0278241
0.187 -0.0278634
0.188 -0.0278935
0.189 -0.027938
0.19 -0.0280083
0.191 -0.0280656
0.192 -0.0281114
0.193 -0.0281492
0.194 -0.0282159
0.195 -0.0282886
0.196 -0.0283338
0.197 -0.028382
0.198 -0.0284068
0.199 -0.0284402
0.2 -0.0284474
0.201 -0.0284739
0.202 -0.0285102
0.203 -0.0285392
0.204 -0.028594
0.205 -0.028648
0.206 -0.0286927
0.207 -0.0287504
0.208 -0.0287999
0.209 -0.028849
0.21 -0.0288502
0.211 -0.0288864
0.212 -0.0289186
0.213 -0.0289446
0.214 -0.0289628
0.215 -0.0289682
0.216 -0.0289853
0.217 -0.029012
0.218 -0.0290336
0.219 -0.0290644
0.22 -0.029116
0.221 -0.0291573
0.222 -0.0291923
0.223 -0.029221
0.224 -0.0292398
0.225 -0.0292721
0.226 -0.0293072
0.227 -0.0293226
0.228 -0.0293718
0.229 -0.0294391
0.23 -0.029487
0.231 -0.0295225
0.232 -0.0295583
0.233 -0.0296252
0.234 -0.0296573
0.235 -0.0296929
0.236 -0.0297073
0.237 -0.0297308
0.238 -0.0297524
0.239 -0.0297623
0.24 -0.0297907
0.241 -0.029814
0.242 -0.0298567
0.243 -0.0299
0.244 -0.029938
0.245 -0.0299872
0.246 -0.030029
0.247 -0.0300741
0.248 -0.0300934
0.249 -0.0301192
0.25 -0.0301475
0.251 -0.0301724
0.252 -0.0301716
0.253 -0.0301634
0.254 -0.0301883
0.255 -0.0302133
0.256 -0.0302304
0.257 -0.030269
0.258 -0.0302965
0.259 -0.0303156
0.26 -0.0303475
0.261 -0.0303443
0.262 -0.030359
0.263 -0.0303812
0.264 -0.0303952
0.265 -0.0304253
0.266 -0.0304807
0.267 -0.0305217
0.268 -0.0305505
0.269 -0.030582
0.27 -0.0306475
0.271 -0.0306829
0.272 -0.0307172
0.273 -0.0307269
0.274 -0.0307458
0.275 -0.0307362
0.276 -0.0307499
0.277 -0.0307726
0.278 -0.0307927
0.279 -0.0308324
0.28 -0.0308778
0.281 -0.0309067
0.282 -0.0309515
0.283 -0.030992
0.284 -0.0310028
0.285 -0.0310109
0.286 -0.0310278
0.287 -0.0310405
0.288 -0.031046
0.289 -0.0310327
0.29 -0.0310407
0.291 -0.0310548
0.292 -0.0310683
0.293 -0.0311063
0.294 -0.0311343
0.295 -0.0311526
0.296 -0.0311802
0.297 -0.0311889
0.298 -0.0312029
0.299 -0.0312251
0.3 -0.0312297
0.301 -0.0312668
0.302 -0.0313228
0.303 -0.0313597
0.304 -0.0313843
0.305 -0.0313981
0.306 -0.0314628
0.307 -0.0314851
0.308 -0.0314913
0.309 -0.0315034
0.31 -0.0315204
0.311 -0.0315191
0.312 -0.0315329
0.313 -0.031547
0.314 -0.031567
0.315 -0.0316071
0.316 -0.0316397
0.317 -0.0316801
0.318 -0.031713
0.319 -0.0317487
0.32 -0.0317469
0.321 -0.0317721
0.322 -0.0317925
0.323 -0.0318092
0.324 -0.0318008
0.325 -0.0317939
0.326 -0.0318043
0.327 -0.0318088
0.328 -0.0318238
0.329 -0.031855
0.33 -0.0318713
0.331 -0.0318891
0.332 -0.031876
0.333 -0.0318821
0.334 -0.0318955
0.335 -0.031902
0.336 -0.0319233
0.337 -0.0319703
0.338 -0.0320033
0.339 -0.032024
0.34 -0.032041
0.341 -0.0321031
0.342 -0.0321317
0.343 -0.0321461
0.344 -0.032156
0.345 -0.0321586
0.346 -0.0321523
0.347 -0.0321644
0.348 -0.0321687
0.349 -0.0322035
0.35 -0.0322367
0.351 -0.0322637
0.352 -0.0323013
0.353 -0.0323237
0.354 -0.0323461
0.355 -0.032335
0.356 -0.0323495
0.357 -0.032356
0.358 -0.0323536
0.359 -0.0323325
0.36 -0.0323336
0.361 -0.032341
0.362 -0.0323477
0.363 -0.032379
0.364 -0.0324005
0.365 -0.0324121
0.366 -0.0324262
0.367 -0.0324187
0.368 -0.0324374
0.369 -0.0324547
0.37 -0.0324769
0.371 -0.0325209
0.372 -0.0325505
0.373 -0.0325735
0.374 -0.0325808
0.375 -0.032632
0.376 -0.0326546
0.377 -0.0326725
0.378 -0.0326656
0.379 -0.0326767
0.38 -0.0326668
0.381 -0.0326714
0.382 -0.0326802
0.383 -0.0326961
0.384 -0.0327302
0.385 -0.0327572
0.386 -0.0327916
0.387 -0.0328188
0.388 -0.0328489
0.389 -0.0328413
0.39 -0.0328607
0.391 -0.0328743
0.392 -0.0328747
0.393 -0.0328653
0.394 -0.0328564
0.395 -0.0328631
0.396 -0.0328645
0.397 -0.0328888
0.398 -0.0329016
0.399 -0.032907
0.4 -0.0329075
0.401 -0.0328917
0.402 -0.0329031
0.403 -0.0329114
0.404 -0.0329234
0.405 -0.0329624
0.406 -0.0329909
0.407 -0.0330073
0.408 -0.0330243
0.409 -0.0330749
0.41 -0.0331002
0.411 -0.0331214
0.412 -0.0331186
0.413 -0.0331203
0.414 -0.0331028
0.415 -0.0331097
0.416 -0.0331091
0.417 -0.0331392
0.418 -0.0331676
0.419 -0.0331898
0.42 -0.0332227
0.421 -0.0332404
0.422 -0.0332477
0.423 -0.0332467
0.424 -0.0332514
0.425 -0.0332523
0.426 -0.0332185
0.427 -0.0332031
0.428 -0.0332091
0.429 -0.0332091
0.43 -0.0332154
0.431 -0.0332439
0.432 -0.0332598
0.433 -0.0332739
0.434 -0.0332736
0.435 -0.0332765
0.436 -0.0332892
0.437 -0.0332854
0.438 -0.0333118
0.439 -0.0333595
0.44 -0.0333859
0.441 -0.0333993
0.442 -0.0334231
0.443 -0.0334502
0.444 -0.0334686
0.445 -0.0334651
0.446 -0.0334672
0.447 -0.0334537
0.448 -0.0334559
0.449 -0.0334623
0.45 -0.0334749
0.451 -0.0335102
0.452 -0.0335323
0.453 -0.0335624
0.454 -0.033586
0.455 -0.0336116
0.456 -0.0335992
0.457 -0.033615
0.458 -0.0336261
0.459 -0.0336231
0.46 -0.0336044
0.461 -0.0335958
0.462 -0.0335998
0.463 -0.0335978
0.464 -0.0336186
0.465 -0.033632
0.466 -0.0336394
0.467 -0.0336165
0.468 -0.0336098
0.469 -0.0336159
0.47 -0.0336137
0.471 -0.0336265
0.472 -0.0336638
0.473 -0.0336886
0.474 -0.0337017
0.475 -0.0337329
0.476 -0.0337657
0.477 -0.0337853
0.478 -0.0337906
0.479 -0.0337866
0.48 -0.033774
0.481 -0.0337624
0.482 -0.0337654
0.483 -0.0337726
0.484 -0.0338075
0.485 -0.0338296
0.486 -0.0338588
0.487 -0.0338808
0.488 -0.0339037
0.489 -0.0338784
0.49 -0.0338842
0.491 -0.0338835
0.492 -0.0338743
0.493 -0.0338328
0.494 -0.0338338
0.495 -0.0338358
0.496 -0.0338354
0.497 -0.0338595
0.498 -0.0338721
0.499 -0.0338822
0.5 -0.0338789
0.501 -0.0338766
0.502 -0.0338871
0.503 -0.033881
0.504 -0.0339046
0.505 -0.0339491
0.506 -0.0339728
0.507 -0.0339717
0.508 -0.0340151
0.509 -0.0340306
0.51 -0.0340434
0.511 -0.0340324
0.512 -0.0340359
0.513 -0.0340202
0.514 -0.0340195
0.515 -0.0340229
0.516 -0.0340329
0.517 -0.034063
0.518 -0.0340867
0.519 -0.0341136
0.52 -0.0341306
0.521 -0.0341443
0.522 -0.0341469
0.523 -0.0341557
0.524 -0.0341607
0.525 -0.0341383
0.526 -0.0341222
0.527 -0.0341204
0.528 -0.0341131
0.529 -0.0341173
0.53 -0.0341377
0.531 -0.0341387
0.532 -0.0341508
0.533 -0.0341259
0.534 -0.0341225
0.535 -0.0341255
0.536 -0.0341321
0.537 -0.0341623
0.538 -0.0341865
0.539 -0.034198
0.54 -0.0342102
0.541 -0.0342567
0.542 -0.0342735
0.543 -0.0342771
0.544 -0.0342766
0.545 -0.0342686
0.546 -0.0342447
0.547 -0.0342498
0.548 -0.0342506
0.549 -0.0342749
0.55 -0.0343008
0.551 -0.0343296
0.552 -0.0343488
0.553 -0.0343687
0.554 -0.0343406
0.555 -0.0343443
0.556 -0.0343458
0.557 -0.0343306
0.558 -0.0342985
0.559 -0.0342895
0.56 -0.0342875
0.561 -0.0342847
0.562 -0.0343068
0.563 -0.0343223
0.564 -0.0343263
0.565 -0.0343201
0.566 -0.0343135
0.567 -0.0343229
0.568 -0.0343153
0.569 -0.0343369
0.57 -0.0343789
0.571 -0.0344007
0.572 -0.0343977
0.573 -0.0344391
0.574 -0.0344525
0.575 -0.0344634
0.576 -0.0344503
0.577 -0.034453
0.578 -0.0344352
0.579 -0.034435
0.58 -0.0344356
0.581 -0.0344552
0.582 -0.0344771
0.583 -0.0344928
0.584 -0.0345185
0.585 -0.0345456
0.586 -0.0345326
0.587 -0.0345406
0.588 -0.0345493
0.589 -0.034556
0.59 -0.0345321
0.591 -0.0345115
0.592 -0.0345086
0.593 -0.0344968
0.594 -0.0345161
0.595 -0.0345228
0.596 -0.0345258
0.597 -0.0345022
0.598 -0.0344901
0.599 -0.0344925
0.6 -0.0344941
0.601 -0.0344985
0.602 -0.0345314
0.603 -0.0345525
0.604 -0.0345614
0.605 -0.0345882
0.606 -0.0346169
0.607 -0.0346326
0.608 -0.0346341
0.609 -0.0346262
0.61 -0.0345964
0.611 -0.0345908
0.612 -0.0345863
0.613 -0.0345936
0.614 -0.034624
0.615 -0.0346468
0.616 -0.0346733
0.617 -0.034685
0.618 -0.0346864
0.619 -0.0346794
0.62 -0.0346778
0.621 -0.0346725
0.622 -0.0346315
0.623 -0.0346176
0.624 -0.0346126
0.625 -0.0346004
0.626 -0.034611
0.627 -0.0346309
0.628 -0.0346358
0.629 -0.0346391
0.63 -0.0346207
0.631 -0.0346297
0.632 -0.0346377
0.633 -0.0346499
0.634 -0.0346878
0.635 -0.0347086
0.636 -0.0347169
0.637 -0.0347341
0.638 -0.0347543
0.639 -0.0347664
0.64 -0.0347566
0.641 -0.0347527
0.642 -0.0347329
0.643 -0.0347291
0.644 -0.0347295
0.645 -0.0347362
0.646 -0.0347625
0.647 -0.034783
0.648 -0.0348071
0.649 -0.0348213
0.65 -0.0348321
0.651 -0.0348314
0.652 -0.034837
0.653 -0.0348391
0.654 -0.0348135
0.655 -0.0347942
0.656 -0.0347894
0.657 -0.0347708
0.658 -0.0347834
0.659 -0.0347951
0.66 -0.0347943
0.661 -0.0347866
0.662 -0.0347613
0.663 -0.0347636
0.664 -0.0347652
0.665 -0.0347685
0.666 -0.0347999
0.667 -0.0348197
0.668 -0.0348275
0.669 -0.0348532
0.67 -0.0348807
0.671 -0.0348954
0.672 -0.0348958
0.673 -0.0348868
0.674 -0.0348558
0.675 -0.0348492
0.676 -0.0348436
0.677 -0.0348498
0.678 -0.0348792
0.679 -0.0349011
0.68 -0.0349265
0.681 -0.0349372
0.682 -0.0349128
0.683 -0.0349204
0.684 -0.034921
0.685 -0.0349154
0.686 -0.0348747
0.687 -0.0348599
0.688 -0.0348547
0.689 -0.034846
0.69 -0.0348677
0.691 -0.0348786
0.692 -0.0348813
0.693 -0.0348751
0.694 -0.0348648
0.695 -0.0348717
0.696 -0.0348768
0.697 -0.034887
0.698 -0.0349241
0.699 -0.0349434
0.7 -0.0349507
0.701 -0.0349671
0.702 -0.0349863
0.703 -0.0349974
0.704 -0.0349816
0.705 -0.0349813
0.706 -0.034961
0.707 -0.0349587
0.708 -0.0349571
0.709 -0.0349744
0.71 -0.0349939
0.711 -0.0350073
0.712 -0.035031
0.713 -0.0350561
0.714 -0.0350517
0.715 -0.0350501
0.716 -0.0350539
0.717 -0.0350542
0.718 -0.035031
0.719 -0.0350084
0.72 -0.0350042
0.721 -0.0349952
0.722 -0.0350097
0.723 -0.0350166
0.724 -0.0350159
0.725 -0.0349861
0.726 -0.0349771
0.727 -0.0349753
0.728 -0.0349632
0.729 -0.0349935
0.73 -0.0350165
0.731 -0.0350289
0.732 -0.0350284
0.733 -0.0350746
0.734 -0.0350927
0.735 -0.0351046
0.736 -0.0350925
0.737 -0.0350794
0.738 -0.0350587
0.739 -0.0350564
0.74 -0.0350517
0.741 -0.0350725
0.742 -0.0350951
0.743 -0.0351202
0.744 -0.0351357
0.745 -0.035152
0.746 -0.0351199
0.747 -0.0351199
0.748 -0.0351182
0.749 -0.0350994
0.75 -0.0350513
0.751 -0.035047
0.752 -0.0350406
0.753 -0.0350371
0.754 -0.0350562
0.755 -0.0350695
0.756 -0.0350719
0.757 -0.0350607
0.758 -0.0350552
0.759 -0.03506
0.76 -0.0350696
0.761 -0.0351047
0.762 -0.0351232
0.763 -0.0351303
0.764 -0.0351353
0.765 -0.0351728
0.766 -0.0351762
0.767 -0.035162
0.768 -0.0351551
0.769 -0.0351499
0.77 -0.035132
0.771 -0.035131
0.772 -0.0351337
0.773 -0.0351603
0.774 -0.0351741
0.775 -0.0351968
0.776 -0.0352098
0.777 -0.0352183
0.778 -0.0352154
0.779 -0.035219
0.78 -0.0352192
0.781 -0.0351915
0.782 -0.0351702
0.783 -0.0351636
0.784 -0.0351432
0.785 -0.035154
0.786 -0.035164
0.787 -0.0351615
0.788 -0.0351476
0.789 -0.0351273
0.79 -0.0351259
0.791 -0.0351247
0.792 -0.0351268
0.793 -0.0351568
0.794 -0.0351751
0.795 -0.0351815
0.796 -0.0352055
0.797 -0.0352316
0.798 -0.0352448
0.799 -0.0352357
0.8 -0.0352321
0.801 -0.0352
0.802 -0.035198
0.803 -0.0351886
0.804 -0.0352099
0.805 -0.035228
0.806 -0.0352411
0.807 -0.035266
0.808 -0.0352868
0.809 -0.0352624
0.81 -0.035256
0.811 -0.0352529
0.812 -0.0352341
0.813 -0.0351981
0.814 -0.0351852
0.815 -0.0351794
0.816 -0.0351729
0.817 -0.0351912
0.818 -0.0351978
0.819 -0.0352016
0.82 -0.0351924
0.821 -0.0351866
0.822 -0.0351908
0.823 -0.0351964
0.824 -0.0352264
0.825 -0.0352451
0.826 -0.0352574
0.827 -0.0352601
0.828 -0.0352944
0.829 -0.0353015
0.83 -0.0352858
0.831 -0.0352824
0.832 -0.0352747
0.833 -0.0352562
0.834 -0.0352567
0.835 -0.0352577
0.836 -0.0352835
0.837 -0.0352967
0.838 -0.0353191
0.839 -0.0353316
0.84 -0.0353458
0.841 -0.0353387
0.842 -0.035341
0.843 -0.0353406
0.844 -0.0353125
0.845 -0.0352905
0.846 -0.0352832
0.847 -0.0352708
0.848 -0.0352744
0.849 -0.0352828
0.85 -0.0352797
0.851 -0.0352699
0.852 -0.0352423
0.853 -0.0352423
0.854 -0.0352416
0.855 -0.0352429
0.856 -0.0352721
0.857 -0.0352898
0.858 -0.0352957
0.859 -0.0353192
0.86 -0.0353446
0.861 -0.0353573
0.862 -0.0353477
0.863 -0.0353436
0.864 -0.0353109
0.865 -0.0353084
0.866 -0.0352985
0.867 -0.0353193
0.868 -0.035337
0.869 -0.0353496
0.87 -0.035374
0.871 -0.0353943
0.872 -0.0353693
0.873 -0.0353625
0.874 -0.035359
0.875 -0.0353396
0.876 -0.0353032
0.877 -0.0352899
0.878 -0.0352836
0.879 -0.0352766
0.88 -0.0352945
0.881 -0.0353009
0.882 -0.0353037
0.883 -0.0352938
0.884 -0.0352878
0.885 -0.0352916
0.886 -0.0352968
0.887 -0.0353264
0.888 -0.0353458
0.889 -0.0353567
0.89 -0.03536
0.891 -0.0353968
0.892 -0.0353993
0.893 -0.0353846
0.894 -0.035377
0.895 -0.0353712
0.896 -0.0353524
0.897 -0.0353525
0.898 -0.0353531
0.899 -0.0353785
0.9 -0.0353914
0.901 -0.0354134
0.902 -0.0354256
0.903 -0.0354332
0.904 -0.0354294
0.905 -0.0354322
0.906 -0.0354315
0.907 -0.035403
0.908 -0.0353807
0.909 -0.0353734
0.91 -0.035352
0.911 -0.0353703
0.912 -0.035375
0.913 -0.0353739
0.914 -0.0353464
0.915 -0.0353308
0.916 -0.0353298
0.917 -0.0353244
0.918 -0.0353276
0.919 -0.0353575
0.92 -0.0353752
0.921 -0.0353748
0.922 -0.0354191
0.923 -0.0354359
0.924 -0.0354469
0.925 -0.0354338
0.926 -0.0354254
0.927 -0.0353975
0.928 -0.0353945
0.929 -0.0353836
0.93 -0.0354051
0.931 -0.035428
0.932 -0.0354441
0.933 -0.035463
0.934 -0.0354799
0.935 -0.0354462
0.936 -0.0354448
0.937 -0.035442
0.938 -0.0354221
0.939 -0.0353727
0.94 -0.0353672
0.941 -0.0353582
0.942 -0.0353546
0.943 -0.0353737
0.944 -0.0353771
0.945 -0.0353836
0.946 -0.0353719
0.947 -0.0353656
0.948 -0.035369
0.949 -0.0353777
0.95 -0.0354181
0.951 -0.0354301
0.952 -0.0354344
0.953 -0.0354273
0.954 -0.0354659
0.955 -0.0354738
0.956 -0.0354592
0.957 -0.0354512
0.958 -0.0354285
0.959 -0.0354221
0.96 -0.0354194
0.961 -0.0354231
0.962 -0.0354461
0.963 -0.0354636
0.964 -0.035485
0.965 -0.035508
0.966 -0.0354909
0.967 -0.035495
0.968 -0.0355
0.969 -0.0355001
0.97 -0.0354738
0.971 -0.035449
0.972 -0.0354431
0.973 -0.0354324
0.974 -0.0354452
0.975 -0.0354503
0.976 -0.0354477
0.977 -0.035416
0.978 -0.0354053
0.979 -0.0354017
0.98 -0.035388
0.981 -0.0354164
0.982 -0.0354387
0.983 -0.0354492
0.984 -0.0354463
0.985 -0.0354907
0.986 -0.0355072
0.987 -0.0355044
0.988 -0.0354989
0.989 -0.0354853
0.99 -0.0354565
0.991 -0.0354567
0.992 -0.035453
0.993 -0.0354801
0.994 -0.0354944
0.995 -0.0355162
0.996 -0.0355263
0.997 -0.035534
0.998 -0.0355157
0.999 -0.0355088
1 -0.0354998
1.001 -0.0354547
1.002 -0.0354367
1.003 -0.0354278
1.004 -0.0354117
1.005 -0.0354187
1.006 -0.035435
1.007 -0.0354362
1.008 -0.035436
1.009 -0.0354192
1.01 -0.0354227
1.011 -0.0354255
1.012 -0.0354336
1.013 -0.0354678
1.014 -0.0354848
1.015 -0.0354839
1.016 -0.0355159
1.017 -0.0355235
1.018 -0.0355298
1.019 -0.035512
1.02 -0.03551
1.021 -0.0354872
1.022 -0.0354825
1.023 -0.0354784
1.024 -0.035495
1.025 -0.0355189
1.026 -0.0355232
1.027 -0.0355461
1.028 -0.0355676
1.029 -0.0355458
1.03 -0.0355524
1.031 -0.0355548
1.032 -0.0355434
1.033 -0.0354931
1.034 -0.0354912
1.035 -0.0354834
1.036 -0.035479
1.037 -0.0354936
1.038 -0.0354882
1.039 -0.035494
1.04 -0.0354633
1.041 -0.0354539
1.042 -0.0354494
1.043 -0.0354515
1.044 -0.0354824
1.045 -0.0354975
1.046 -0.0355013
1.047 -0.0355009
1.048 -0.0355386
1.049 -0.0355555
1.05 -0.0355534
1.051 -0.035541
1.052 -0.0355071
1.053 -0.0354982
1.054 -0.0354901
1.055 -0.0354973
1.056 -0.0355222
1.057 -0.0355399
1.058 -0.0355631
1.059 -0.0355825
1.06 -0.035546
1.061 -0.0355482
1.062 -0.035547
1.063 -0.0355316
1.064 -0.0354951
1.065 -0.0354772
1.066 -0.0354696
1.067 -0.0354616
1.068 -0.0354788
1.069 -0.0354839
1.07 -0.0354864
1.071 -0.0354759
1.072 -0.0354689
1.073 -0.0354718
1.074 -0.0354762
1.075 -0.035505
1.076 -0.0355224
1.077 -0.0355337
1.078 -0.0355353
1.079 -0.0355684
1.08 -0.0355743
1.081 -0.0355575
1.082 -0.0355497
1.083 -0.0355428
1.084 -0.0355236
1.085 -0.035523
1.086 -0.0355229
1.087 -0.0355475
1.088 -0.0355598
1.089 -0.0355812
1.09 -0.0355927
1.091 -0.0355997
1.092 -0.0355951
1.093 -0.0355972
1.094 -0.035596
1.095 -0.0355667
1.096 -0.0355429
1.097 -0.0355356
1.098 -0.0355189
1.099 -0.0355337
1.1 -0.0355361
1.101 -0.0355343
1.102 -0.0355063
1.103 -0.0354898
1.104 -0.0354881
1.105 -0.0354783
1.106 -0.0354832
1.107 -0.0355129
1.108 -0.03553
1.109 -0.035529
1.11 -0.0355727
1.111 -0.0355889
1.112 -0.0355993
1.113 -0.0355856
1.114 -0.0355706
1.115 -0.0355479
1.116 -0.0355424
1.117 -0.0355374
1.118 -0.0355559
1.119 -0.0355767
1.12 -0.0355999
1.121 -0.0356137
1.122 -0.0356281
1.123 -0.0355938
1.124 -0.0355919
1.125 -0.0355839
1.126 -0.0355377
1.127 -0.0355106
1.128 -0.0355047
1.129 -0.0354955
1.13 -0.0354921
1.131 -0.0355114
1.132 -0.0355147
1.133 -0.0355212
1.134 -0.0354942
1.135 -0.0354981
1.136 -0.035503
1.137 -0.0355113
1.138 -0.0355449
1.139 -0.0355614
1.14 -0.0355663
1.141 -0.0355798
1.142 -0.0355962
1.143 -0.0356047
1.144 -0.0355863
1.145 -0.0355835
1.146 -0.0355605
1.147 -0.0355557
1.148 -0.0355515
1.149 -0.0355664
1.15 -0.0355885
1.151 -0.0355959
1.152 -0.0356167
1.153 -0.035639
1.154 -0.0356161
1.155 -0.0356234
1.156 -0.0356249
1.157 -0.0356135
1.158 -0.0355628
1.159 -0.0355608
1.16 -0.0355591
1.161 -0.0355494
1.162 -0.035562
1.163 -0.0355622
1.164 -0.0355648
1.165 -0.0355329
1.166 -0.0355229
1.167 -0.0355202
1.168 -0.0355204
1.169 -0.0355471
1.17 -0.0355643
1.171 -0.0355689
1.172 -0.035568
1.173 -0.0356091
1.174 -0.0356234
1.175 -0.0356204
1.176 -0.0356076
1.177 -0.0355734
1.178 -0.0355642
1.179 -0.0355557
1.18 -0.0355625
1.181 -0.0355871
1.182 -0.0356045
1.183 -0.0356274
1.184 -0.0356465
1.185 -0.0356097
1.186 -0.0356115
1.187 -0.0356101
1.188 -0.0355969
1.189 -0.035558
1.19 -0.0355395
1.191 -0.0355318
1.192 -0.0355236
1.193 -0.0355405
1.194 -0.0355454
1.195 -0.0355476
1.196 -0.0355368
1.197 -0.0355295
1.198 -0.0355322
1.199 -0.0355363
1.2 -0.0355649
1.201 -0.035582
1.202 -0.035593
1.203 -0.0355955
1.204 -0.035631
1.205 -0.0356324
1.206 -0.0356167
1.207 -0.0356081
1.208 -0.0356012
1.209 -0.0355815
1.21 -0.0355806
1.211 -0.0355802
1.212 -0.0356046
1.213 -0.0356176
1.214 -0.0356383
1.215 -0.0356491
1.216 -0.0356559
1.217 -0.0356511
1.218 -0.035653
1.219 -0.0356507
1.22 -0.035623
1.221 -0.0355984
1.222 -0.0355906
1.223 -0.035579
1.224 -0.0355908
1.225 -0.0355914
1.226 -0.0355893
1.227 -0.0355611
1.228 -0.0355443
1.229 -0.0355425
1.23 -0.0355327
1.231 -0.0355361
1.232 -0.0355673
1.233 -0.0355833
1.234 -0.0355817
1.235 -0.0356252
1.236 -0.0356412
1.237 -0.0356514
1.238 -0.0356374
1.239 -0.0356221
1.24 -0.0355922
1.241 -0.035592
1.242 -0.0355871
1.243 -0.0356101
1.244 -0.035627
1.245 -0.0356491
1.246 -0.035663
1.247 -0.0356775
1.248 -0.035643
1.249 -0.0356408
1.25 -0.0356326
1.251 -0.0355862
1.252 -0.0355668
1.253 -0.0355572
1.254 -0.0355442
1.255 -0.035548
1.256 -0.0355632
1.257 -0.0355637
1.258 -0.0355629
1.259 -0.0355428
1.26 -0.0355467
1.261 -0.03555
1.262 -0.0355577
1.263 -0.0355912
1.264 -0.0356076
1.265 -0.0356062
1.266 -0.0356376
1.267 -0.0356447
1.268 -0.0356505
1.269 -0.0356322
1.27 -0.0356297
1.271 -0.0356063
1.272 -0.0356011
1.273 -0.0355965
1.274 -0.0356126
1.275 -0.035636
1.276 -0.0356578
1.277 -0.0356704
1.278 -0.0356864
1.279 -0.0356641
1.28 -0.0356705
1.281 -0.0356707
1.282 -0.0356406
1.283 -0.0356028
1.284 -0.0356014
1.285 -0.0355921
1.286 -0.0355894
1.287 -0.0356029
1.288 -0.035597
1.289 -0.0356028
1.29 -0.0355719
1.291 -0.0355621
1.292 -0.0355585
1.293 -0.035559
1.294 -0.0355863
1.295 -0.0356032
1.296 -0.0356073
1.297 -0.0356289
1.298 -0.0356527
1.299 -0.0356639
1.3 -0.0356569
1.301 -0.0356475
1.302 -0.0356133
1.303 -0.0356098
1.304 -0.0355985
1.305 -0.0356179
1.306 -0.0356342
1.307 -0.0356456
1.308 -0.0356687
1.309 -0.0356877
1.31 -0.0356612
1.311 -0.0356531
1.312 -0.0356483
1.313 -0.0356277
1.314 -0.0355899
1.315 -0.0355753
1.316 -0.0355678
1.317 -0.0355596
1.318 -0.0355763
1.319 -0.0355807
1.32 -0.0355834
1.321 -0.0355723
1.322 -0.035565
1.323 -0.0355676
1.324 -0.035575
1.325 -0.0356106
1.326 -0.0356249
1.327 -0.0356292
1.328 -0.0356207
1.329 -0.035665
1.33 -0.0356674
1.331 -0.0356512
1.332 -0.0356423
1.333 -0.0356187
1.334 -0.0356114
1.335 -0.0356077
1.336 -0.0356106
1.337 -0.0356326
1.338 -0.0356493
1.339 -0.0356699
1.34 -0.035692
1.341 -0.0356742
1.342 -0.0356774
1.343 -0.0356816
1.344 -0.0356809
1.345 -0.0356538
1.346 -0.0356281
1.347 -0.0356215
1.348 -0.03561
1.349 -0.035622
1.35 -0.0356157
1.351 -0.0356199
1.352 -0.0355889
1.353 -0.0355777
1.354 -0.0355742
1.355 -0.0355706
1.356 -0.0355917
1.357 -0.0356093
1.358 -0.0356198
1.359 -0.0356252
1.36 -0.0356654
1.361 -0.0356758
1.362 -0.035672
1.363 -0.0356588
1.364 -0.0356477
1.365 -0.0356204
1.366 -0.0356196
1.367 -0.035615
1.368 -0.0356403
1.369 -0.0356566
1.37 -0.0356782
1.371 -0.0356865
1.372 -0.0356828
1.373 -0.0356705
1.374 -0.0356646
1.375 -0.0356548
1.376 -0.03561
1.377 -0.0355908
1.378 -0.0355818
1.379 -0.035573
1.38 -0.0355891
1.381 -0.0355957
1.382 -0.0355951
1.383 -0.0355857
1.384 -0.035572
1.385 -0.035576
1.386 -0.0355623
1.387 -0.0355788
1.388 -0.0356155
1.389 -0.0356315
1.39 -0.035624
1.391 -0.0356601
1.392 -0.0356697
1.393 -0.0356657
1.394 -0.0356526
1.395 -0.035646
1.396 -0.0356234
1.397 -0.0356225
1.398 -0.0356221
1.399 -0.0356462
1.4 -0.0356578
1.401 -0.0356787
1.402 -0.0356899
1.403 -0.0357088
1.404 -0.0356964
1.405 -0.0356962
1.406 -0.0356943
1.407 -0.0356647
1.408 -0.0356409
1.409 -0.0356321
1.41 -0.0356094
1.411 -0.0356182
1.412 -0.0356262
1.413 -0.0356215
1.414 -0.0355976
1.415 -0.0355813
1.416 -0.0355787
1.417 -0.0355722
1.418 -0.0355746
1.419 -0.0356034
1.42 -0.0356201
1.421 -0.0356188
1.422 -0.0356621
1.423 -0.0356779
1.424 -0.0356879
1.425 -0.0356738
1.426 -0.0356644
1.427 -0.0356355
1.428 -0.0356307
1.429 -0.0356196
1.43 -0.0356402
1.431 -0.0356622
1.432 -0.0356848
1.433 -0.0356983
1.434 -0.0357123
1.435 -0.0356776
1.436 -0.0356753
1.437 -0.0356671
1.438 -0.0356205
1.439 -0.035593
1.44 -0.0355868
1.441 -0.0355772
1.442 -0.0355735
1.443 -0.0355925
1.444 -0.0355955
1.445 -0.0356017
1.446 -0.0355744
1.447 -0.0355779
1.448 -0.0355821
1.449 -0.0355904
1.45 -0.0356238
1.451 -0.0356399
1.452 -0.0356445
1.453 -0.0356576
1.454 -0.0356737
1.455 -0.0356819
1.456 -0.0356632
1.457 -0.0356601
1.458 -0.0356367
1.459 -0.0356316
1.46 -0.0356272
1.461 -0.0356417
1.462 -0.0356635
1.463 -0.0356706
1.464 -0.0356911
1.465 -0.0357132
1.466 -0.0356899
1.467 -0.0356969
1.468 -0.0356981
1.469 -0.0356864
1.47 -0.0356353
1.471 -0.0356331
1.472 -0.0356311
1.473 -0.0356211
1.474 -0.0356334
1.475 -0.0356278
1.476 -0.0356338
1.477 -0.0356022
1.478 -0.0355922
1.479 -0.0355891
1.48 -0.0355892
1.481 -0.0356194
1.482 -0.035634
1.483 -0.0356374
1.484 -0.0356363
1.485 -0.0356734
1.486 -0.0356897
1.487 -0.035687
1.488 -0.0356741
1.489 -0.0356396
1.49 -0.0356301
1.491 -0.0356214
1.492 -0.035644
1.493 -0.0356601
1.494 -0.0356714
1.495 -0.0356944
1.496 -0.0357136
1.497 -0.0356872
1.498 -0.035679
1.499 -0.0356748
1.5 -0.0356537
1.501 -0.0356159
1.502 -0.0356012
1.503 -0.0355938
1.504 -0.0355854
1.505 -0.0356021
1.506 -0.0356073
1.507 -0.0356088
1.508 -0.0355976
1.509 -0.0355903
1.51 -0.0355929
1.511 -0.0356002
1.512 -0.0356299
1.513 -0.0356465
1.514 -0.035654
1.515 -0.0356566
1.516 -0.0356917
1.517 -0.0356929
1.518 -0.0356768
1.519 -0.0356678
1.52 -0.0356607
1.521 -0.0356406
1.522 -0.0356356
1.523 -0.0356375
1.524 -0.0356597
1.525 -0.0356757
1.526 -0.0356959
1.527 -0.035706
1.528 -0.0356952
1.529 -0.035701
1.53 -0.035705
1.531 -0.0357064
1.532 -0.0356772
1.533 -0.0356513
1.534 -0.0356446
1.535 -0.035633
1.536 -0.0356449
1.537 -0.0356491
1.538 -0.0356454
1.539 -0.0356129
1.54 -0.0356013
1.541 -0.035597
1.542 -0.0355898
1.543 -0.035613
1.544 -0.0356319
1.545 -0.035642
1.546 -0.0356385
1.547 -0.035682
1.548 -0.0356976
1.549 -0.0356923
1.55 -0.0356791
1.551 -0.0356679
1.552 -0.0356408
1.553 -0.0356401
1.554 -0.0356355
1.555 -0.035662
1.556 -0.0356758
1.557 -0.0356971
1.558 -0.0357066
1.559 -0.0357028
1.56 -0.0356906
1.561 -0.0356845
1.562 -0.0356744
1.563 -0.0356291
1.564 -0.0356103
1.565 -0.0356013
1.566 -0.0355924
1.567 -0.0356084
1.568 -0.035615
1.569 -0.0356143
1.57 -0.0356049
1.571 -0.0355911
1.572 -0.0355951
1.573 -0.035582
1.574 -0.0355998
1.575 -0.035635
1.576 -0.0356511
1.577 -0.0356432
1.578 -0.0356792
1.579 -0.0356886
1.58 -0.0356946
1.581 -0.0356745
1.582 -0.0356668
1.583 -0.0356437
1.584 -0.0356424
1.585 -0.0356415
1.586 -0.0356607
1.587 -0.0356773
1.588 -0.0356988
1.589 -0.0357122
1.59 -0.0357285
1.591 -0.035706
1.592 -0.0357122
1.593 -0.0357123
1.594 -0.0356824
1.595 -0.035658
1.596 -0.0356491
1.597 -0.0356308
1.598 -0.0356363
1.599 -0.0356437
1.6 -0.035639
1.601 -0.0356274
1.602 -0.0356021
1.603 -0.0355981
1.604 -0.0355949
1.605 -0.035595
1.606 -0.0356228
1.607 -0.0356391
1.608 -0.0356375
1.609 -0.0356806
1.61 -0.0356961
1.611 -0.0357058
1.612 -0.0356916
1.613 -0.035682
1.614 -0.035653
1.615 -0.035648
1.616 -0.0356368
1.617 -0.0356573
1.618 -0.0356792
1.619 -0.0357017
1.62 -0.035715
1.621 -0.0357289
1.622 -0.0356941
1.623 -0.0356918
1.624 -0.0356834
1.625 -0.0356368
1.626 -0.0356091
1.627 -0.0356029
1.628 -0.0355932
1.629 -0.0355894
1.63 -0.0356083
1.631 -0.0356112
1.632 -0.0356173
1.633 -0.0355899
1.634 -0.0355934
1.635 -0.0355974
1.636 -0.0356056
1.637 -0.0356389
1.638 -0.0356549
1.639 -0.0356595
1.64 -0.0356724
1.641 -0.0356884
1.642 -0.0356966
1.643 -0.0356778
1.644 -0.0356746
1.645 -0.0356512
1.646 -0.035646
1.647 -0.0356415
1.648 -0.035656
1.649 -0.0356776
1.65 -0.0356846
1.651 -0.0357051
1.652 -0.0357271
1.653 -0.0357038
1.654 -0.0357107
1.655 -0.0357119
1.656 -0.0357001
1.657 -0.0356489
1.658 -0.0356466
1.659 -0.0356446
1.66 -0.0356344
1.661 -0.0356467
1.662 -0.0356411
1.663 -0.0356471
1.664 -0.0356154
1.665 -0.0356053
1.666 -0.0356002
1.667 -0.0356018
1.668 -0.035632
1.669 -0.0356465
1.67 -0.0356497
1.671 -0.0356486
1.672 -0.0356857
1.673 -0.035702
1.674 -0.0356992
1.675 -0.0356862
1.676 -0.0356517
1.677 -0.0356422
1.678 -0.0356335
1.679 -0.0356559
1.68 -0.035672
1.681 -0.0356832
1.682 -0.0357062
1.683 -0.0357253
1.684 -0.0356989
1.685 -0.0356907
1.686 -0.0356864
1.687 -0.0356653
1.688 -0.0356274
1.689 -0.0356127
1.69 -0.0356051
1.691 -0.0355967
1.692 -0.0356134
1.693 -0.0356176
1.694 -0.0356202
1.695 -0.035609
1.696 -0.0356016
1.697 -0.0356041
1.698 -0.0356113
1.699 -0.035644
1.7 -0.0356602
1.701 -0.0356653
1.702 -0.0356682
1.703 -0.0357033
1.704 -0.0357044
1.705 -0.0356881
1.706 -0.035679
1.707 -0.035667
1.708 -0.0356503
1.709 -0.0356454
1.71 -0.0356476
1.711 -0.0356696
1.712 -0.0356857
1.713 -0.0357059
1.714 -0.035716
1.715 -0.0357051
1.716 -0.035711
1.717 -0.035715
1.718 -0.0357137
1.719 -0.0356863
1.72 -0.0356606
1.721 -0.035654
1.722 -0.0356424
1.723 -0.0356543
1.724 -0.0356532
1.725 -0.0356534
1.726 -0.0356216
1.727 -0.0356099
1.728 -0.0356055
1.729 -0.0356006
1.73 -0.0356226
1.731 -0.0356408
1.732 -0.0356509
1.733 -0.0356552
1.734 -0.0356937
1.735 -0.0357067
1.736 -0.035702
1.737 -0.035689
1.738 -0.0356776
1.739 -0.0356503
1.74 -0.0356494
1.741 -0.0356447
1.742 -0.0356712
1.743 -0.0356848
1.744 -0.035706
1.745 -0.0357154
1.746 -0.0357116
1.747 -0.0356992
1.748 -0.0356932
1.749 -0.0356833
1.75 -0.0356384
1.751 -0.0356191
1.752 -0.03561
1.753 -0.0356011
1.754 -0.0356171
1.755 -0.0356235
1.756 -0.0356228
1.757 -0.0356133
1.758 -0.0355995
1.759 -0.0356034
1.76 -0.0355902
1.761 -0.0356059
1.762 -0.0356425
1.763 -0.0356584
1.764 -0.0356508
1.765 -0.0356868
1.766 -0.0356963
1.767 -0.0357022
1.768 -0.0356821
1.769 -0.0356744
1.77 -0.0356512
1.771 -0.0356503
1.772 -0.0356495
1.773 -0.0356732
1.774 -0.0356845
1.775 -0.0357052
1.776 -0.0357161
1.777 -0.0357349
1.778 -0.0357222
1.779 -0.0357219
1.78 -0.0357198
1.781 -0.03569
1.782 -0.035666
1.783 -0.035657
1.784 -0.0356342
1.785 -0.0356428
1.786 -0.0356507
1.787 -0.0356458
1.788 -0.0356217
1.789 -0.0356053
1.79 -0.0356026
1.791 -0.0355959
1.792 -0.0355982
1.793 -0.0356269
1.794 -0.0356435
1.795 -0.035642
1.796 -0.0356853
1.797 -0.0357009
1.798 -0.0357107
1.799 -0.0356966
1.8 -0.0356811
1.801 -0.0356579
1.802 -0.0356533
1.803 -0.0356419
1.804 -0.0356623
1.805 -0.0356843
1.806 -0.0357069
1.807 -0.0357203
1.808 -0.0357342
1.809 -0.0356994
1.81 -0.0356971
1.811 -0.0356887
1.812 -0.0356421
1.813 -0.0356145
1.814 -0.0356082
1.815 -0.0355985
1.816 -0.0355947
1.817 -0.0356136
1.818 -0.0356165
1.819 -0.0356226
1.82 -0.0355952
1.821 -0.0355986
1.822 -0.035603
1.823 -0.0356109
1.824 -0.0356441
1.825 -0.0356602
1.826 -0.0356647
1.827 -0.0356776
1.828 -0.0356936
1.829 -0.0357017
1.83 -0.0356829
1.831 -0.0356796
1.832 -0.0356562
1.833 -0.035651
1.834 -0.0356464
1.835 -0.0356623
1.836 -0.0356854
1.837 -0.0356891
1.838 -0.0357113
1.839 -0.0357321
1.84 -0.0357096
1.841 -0.0357155
1.842 -0.0357173
1.843 -0.0357051
1.844 -0.035654
1.845 -0.0356515
1.846 -0.0356424
1.847 -0.0356379
1.848 -0.0356517
1.849 -0.0356456
1.85 -0.0356508
1.851 -0.0356193
1.852 -0.0356093
1.853 -0.0356054
1.854 -0.0356056
1.855 -0.0356354
1.856 -0.0356501
1.857 -0.0356536
1.858 -0.0356748
1.859 -0.0356983
1.86 -0.0357092
1.861 -0.035706
1.862 -0.0356932
1.863 -0.0356582
1.864 -0.0356513
1.865 -0.035641
1.866 -0.0356616
1.867 -0.0356776
1.868 -0.0356887
1.869 -0.0357115
1.87 -0.0357303
1.871 -0.0357036
1.872 -0.0356953
1.873 -0.0356903
1.874 -0.0356694
1.875 -0.0356314
1.876 -0.0356166
1.877 -0.0356089
1.878 -0.0356004
1.879 -0.035617
1.88 -0.0356212
1.881 -0.0356236
1.882 -0.0356124
1.883 -0.0356049
1.884 -0.0356073
1.885 -0.0356145
1.886 -0.0356498
1.887 -0.035664
1.888 -0.0356681
1.889 -0.0356594
1.89 -0.0357034
1.891 -0.0357057
1.892 -0.0356893
1.893 -0.0356801
1.894 -0.0356564
1.895 -0.0356489
1.896 -0.035645
1.897 -0.0356477
1.898 -0.0356696
1.899 -0.035686
1.9 -0.0357065
1.901 -0.0357284
1.902 -0.0357104
1.903 -0.0357135
1.904 -0.0357175
1.905 -0.0357166
1.906 -0.0356893
1.907 -0.0356634
1.908 -0.0356567
1.909 -0.0356449
1.91 -0.0356568
1.911 -0.0356503
1.912 -0.0356543
1.913 -0.0356231
1.914 -0.0356118
1.915 -0.0356081
1.916 -0.0356043
1.917 -0.0356252
1.918 -0.0356426
1.919 -0.0356529
1.92 -0.0356582
1.921 -0.0356981
1.922 -0.0357083
1.923 -0.0357044
1.924 -0.035691
1.925 -0.0356798
1.926 -0.0356522
1.927 -0.0356467
1.928 -0.0356451
1.929 -0.0356709
1.93 -0.0356885
1.931 -0.0357102
1.932 -0.035717
1.933 -0.0357134
1.934 -0.035701
1.935 -0.0356949
1.936 -0.0356876
1.937 -0.0356408
1.938 -0.0356204
1.939 -0.0356115
1.94 -0.0356027
1.941 -0.0356185
1.942 -0.0356249
1.943 -0.0356241
1.944 -0.0356145
1.945 -0.0356006
1.946 -0.0356045
1.947 -0.0355896
1.948 -0.0356277
1.949 -0.0356516
1.95 -0.035662
1.951 -0.035654
1.952 -0.0356906
1.953 -0.0356999
1.954 -0.035685
1.955 -0.0356783
1.956 -0.0356723
1.957 -0.0356498
1.958 -0.0356486
1.959 -0.0356481
1.96 -0.0356721
1.961 -0.0356838
1.962 -0.0357046
1.963 -0.0357156
1.964 -0.035722
1.965 -0.0357168
1.966 -0.0357183
1.967 -0.0357165
1.968 -0.0356866
1.969 -0.035663
1.97 -0.0356544
1.971 -0.0356319
1.972 -0.0356489
1.973 -0.0356524
1.974 -0.0356499
1.975 -0.0356212
1.976 -0.0356044
1.977 -0.0356023
1.978 -0.0355921
1.979 -0.0355965
1.98 -0.0356257
1.981 -0.0356424
1.982 -0.0356408
1.983 -0.0356842
1.984 -0.0356998
1.985 -0.0357097
1.986 -0.0356955
1.987 -0.03568
1.988 -0.0356568
1.989 -0.0356508
1.99 -0.0356454
1.991 -0.0356634
1.992 -0.0356837
1.993 -0.0357064
1.994 -0.0357197
1.995 -0.0357336
1.996 -0.0356987
1.997 -0.0356963
1.998 -0.0356878
1.999 -0.0356411
2 -0.0356174
2.001 -0.0356093
2.002 -0.0355978
2.003 -0.0355941
2.004 -0.0356106
2.005 -0.0356152
2.006 -0.0356136
2.007 -0.0355908
2.008 -0.0355955
2.009 -0.0356
2.01 -0.0356078
2.011 -0.0356411
2.012 -0.0356573
2.013 -0.0356619
2.014 -0.0356818
2.015 -0.0356929
2.016 -0.0356998
2.017 -0.0356812
2.018 -0.0356781
2.019 -0.0356545
2.02 -0.0356491
2.021 -0.0356444
2.022 -0.0356602
2.023 -0.0356833
2.024 -0.035687
2.025 -0.0357091
2.026 -0.0357299
2.027 -0.0357073
2.028 -0.0357131
2.029 -0.0357135
2.03 -0.0356836
2.031 -0.0356451
2.032 -0.0356442
2.033 -0.0356352
2.034 -0.0356323
2.035 -0.0356456
2.036 -0.0356396
2.037 -0.0356452
2.038 -0.0356142
2.039 -0.0356042
2.04 -0.0356004
2.041 -0.0356007
2.042 -0.0356279
2.043 -0.0356445
2.044 -0.0356484
2.045 -0.0356697
2.046 -0.0356933
2.047 -0.0357043
2.048 -0.0356971
2.049 -0.0356883
2.05 -0.0356534
2.051 -0.0356491
2.052 -0.0356378
2.053 -0.035657
2.054 -0.0356731
2.055 -0.0356842
2.056 -0.0357071
2.057 -0.0357258
2.058 -0.0356973
2.059 -0.03569
2.06 -0.0356853
2.061 -0.0356644
2.062 -0.0356239
2.063 -0.0356107
2.064 -0.0356015
2.065 -0.0355946
2.066 -0.0356114
2.067 -0.0356188
2.068 -0.03562
2.069 -0.0356075
2.07 -0.0355998
2.071 -0.0356022
2.072 -0.0356094
2.073 -0.0356447
2.074 -0.0356588
2.075 -0.0356628
2.076 -0.0356541
2.077 -0.0356981
2.078 -0.0357002
2.079 -0.0356838
2.08 -0.0356746
2.081 -0.0356508
2.082 -0.0356432
2.083 -0.0356393
2.084 -0.0356458
2.085 -0.0356664
2.086 -0.0356807
2.087 -0.0357013
2.088 -0.0357233
2.089 -0.0357051
2.09 -0.035708
2.091 -0.0357118
2.092 -0.0357093
2.093 -0.0356828
2.094 -0.0356571
2.095 -0.0356504
2.096 -0.0356386
2.097 -0.0356504
2.098 -0.0356439
2.099 -0.0356478
2.1 -0.0356166
2.101 -0.0356052
2.102 -0.0356015
2.103 -0.0355976
2.104 -0.0356184
2.105 -0.0356375
2.106 -0.0356458
2.107 -0.0356509
2.108 -0.0356911
2.109 -0.0357014
2.11 -0.0356974
2.111 -0.0356839
2.112 -0.0356726
2.113 -0.0356449
2.114 -0.0356348
2.115 -0.0356362
2.116 -0.0356626
2.117 -0.0356803
2.118 -0.0357019
2.119 -0.0357088
2.12 -0.0356927
2.121 -0.0356883
2.122 -0.0356839
2.123 -0.035677
2.124 -0.0356304
2.125 -0.0356096
2.126 -0.0356017
2.127 -0.0355932
2.128 -0.0356091
2.129 -0.0356155
2.13 -0.0356147
2.131 -0.0356043
2.132 -0.0355933
2.133 -0.0355963
2.134 -0.0355805
2.135 -0.0356186
2.136 -0.0356426
2.137 -0.035653
2.138 -0.0356449
2.139 -0.0356814
2.14 -0.0356906
2.141 -0.0356757
2.142 -0.035669
2.143 -0.0356629
2.144 -0.0356403
2.145 -0.035639
2.146 -0.0356385
2.147 -0.0356625
2.148 -0.035674
2.149 -0.0356948
2.15 -0.0357058
2.151 -0.0357121
2.152 -0.0357068
2.153 -0.0357083
2.154 -0.0357064
2.155 -0.0356764
2.156 -0.0356528
2.157 -0.0356441
2.158 -0.0356215
2.159 -0.0356384
2.16 -0.0356419
2.161 -0.0356393
2.162 -0.0356105
2.163 -0.0355936
2.164 -0.0355914
2.165 -0.0355812
2.166 -0.0355855
2.167 -0.0356146
2.168 -0.0356312
2.169 -0.0356295
2.17 -0.0356727
2.171 -0.0356883
2.172 -0.0356981
2.173 -0.0356838
2.174 -0.0356682
2.175 -0.0356379
2.176 -0.0356373
2.177 -0.035632
2.178 -0.0356502
2.179 -0.0356704
2.18 -0.0356931
2.181 -0.0357066
2.182 -0.0357205
2.183 -0.0356855
2.184 -0.0356831
2.185 -0.0356746
2.186 -0.0356278
2.187 -0.0356041
2.188 -0.0355959
2.189 -0.0355844
2.19 -0.0355806
2.191 -0.035597
2.192 -0.0356015
2.193 -0.0355999
2.194 -0.035577
2.195 -0.0355816
2.196 -0.035586
2.197 -0.0355937
2.198 -0.0356269
2.199 -0.0356431
2.2 -0.0356477
2.201 -0.0356674
2.202 -0.0356784
2.203 -0.0356853
2.204 -0.0356665
2.205 -0.0356634
2.206 -0.0356397
2.207 -0.0356342
2.208 -0.0356294
2.209 -0.0356451
2.21 -0.0356681
2.211 -0.0356807
2.212 -0.0356979
2.213 -0.035716
2.214 -0.0356932
2.215 -0.0356991
2.216 -0.0356992
2.217 -0.0356689
2.218 -0.035631
2.219 -0.0356293
2.22 -0.0356197
2.221 -0.0356167
2.222 -0.03563
2.223 -0.0356237
2.224 -0.0356292
2.225 -0.035598
2.226 -0.0355879
2.227 -0.035584
2.228 -0.0355842
2.229 -0.0356111
2.23 -0.0356276
2.231 -0.0356314
2.232 -0.0356526
2.233 -0.0356761
2.234 -0.0356869
2.235 -0.0356796
2.236 -0.0356698
2.237 -0.0356352
2.238 -0.0356313
2.239 -0.0356197
2.24 -0.0356388
2.241 -0.0356547
2.242 -0.0356658
2.243 -0.0356885
2.244 -0.0357072
2.245 -0.0356803
2.246 -0.0356717
2.247 -0.0356666
2.248 -0.0356456
2.249 -0.0356074
2.25 -0.0355924
2.251 -0.0355846
2.252 -0.035576
2.253 -0.0355924
2.254 -0.0355964
2.255 -0.0355987
2.256 -0.0355872
2.257 -0.0355796
2.258 -0.0355819
2.259 -0.0355889
2.26 -0.035624
2.261 -0.035638
2.262 -0.0356419
2.263 -0.035633
2.264 -0.0356769
2.265 -0.0356789
2.266 -0.0356624
2.267 -0.035653
2.268 -0.0356291
2.269 -0.0356213
2.27 -0.0356173
2.271 -0.0356198
2.272 -0.0356415
2.273 -0.0356579
2.274 -0.0356781
2.275 -0.0356999
2.276 -0.0356816
2.277 -0.0356845
2.278 -0.0356883
2.279 -0.0356873
2.28 -0.0356597
2.281 -0.0356336
2.282 -0.0356267
2.283 -0.0356147
2.284 -0.0356264
2.285 -0.0356197
2.286 -0.0356234
2.287 -0.0355921
2.288 -0.0355806
2.289 -0.0355767
2.29 -0.0355727
2.291 -0.0355933
2.292 -0.0356106
2.293 -0.0356207
2.294 -0.0356258
2.295 -0.0356654
2.296 -0.0356754
2.297 -0.0356713
2.298 -0.0356576
2.299 -0.0356462
2.3 -0.0356184
2.301 -0.0356126
2.302 -0.0356108
2.303 -0.0356364
2.304 -0.0356538
2.305 -0.0356753
2.306 -0.0356819
2.307 -0.0356781
2.308 -0.0356654
2.309 -0.0356591
2.31 -0.0356489
2.311 -0.0356035
2.312 -0.0355839
2.313 -0.0355745
2.314 -0.0355654
2.315 -0.035581
2.316 -0.0355872
2.317 -0.0355862
2.318 -0.0355764
2.319 -0.0355623
2.32 -0.0355659
2.321 -0.0355508
2.322 -0.0355783
2.323 -0.0356093
2.324 -0.0356214
2.325 -0.0356131
2.326 -0.0356491
2.327 -0.0356583
2.328 -0.0356535
2.329 -0.0356398
2.33 -0.0356327
2.331 -0.0356096
2.332 -0.0356082
2.333 -0.0356073
2.334 -0.0356309
2.335 -0.0356422
2.336 -0.0356627
2.337 -0.0356734
2.338 -0.0356919
2.339 -0.035679
2.34 -0.0356784
2.341 -0.035676
2.342 -0.035646
2.343 -0.0356217
2.344 -0.0356124
2.345 -0.0355892
2.346 -0.0355976
2.347 -0.0356052
2.348 -0.0356
2.349 -0.0355756
2.35 -0.0355589
2.351 -0.0355559
2.352 -0.0355489
2.353 -0.035551
2.354 -0.0355792
2.355 -0.0355955
2.356 -0.0355938
2.357 -0.0356366
2.358 -0.0356518
2.359 -0.0356614
2.36 -0.0356469
2.361 -0.0356369
2.362 -0.0356076
2.363 -0.0356023
2.364 -0.0355908
2.365 -0.035611
2.366 -0.0356325
2.367 -0.0356547
2.368 -0.0356677
2.369 -0.0356813
2.37 -0.035646
2.371 -0.0356433
2.372 -0.0356345
2.373 -0.0355874
2.374 -0.0355594
2.375 -0.0355527
2.376 -0.0355427
2.377 -0.0355385
2.378 -0.0355571
2.379 -0.0355595
2.38 -0.0355653
2.381 -0.035545
2.382 -0.0355428
2.383 -0.0355456
2.384 -0.0355533
2.385 -0.0355861
2.386 -0.0356016
2.387 -0.0356056
2.388 -0.035618
2.389 -0.0356334
2.39 -0.0356412
2.391 -0.0356218
2.392 -0.0356182
2.393 -0.0355942
2.394 -0.0355886
2.395 -0.0355836
2.396 -0.0355977
2.397 -0.0356135
2.398 -0.0356237
2.399 -0.0356444
2.4 -0.0356664
2.401 -0.0356485
2.402 -0.0356505
2.403 -0.0356508
2.404 -0.0356384
2.405 -0.0356096
2.406 -0.0355915
2.407 -0.0355852
2.408 -0.035574
2.409 -0.0355858
2.41 -0.0355821
2.411 -0.0355849
2.412 -0.0355525
2.413 -0.0355413
2.414 -0.0355376
2.415 -0.0355368
2.416 -0.0355625
2.417 -0.0355787
2.418 -0.0355824
2.419 -0.0355805
2.42 -0.0356247
2.421 -0.0356357
2.422 -0.0356312
2.423 -0.0356172
2.424 -0.035582
2.425 -0.0355718
2.426 -0.0355623
2.427 -0.0355665
2.428 -0.0355911
2.429 -0.0356084
2.43 -0.0356303
2.431 -0.0356485
2.432 -0.0356108
2.433 -0.0356117
2.434 -0.0356094
2.435 -0.0355978
2.436 -0.0355558
2.437 -0.0355361
2.438 -0.0355277
2.439 -0.0355187
2.44 -0.0355346
2.441 -0.0355386
2.442 -0.0355398
2.443 -0.0355282
2.444 -0.03552
2.445 -0.0355218
2.446 -0.0355251
2.447 -0.0355527
2.448 -0.035569
2.449 -0.0355792
2.45 -0.0355797
2.451 -0.0356114
2.452 -0.0356161
2.453 -0.0355981
2.454 -0.0355892
2.455 -0.0355811
2.456 -0.0355608
2.457 -0.035559
2.458 -0.0355579
2.459 -0.0355814
2.46 -0.0355926
2.461 -0.0356129
2.462 -0.0356235
2.463 -0.0356293
2.464 -0.0356235
2.465 -0.0356245
2.466 -0.0356212
2.467 -0.0355924
2.468 -0.0355671
2.469 -0.0355584
2.47 -0.0355458
2.471 -0.0355568
2.472 -0.0355565
2.473 -0.0355534
2.474 -0.0355243
2.475 -0.0355066
2.476 -0.0355037
2.477 -0.0354927
2.478 -0.0354964
2.479 -0.0355248
2.48 -0.0355408
2.481 -0.0355386
2.482 -0.035581
2.483 -0.0355959
2.484 -0.0356052
2.485 -0.0355904
2.486 -0.035574
2.487 -0.035543
2.488 -0.0355419
2.489 -0.035536
2.49 -0.0355537
2.491 -0.0355732
2.492 -0.0355955
2.493 -0.0356084
2.494 -0.0356218
2.495 -0.0355861
2.496 -0.035583
2.497 -0.035574
2.498 -0.0355264
2.499 -0.035502
2.5 -0.0354933
2.501 -0.0354812
2.502 -0.0354768
2.503 -0.0354951
2.504 -0.0354971
2.505 -0.0355024
2.506 -0.0354741
2.507 -0.0354768
2.508 -0.0354806
2.509 -0.0354877
2.51 -0.03552
2.511 -0.0355354
2.512 -0.0355392
2.513 -0.0355512
2.514 -0.0355662
2.515 -0.0355736
2.516 -0.0355539
2.517 -0.0355499
2.518 -0.0355255
2.519 -0.0355196
2.52 -0.0355142
2.521 -0.0355279
2.522 -0.0355488
2.523 -0.0355551
2.524 -0.0355748
2.525 -0.035596
2.526 -0.0355716
2.527 -0.0355777
2.528 -0.0355781
2.529 -0.0355654
2.53 -0.0355218
2.531 -0.0355129
2.532 -0.0355086
2.533 -0.0354974
2.534 -0.0355088
2.535 -0.0355074
2.536 -0.0355085
2.537 -0.0354752
2.538 -0.0354639
2.539 -0.03546
2.54 -0.0354589
2.541 -0.0354842
2.542 -0.0355
2.543 -0.0355035
2.544 -0.0355012
2.545 -0.0355448
2.546 -0.0355554
2.547 -0.0355505
2.548 -0.0355361
2.549 -0.0355004
2.55 -0.0354897
2.551 -0.0354798
2.552 -0.0354818
2.553 -0.035507
2.554 -0.0355246
2.555 -0.0355458
2.556 -0.0355637
2.557 -0.0355254
2.558 -0.0355258
2.559 -0.0355232
2.56 -0.035511
2.561 -0.0354684
2.562 -0.0354483
2.563 -0.0354394
2.564 -0.0354299
2.565 -0.0354453
2.566 -0.0354543
2.567 -0.0354514
2.568 -0.0354385
2.569 -0.0354292
2.57 -0.0354304
2.571 -0.0354132
2.572 -0.03545
2.573 -0.0354731
2.574 -0.0354829
2.575 -0.0354737
2.576 -0.035509
2.577 -0.0355171
2.578 -0.0355012
2.579 -0.0354935
2.58 -0.0354864
2.581 -0.0354628
2.582 -0.0354605
2.583 -0.0354591
2.584 -0.0354821
2.585 -0.0354928
2.586 -0.0355126
2.587 -0.0355227
2.588 -0.0355343
2.589 -0.0355241
2.59 -0.0355236
2.591 -0.0355207
2.592 -0.0354896
2.593 -0.0354646
2.594 -0.0354547
2.595 -0.0354308
2.596 -0.0354384
2.597 -0.0354452
2.598 -0.0354391
2.599 -0.0354263
2.6 -0.0353998
2.601 -0.0353947
2.602 -0.0353904
2.603 -0.0353894
2.604 -0.0354157
2.605 -0.0354309
2.606 -0.0354312
2.607 -0.0354709
2.608 -0.0354834
2.609 -0.03549
2.61 -0.0354775
2.611 -0.035471
2.612 -0.0354351
2.613 -0.0354295
2.614 -0.0354166
2.615 -0.0354357
2.616 -0.0354561
2.617 -0.0354624
2.618 -0.0354836
2.619 -0.0355001
2.62 -0.0354632
2.621 -0.035459
2.622 -0.0354541
2.623 -0.0354319
2.624 -0.0353797
2.625 -0.0353718
2.626 -0.0353632
2.627 -0.0353552
2.628 -0.0353705
2.629 -0.0353751
2.63 -0.0353773
2.631 -0.0353629
2.632 -0.0353539
2.633 -0.0353551
2.634 -0.0353611
2.635 -0.035395
2.636 -0.0354079
2.637 -0.0354107
2.638 -0.0354004
2.639 -0.0354428
2.64 -0.0354435
2.641 -0.0354257
2.642 -0.035415
2.643 -0.0353933
2.644 -0.0353816
2.645 -0.0353759
2.646 -0.0353772
2.647 -0.0353976
2.648 -0.0354127
2.649 -0.0354317
2.65 -0.0354407
2.651 -0.0354283
2.652 -0.0354324
2.653 -0.035435
2.654 -0.035435
2.655 -0.0354041
2.656 -0.0353751
2.657 -0.0353678
2.658 -0.0353548
2.659 -0.0353649
2.66 -0.0353635
2.661 -0.0353594
2.662 -0.0353293
2.663 -0.0353108
2.664 -0.0353073
2.665 -0.0352918
2.666 -0.0353059
2.667 -0.0353304
2.668 -0.0353418
2.669 -0.035338
2.67 -0.0353793
2.671 -0.0353932
2.672 -0.0354013
2.673 -0.0353851
2.674 -0.0353672
2.675 -0.0353351
2.676 -0.0353328
2.677 -0.0353259
2.678 -0.0353423
2.679 -0.0353608
2.68 -0.0353819
2.681 -0.0353938
2.682 -0.0354061
2.683 -0.0353689
2.684 -0.0353646
2.685 -0.0353544
2.686 -0.0353053
2.687 -0.0352756
2.688 -0.0352674
2.689 -0.0352559
2.69 -0.0352502
2.691 -0.0352672
2.692 -0.0352679
2.693 -0.0352721
2.694 -0.0352579
2.695 -0.0352488
2.696 -0.0352493
2.697 -0.0352553
2.698 -0.0352861
2.699 -0.0353004
2.7 -0.0353029
2.701 -0.0353128
2.702 -0.035326
2.703 -0.0353321
2.704 -0.0353159
2.705 -0.0353058
2.706 -0.0352793
2.707 -0.0352695
2.708 -0.0352638
2.709 -0.0352783
2.71 -0.0352919
2.711 -0.0353005
2.712 -0.0353195
2.713 -0.0353399
2.714 -0.0353195
2.715 -0.0353196
2.716 -0.0353213
2.717 -0.0353183
2.718 -0.0352885
2.719 -0.0352601
2.72 -0.0352511
2.721 -0.0352369
2.722 -0.0352466
2.723 -0.0352484
2.724 -0.0352421
2.725 -0.0352071
2.726 -0.0351931
2.727 -0.0351867
2.728 -0.0351698
2.729 -0.0351947
2.73 -0.0352136
2.731 -0.0352208
2.732 -0.0352152
2.733 -0.0352556
2.734 -0.0352687
2.735 -0.0352758
2.736 -0.0352586
2.737 -0.0352397
2.738 -0.0352067
2.739 -0.0352035
2.74 -0.0351958
2.741 -0.0352136
2.742 -0.0352295
2.743 -0.0352494
2.744 -0.0352606
2.745 -0.0352723
2.746 -0.0352341
2.747 -0.035229
2.748 -0.035218
2.749 -0.0351677
2.75 -0.0351372
2.751 -0.0351282
2.752 -0.0351159
2.753 -0.0351095
2.754 -0.0351257
2.755 -0.0351255
2.756 -0.035129
2.757 -0.035114
2.758 -0.0351041
2.759 -0.0351039
2.76 -0.035109
2.761 -0.0351453
2.762 -0.0351537
2.763 -0.0351548
2.764 -0.0351434
2.765 -0.0351705
2.766 -0.0351795
2.767 -0.0351619
2.768 -0.0351502
2.769 -0.0351231
2.77 -0.035113
2.771 -0.0351068
2.772 -0.0351071
2.773 -0.0351263
2.774 -0.0351402
2.775 -0.0351581
2.776 -0.035166
2.777 -0.0351612
2.778 -0.0351582
2.779 -0.0351584
2.78 -0.0351535
2.781 -0.0351223
2.782 -0.0350945
2.783 -0.0350838
2.784 -0.0350687
2.785 -0.0350775
2.786 -0.0350748
2.787 -0.035069
2.788 -0.0350373
2.789 -0.0350172
2.79 -0.035012
2.791 -0.0349988
2.792 -0.035
2.793 -0.0350253
2.794 -0.0350389
2.795 -0.0350343
2.796 -0.0350733
2.797 -0.0350847
2.798 -0.0350905
2.799 -0.0350743
2.8 -0.0350663
2.801 -0.0350277
2.802 -0.0350201
2.803 -0.0350051
2.804 -0.0350209
2.805 -0.0350388
2.806 -0.0350432
2.807 -0.0350621
2.808 -0.0350779
2.809 -0.0350472
2.81 -0.0350349
2.811 -0.0350265
2.812 -0.0350016
2.813 -0.0349592
2.814 -0.0349405
2.815 -0.0349294
2.816 -0.0349172
2.817 -0.0349301
2.818 -0.0349309
2.819 -0.034929
2.82 -0.0349143
2.821 -0.0349023
2.822 -0.0349011
2.823 -0.0348878
2.824 -0.0349186
2.825 -0.0349365
2.826 -0.0349436
2.827 -0.0349319
2.828 -0.0349638
2.829 -0.0349685
2.83 -0.03497
2.831 -0.0349452
2.832 -0.0349328
2.833 -0.0349052
2.834 -0.0348998
2.835 -0.034895
2.836 -0.0349044
2.837 -0.0349227
2.838 -0.0349411
2.839 -0.0349502
2.84 -0.0349621
2.841 -0.0349343
2.842 -0.0349362
2.843 -0.0349338
2.844 -0.0349168
2.845 -0.0348604
2.846 -0.0348531
2.847 -0.034847
2.848 -0.034832
2.849 -0.0348399
2.85 -0.0348296
2.851 -0.0348305
2.852 -0.0347949
2.853 -0.0347799
2.854 -0.0347727
2.855 -0.0347679
2.856 -0.0347833
2.857 -0.0347964
2.858 -0.0348008
2.859 -0.0348018
2.86 -0.0348365
2.861 -0.034842
2.862 -0.0348349
2.863 -0.0348238
2.864 -0.0348036
2.865 -0.0347683
2.866 -0.0347627
2.867 -0.0347535
2.868 -0.0347709
2.869 -0.0347829
2.87 -0.0348003
2.871 -0.0348096
2.872 -0.0348193
2.873 -0.0347781
2.874 -0.0347706
2.875 -0.0347572
2.876 -0.0347082
2.877 -0.0346703
2.878 -0.0346608
2.879 -0.0346455
2.88 -0.0346364
2.881 -0.0346492
2.882 -0.0346553
2.883 -0.0346507
2.884 -0.0346326
2.885 -0.0346197
2.886 -0.0346178
2.887 -0.03462
2.888 -0.0346414
2.889 -0.0346528
2.89 -0.0346578
2.891 -0.0346543
2.892 -0.0346828
2.893 -0.034678
2.894 -0.0346586
2.895 -0.0346457
2.896 -0.0346338
2.897 -0.0346048
2.898 -0.0345978
2.899 -0.0345919
2.9 -0.0346052
2.901 -0.0346165
2.902 -0.0346327
2.903 -0.0346412
2.904 -0.0346521
2.905 -0.0346224
2.906 -0.0346226
2.907 -0.0346187
2.908 -0.0346
2.909 -0.0345418
2.91 -0.0345328
2.911 -0.0345252
2.912 -0.0345084
2.913 -0.0345148
2.914 -0.0345026
2.915 -0.0345018
2.916 -0.0344645
2.917 -0.0344478
2.918 -0.034439
2.919 -0.0344294
2.92 -0.0344438
2.921 -0.0344549
2.922 -0.0344597
2.923 -0.0344506
2.924 -0.0344863
2.925 -0.034495
2.926 -0.0344983
2.927 -0.034477
2.928 -0.0344531
2.929 -0.0344231
2.93 -0.0344119
2.931 -0.0343939
2.932 -0.0344074
2.933 -0.0344225
2.934 -0.0344242
2.935 -0.0344403
2.936 -0.0344518
2.937 -0.0344157
2.938 -0.0344008
2.939 -0.0343904
2.94 -0.0343611
2.941 -0.0343203
2.942 -0.0342944
2.943 -0.0342794
2.944 -0.0342633
2.945 -0.0342727
2.946 -0.0342727
2.947 -0.0342647
2.948 -0.0342483
2.949 -0.0342273
2.95 -0.0342243
2.951 -0.0342045
2.952 -0.0342146
2.953 -0.0342418
2.954 -0.0342515
2.955 -0.0342496
2.956 -0.0342531
2.957 -0.0342604
2.958 -0.0342616
2.959 -0.0342373
2.96 -0.0342235
2.961 -0.0341912
2.962 -0.0341762
2.963 -0.0341652
2.964 -0.0341612
2.965 -0.0341756
2.966 -0.0341852
2.967 -0.0341986
2.968 -0.0342022
2.969 -0.0342015
2.97 -0.0341869
2.971 -0.0341813
2.972 -0.0341723
2.973 -0.0341333
2.974 -0.0341009
2.975 -0.0340842
2.976 -0.0340626
2.977 -0.0340516
2.978 -0.0340578
2.979 -0.0340417
2.98 -0.034039
2.981 -0.0339992
2.982 -0.033981
2.983 -0.0339704
2.984 -0.0339619
2.985 -0.033973
2.986 -0.0339822
2.987 -0.033983
2.988 -0.0339718
2.989 -0.0340048
2.99 -0.0340112
2.991 -0.0340054
2.992 -0.0339859
2.993 -0.0339597
2.994 -0.0339275
2.995 -0.0339139
2.996 -0.0338937
2.997 -0.0339048
2.998 -0.0339174
2.999 -0.0339157
3 -0.03393
3.001 -0.03394
3.002 -0.0339027
3.003 -0.0338839
3.004 -0.0338708
3.005 -0.0338502
3.006 -0.0337974
3.007 -0.0337674
3.008 -0.0337495
3.009 -0.0337275
3.01 -0.033736
3.011 -0.0337343
3.012 -0.0337201
3.013 -0.0337098
3.014 -0.0336774
3.015 -0.0336725
3.016 -0.0336671
3.017 -0.0336651
3.018 -0.0336937
3.019 -0.0336953
3.02 -0.0336903
3.021 -0.0336834
3.022 -0.0337065
3.023 -0.0336966
3.024 -0.033669
3.025 -0.0336528
3.026 -0.033636
3.027 -0.0336018
3.028 -0.0335895
3.029 -0.0335753
3.03 -0.0335811
3.031 -0.0335943
3.032 -0.0335894
3.033 -0.0336018
3.034 -0.0336124
3.035 -0.0335942
3.036 -0.0335769
3.037 -0.0335682
3.038 -0.0335558
3.039 -0.0335169
3.04 -0.0334787
3.041 -0.0334598
3.042 -0.0334257
3.043 -0.0334236
3.044 -0.0334198
3.045 -0.0334026
3.046 -0.0333977
3.047 -0.0333545
3.048 -0.0333331
3.049 -0.0333196
3.05 -0.0333079
3.051 -0.0333191
3.052 -0.0333246
3.053 -0.0333195
3.054 -0.0333059
3.055 -0.0333347
3.056 -0.0333376
3.057 -0.0333353
3.058 -0.033308
3.059 -0.0332839
3.06 -0.0332409
3.061 -0.0332243
3.062 -0.0331999
3.063 -0.0332062
3.064 -0.03321
3.065 -0.0332096
3.066 -0.0332206
3.067 -0.0332169
3.068 -0.0332
3.069 -0.0331713
3.07 -0.0331527
3.071 -0.0331305
3.072 -0.0330668
3.073 -0.0330264
3.074 -0.0330088
3.075 -0.0329856
3.076 -0.0329687
3.077 -0.0329737
3.078 -0.0329649
3.079 -0.0329545
3.08 -0.032931
3.081 -0.0329096
3.082 -0.0329
3.083 -0.0328741
3.084 -0.0328772
3.085 -0.0328975
3.086 -0.0329016
3.087 -0.0328943
3.088 -0.0328893
3.089 -0.0328886
3.09 -0.0328835
3.091 -0.032855
3.092 -0.0328325
3.093 -0.0328101
3.094 -0.0327752
3.095 -0.0327603
3.096 -0.0327466
3.097 -0.0327463
3.098 -0.0327548
3.099 -0.0327473
3.1 -0.0327563
3.101 -0.0327633
3.102 -0.0327361
3.103 -0.0327176
3.104 -0.0327065
3.105 -0.0326905
3.106 -0.032646
3.107 -0.0326055
3.108 -0.0325815
3.109 -0.032553
3.11 -0.0325348
3.111 -0.032534
3.112 -0.0325128
3.113 -0.0325004
3.114 -0.032453
3.115 -0.0324268
3.116 -0.0324088
3.117 -0.0323846
3.118 -0.0323732
3.119 -0.0323835
3.12 -0.0323851
3.121 -0.0323757
3.122 -0.0323782
3.123 -0.032388
3.124 -0.0323809
3.125 -0.0323608
3.126 -0.0323297
3.127 -0.0323017
3.128 -0.0322547
3.129 -0.0322388
3.13 -0.032211
3.131 -0.0322146
3.132 -0.0322147
3.133 -0.0322095
3.134 -0.0322174
3.135 -0.0322096
3.136 -0.0321885
3.137 -0.0321539
3.138 -0.0321311
3.139 -0.0321044
3.14 -0.0320345
3.141 -0.0319877
3.142 -0.0319658
3.143 -0.0319448
3.144 -0.0319185
3.145 -0.0319177
3.146 -0.0319082
3.147 -0.0318893
3.148 -0.0318698
3.149 -0.0318288
3.15 -0.0318165
3.151 -0.0318045
3.152 -0.0317939
3.153 -0.0318017
3.154 -0.0317989
3.155 -0.0317928
3.156 -0.0317668
3.157 -0.0317792
3.158 -0.0317647
3.159 -0.0317512
3.16 -0.0317169
3.161 -0.0316895
3.162 -0.0316615
3.163 -0.0316208
3.164 -0.0316005
3.165 -0.0315818
3.166 -0.0315763
3.167 -0.0315794
3.168 -0.0315661
3.169 -0.0315698
3.17 -0.0315725
3.171 -0.0315546
3.172 -0.0315208
3.173 -0.0315029
3.174 -0.0314821
3.175 -0.0314295
3.176 -0.0313679
3.177 -0.0313451
3.178 -0.0313257
3.179 -0.031292
3.18 -0.0312839
3.181 -0.031264
3.182 -0.0312346
3.183 -0.0312215
3.184 -0.031169
3.185 -0.031138
3.186 -0.0311154
3.187 -0.0310865
3.188 -0.0310761
3.189 -0.0310764
3.19 -0.0310694
3.191 -0.0310546
3.192 -0.0310502
3.193 -0.0310581
3.194 -0.0310416
3.195 -0.0310166
3.196 -0.0309878
3.197 -0.0309447
3.198 -0.0308977
3.199 -0.0308708
3.2 -0.0308354
3.201 -0.0308135
3.202 -0.0308152
3.203 -0.0308091
3.204 -0.0308088
3.205 -0.0308024
3.206 -0.0307953
3.207 -0.0307407
3.208 -0.0307066
3.209 -0.03068
3.21 -0.0306494
3.211 -0.030571
3.212 -0.030519
3.213 -0.0304907
3.214 -0.030463
3.215 -0.03043
3.216 -0.0304226
3.217 -0.0304065
3.218 -0.0303775
3.219 -0.0303613
3.22 -0.0303262
3.221 -0.0302938
3.222 -0.0302732
3.223 -0.030234
3.224 -0.030228
3.225 -0.0302342
3.226 -0.0302267
3.227 -0.0302092
3.228 -0.0301859
3.229 -0.030189
3.23 -0.0301612
3.231 -0.0301423
3.232 -0.0300927
3.233 -0.030063
3.234 -0.0300175
3.235 -0.0299762
3.236 -0.0299485
3.237 -0.0299238
3.238 -0.0299111
3.239 -0.0299023
3.24 -0.0298868
3.241 -0.0298842
3.242 -0.0298699
3.243 -0.0298648
3.244 -0.0298077
3.245 -0.029786
3.246 -0.0297636
3.247 -0.0297384
3.248 -0.0296773
3.249 -0.0296154
3.25 -0.0295811
3.251 -0.0295524
3.252 -0.0295106
3.253 -0.0294953
3.254 -0.0294673
3.255 -0.0294289
3.256 -0.0294082
3.257 -0.0293475
3.258 -0.0293087
3.259 -0.0292787
3.26 -0.029249
3.261 -0.0292196
3.262 -0.0292164
3.263 -0.0292016
3.264 -0.0291795
3.265 -0.0291489
3.266 -0.029147
3.267 -0.0291321
3.268 -0.0291121
3.269 -0.0290779
3.27 -0.029043
3.271 -0.0289988
3.272 -0.0289339
3.273 -0.0288925
3.274 -0.0288508
3.275 -0.0288237
3.276 -0.0288113
3.277 -0.0288001
3.278 -0.0287791
3.279 -0.0287727
3.28 -0.0287522
3.281 -0.0287419
3.282 -0.0286649
3.283 -0.0286293
3.284 -0.0285962
3.285 -0.0285579
3.286 -0.028467
3.287 -0.0284046
3.288 -0.0283679
3.289 -0.0283327
3.29 -0.0282839
3.291 -0.0282533
3.292 -0.0282415
3.293 -0.0282117
3.294 -0.0281799
3.295 -0.0281386
3.296 -0.0280884
3.297 -0.0280624
3.298 -0.0280371
3.299 -0.0279905
3.3 -0.0279763
3.301 -0.0279718
3.302 -0.0279559
3.303 -0.0279311
3.304 -0.0278903
3.305 -0.0278818
3.306 -0.0278477
3.307 -0.027818
3.308 -0.0277698
3.309 -0.0277278
3.31 -0.0276917
3.311 -0.0276258
3.312 -0.0275814
3.313 -0.0275463
3.314 -0.0275105
3.315 -0.0274896
3.316 -0.0274711
3.317 -0.0274481
3.318 -0.0274357
3.319 -0.0274185
3.32 -0.027401
3.321 -0.0273673
3.322 -0.0273051
3.323 -0.0272748
3.324 -0.0272446
3.325 -0.0272069
3.326 -0.0271349
3.327 -0.0270565
3.328 -0.027016
3.329 -0.026981
3.33 -0.0269189
3.331 -0.0268864
3.332 -0.0268654
3.333 -0.0268275
3.334 -0.0267779
3.335 -0.0267485
3.336 -0.0266783
3.337 -0.0266301
3.338 -0.0265907
3.339 -0.0265515
3.34 -0.0265126
3.341 -0.0264901
3.342 -0.0264628
3.343 -0.026437
3.344 -0.0264067
3.345 -0.0263676
3.346 -0.0263587
3.347 -0.0263272
3.348 -0.0262953
3.349 -0.0262607
3.35 -0.026209
3.351 -0.0261594
3.352 -0.0260976
3.353 -0.0260251
3.354 -0.0259854
3.355 -0.0259301
3.356 -0.0258901
3.357 -0.0258668
3.358 -0.0258408
3.359 -0.0258122
3.36 -0.0257955
3.361 -0.0257706
3.362 -0.0257455
3.363 -0.0256905
3.364 -0.0256148
3.365 -0.0255716
3.366 -0.0255291
3.367 -0.0254792
3.368 -0.0253759
3.369 -0.0253101
3.37 -0.0252541
3.371 -0.0252043
3.372 -0.0251534
3.373 -0.0251038
3.374 -0.0250719
3.375 -0.025044
3.376 -0.024998
3.377 -0.0249543
3.378 -0.0249175
3.379 -0.0248644
3.38 -0.0248087
3.381 -0.0247707
3.382 -0.024734
3.383 -0.0246892
3.384 -0.024658
3.385 -0.0246343
3.386 -0.0246058
3.387 -0.0245714
3.388 -0.0245392
3.389 -0.0244941
3.39 -0.0244682
3.391 -0.0244115
3.392 -0.0243699
3.393 -0.0243083
3.394 -0.0242537
3.395 -0.024203
3.396 -0.0241469
3.397 -0.0240763
3.398 -0.024021
3.399 -0.0239741
3.4 -0.0239273
3.401 -0.0238944
3.402 -0.0238675
3.403 -0.0238296
3.404 -0.0237914
3.405 -0.0237692
3.406 -0.0237412
3.407 -0.0237132
3.408 -0.0236676
3.409 -0.0235905
3.41 -0.0235475
3.411 -0.0235057
3.412 -0.0234576
3.413 -0.0234057
3.414 -0.0233263
3.415 -0.0232368
3.416 -0.0231832
3.417 -0.0231371
3.418 -0.0230771
3.419 -0.0230194
3.42 -0.0229784
3.421 -0.0229438
3.422 -0.0228898
3.423 -0.0228261
3.424 -0.0227845
3.425 -0.0227054
3.426 -0.0226357
3.427 -0.0225887
3.428 -0.0225423
3.429 -0.0224912
3.43 -0.0224373
3.431 -0.0223953
3.432 -0.022364
3.433 -0.0223232
3.434 -0.0222826
3.435 -0.022242
3.436 -0.0221912
3.437 -0.0221533
3.438 -0.0221269
3.439 -0.0220754
3.44 -0.0220337
3.441 -0.0219776
3.442 -0.0219188
3.443 -0.0218537
3.444 -0.0217753
3.445 -0.0216949
3.446 -0.0216281
3.447 -0.0215768
3.448 -0.0215074
3.449 -0.0214535
3.45 -0.0214153
3.451 -0.0213768
3.452 -0.021332
3.453 -0.0212893
3.454 -0.0212599
3.455 -0.0212239
3.456 -0.0211793
3.457 -0.0211465
3.458 -0.0210452
3.459 -0.0209745
3.46 -0.0209224
3.461 -0.0208702
3.462 -0.0208174
3.463 -0.0207587
3.464 -0.0206328
3.465 -0.0205646
3.466 -0.0204936
3.467 -0.0204308
3.468 -0.0203685
3.469 -0.0203023
3.47 -0.0202448
3.471 -0.0201931
3.472 -0.0201553
3.473 -0.020105
3.474 -0.020047
3.475 -0.0199935
3.476 -0.0199456
3.477 -0.019884
3.478 -0.0198304
3.479 -0.0197681
3.48 -0.0197198
3.481 -0.0196732
3.482 -0.0196187
3.483 -0.0195726
3.484 -0.0195318
3.485 -0.0195051
3.486 -0.0194545
3.487 -0.0194088
3.488 -0.0193675
3.489 -0.0193287
3.49 -0.0192699
3.491 -0.0192188
3.492 -0.0191753
3.493 -0.019101
3.494 -0.0190457
3.495 -0.0189957
3.496 -0.0189182
3.497 -0.018853
3.498 -0.0187884
3.499 -0.0187146
3.5 -0.0186276
3.501 -0.0185571
3.502 -0.0184988
3.503 -0.0184378
3.504 -0.0183771
3.505 -0.0183233
3.506 -0.0182793
3.507 -0.0182401
3.508 -0.018191
3.509 -0.018142
3.51 -0.0180986
3.511 -0.0180657
3.512 -0.0180287
3.513 -0.0179851
3.514 -0.0179506
3.515 -0.017898
3.516 -0.017808
3.517 -0.017753
3.518 -0.0177015
3.519 -0.0176533
3.52 -0.0175993
3.521 -0.0175434
3.522 -0.0174749
3.523 -0.0173944
3.524 -0.017299
3.525 -0.0172378
3.526 -0.0171761
3.527 -0.0171191
3.528 -0.0170631
3.529 -0.016981
3.53 -0.0169278
3.531 -0.0168813
3.532 -0.0168382
3.533 -0.0167672
3.534 -0.016702
3.535 -0.0166361
3.536 -0.0165817
3.537 -0.0165264
3.538 -0.0164315
3.539 -0.0163681
3.54 -0.0163027
3.541 -0.0162462
3.542 -0.0161909
3.543 -0.0161379
3.544 -0.0160755
3.545 -0.0160144
3.546 -0.0159651
3.547 -0.0159141
3.548 -0.015858
3.549 -0.0158076
3.55 -0.0157592
3.551 -0.0157111
3.552 -0.0156644
3.553 -0.0156053
3.554 -0.0155599
3.555 -0.0155132
3.556 -0.0154665
3.557 -0.0154009
3.558 -0.0153477
3.559 -0.0153002
3.56 -0.0152537
3.561 -0.0151892
3.562 -0.0151247
3.563 -0.0150449
3.564 -0.0149903
3.565 -0.0148874
3.566 -0.014787
3.567 -0.0147115
3.568 -0.0146313
3.569 -0.0145642
3.57 -0.0144814
3.571 -0.014403
3.572 -0.014335
3.573 -0.0142709
3.574 -0.0142174
3.575 -0.0141643
3.576 -0.0141059
3.577 -0.0140531
3.578 -0.0140035
3.579 -0.0139567
3.58 -0.0139171
3.581 -0.0138744
3.582 -0.0138316
3.583 -0.0137843
3.584 -0.013747
3.585 -0.0136931
3.586 -0.0135996
3.587 -0.0135253
3.588 -0.0134691
3.589 -0.0134153
3.59 -0.0133635
3.591 -0.0133154
3.592 -0.0132668
3.593 -0.0132094
3.594 -0.0131256
3.595 -0.0130275
3.596 -0.0129391
3.597 -0.0128629
3.598 -0.0127878
3.599 -0.0127232
3.6 -0.0126577
3.601 -0.0125938
3.602 -0.0125357
3.603 -0.0124746
3.604 -0.0124064
3.605 -0.0123529
3.606 -0.0123019
3.607 -0.0122574
3.608 -0.0122154
3.609 -0.0121722
3.61 -0.0121143
3.611 -0.01206
3.612 -0.0119969
3.613 -0.011948
3.614 -0.0118987
3.615 -0.0118528
3.616 -0.0117959
3.617 -0.0117439
3.618 -0.0116994
3.619 -0.0116413
3.62 -0.0115969
3.621 -0.0115557
3.622 -0.0115162
3.623 -0.0114789
3.624 -0.0114375
3.625 -0.0113972
3.626 -0.0113494
3.627 -0.0113138
3.628 -0.011277
3.629 -0.0112445
3.63 -0.0112124
3.631 -0.0111602
3.632 -0.0111186
3.633 -0.0110807
3.634 -0.0110449
3.635 -0.0110103
3.636 -0.0109772
3.637 -0.0109455
3.638 -0.0108842
3.639 -0.0108446
3.64 -0.0107839
3.641 -0.010736
3.642 -0.0106867
3.643 -0.0106028
3.644 -0.0105386
3.645 -0.0104807
3.646 -0.0104265
3.647 -0.010374
3.648 -0.0103246
3.649 -0.0102499
3.65 -0.0101934
3.651 -0.0101359
3.652 -0.0100869
3.653 -0.0100247
3.654 -0.00997435
3.655 -0.00989248
3.656 -0.00982528
3.657 -0.00973901
3.658 -0.00967155
3.659 -0.00960415
3.66 -0.00954538
3.661 -0.0094914
3.662 -0.0094388
3.663 -0.00938057
3.664 -0.00932659
3.665 -0.00927714
3.666 -0.00923133
3.667 -0.00918915
3.668 -0.00914887
3.669 -0.0091143
3.67 -0.00908054
3.671 -0.00905109
3.672 -0.00901314
3.673 -0.0089812
3.674 -0.00894978
3.675 -0.0089206
3.676 -0.00889372
3.677 -0.00886793
3.678 -0.00884742
3.679 -0.00882609
3.68 -0.00880436
3.681 -0.00878363
3.682 -0.00876402
3.683 -0.00874158
3.684 -0.00872404
3.685 -0.0087068
3.686 -0.00868983
3.687 -0.00865917
3.688 -0.00861659
3.689 -0.00858714
3.69 -0.00853678
3.691 -0.00850214
3.692 -0.00846997
3.693 -0.00844049
3.694 -0.00841011
3.695 -0.00838365
3.696 -0.00835945
3.697 -0.00833673
3.698 -0.00829867
3.699 -0.00826486
3.7 -0.00821754
3.701 -0.00816035
3.702 -0.00810276
3.703 -0.00802403
3.704 -0.00796209
3.705 -0.00790572
3.706 -0.00784771
3.707 -0.00777841
3.708 -0.00772757
3.709 -0.0076673
3.71 -0.00758633
3.711 -0.00751654
3.712 -0.00744474
3.713 -0.00737364
3.714 -0.00730201
3.715 -0.00723074
3.716 -0.00715609
3.717 -0.00706579
3.718 -0.00697057
3.719 -0.00688646
3.72 -0.00680408
3.721 -0.00672219
3.722 -0.00664195
3.723 -0.00656378
3.724 -0.00648912
3.725 -0.00641324
3.726 -0.00633756
3.727 -0.0062634
3.728 -0.00614022
3.729 -0.00603737
3.73 -0.00593083
3.731 -0.00580914
3.732 -0.00566842
3.733 -0.00553272
3.734 -0.00539555
3.735 -0.00526003
3.736 -0.00512355
3.737 -0.00498529
3.738 -0.00485028
3.739 -0.00471764
3.74 -0.00458726
3.741 -0.00445911
3.742 -0.0043269
3.743 -0.00419348
3.744 -0.00405438
3.745 -0.00392233
3.746 -0.00379087
3.747 -0.00366172
3.748 -0.00353526
3.749 -0.00341203
3.75 -0.0032885
3.751 -0.00317078
3.752 -0.00305665
3.753 -0.00294545
3.754 -0.0028378
3.755 -0.00273404
3.756 -0.00263324
3.757 -0.00253554
3.758 -0.00244154
3.759 -0.00235072
3.76 -0.00226304
3.761 -0.00217839
3.762 -0.00209678
3.763 -0.00201813
3.764 -0.00194239
3.765 -0.00186947
3.766 -0.00179932
3.767 -0.00173186
3.768 -0.00166703
3.769 -0.00160472
3.77 -0.0015448
3.771 -0.00148747
3.772 -0.00143245
3.773 -0.00137969
3.774 -0.00132913
3.775 -0.0012807
3.776 -0.00123435
3.777 -0.00118999
3.778 -0.00114756
3.779 -0.00110699
3.78 -0.00106822
3.781 -0.00103118
3.782 -0.000995811
3.783 -0.000962051
3.784 -0.000917827
3.785 -0.000882775
3.786 -0.000848091
3.787 -0.000814925
3.788 -0.000782923
3.789 -0.000752606
3.79 -0.000723829
3.791 -0.000696638
3.792 -0.000670679
3.793 -0.000646049
3.794 -0.000622756
3.795 -0.00060073
3.796 -0.00057989
3.797 -0.000560177
3.798 -0.000541545
3.799 -0.000523945
3.8 -0.000507329
3.801 -0.000491766
3.802 -0.000476991
3.803 -0.000463039
3.804 -0.000450008
3.805 -0.000437647
3.806 -0.000425982
3.807 -0.000415001
3.808 -0.000404672
3.809 -0.000394953
3.81 -0.000385812
3.811 -0.000377218
3.812 -0.000369145
3.813 -0.000361563
3.814 -0.000354448
3.815 -0.000347771
3.816 -0.00034151
3.817 -0.000332892
3.818 -0.000306696
3.819 -0.000290754
3.82 -0.000275746
3.821 -0.000260998
3.822 -0.000245474
3.823 -0.000230283
3.824 -0.000215481
3.825 -0.000201156
3.826 -0.000187168
3.827 -0.000173561
3.828 -0.000160366
3.829 -0.000147628
3.83 -0.000135358
3.831 -0.000123568
3.832 -0.000112266
3.833 -0.000101457
3.834 -9.11467e-05
3.835 -8.1336e-05
3.836 -7.2023e-05
3.837 -6.3204e-05
3.838 -5.48732e-05
3.839 -4.70229e-05
3.84 -3.96441e-05
3.841 -3.27262e-05
3.842 -2.62578e-05
3.843 -2.02261e-05
3.844 -1.46178e-05
3.845 -9.41883e-06
3.846 -4.61469e-06
3.847 -1.90445e-07
3.848 3.86912e-06
3.849 7.57938e-06
3.85 1.09558e-05
3.851 1.40138e-05
3.852 1.67687e-05
3.853 1.92358e-05
3.854 2.14301e-05
3.855 2.33663e-05
3.856 2.5059e-05
3.857 2.65223e-05
3.858 2.77701e-05
3.859 2.88156e-05
3.86 2.96719e-05
3.861 3.03516e-05
3.862 3.08668e-05
3.863 3.12292e-05
3.864 3.145e-05
3.865 3.154e-05
3.866 3.15094e-05
3.867 3.13682e-05
3.868 3.11256e-05
3.869 3.07905e-05
3.87 3.03716e-05
3.871 2.98767e-05
3.872 2.93134e-05
3.873 2.8689e-05
3.874 2.80102e-05
3.875 2.72834e-05
3.876 2.65144e-05
3.877 2.5709e-05
3.878 2.48722e-05
3.879 2.4009e-05
3.88 2.3124e-05
3.881 2.22212e-05
3.882 2.13047e-05
3.883 2.0378e-05
3.884 1.94445e-05
3.885 1.85072e-05
3.886 1.75688e-05
3.887 1.6632e-05
3.888 1.56991e-05
3.889 1.47721e-05
3.89 1.3853e-05
3.891 1.29435e-05
3.892 1.2045e-05
3.893 1.1159e-05
3.894 1.02866e-05
3.895 9.42887e-06
3.896 8.58669e-06
3.897 7.76084e-06
3.898 6.95196e-06
3.899 6.16059e-06
3.9 5.38716e-06
3.901 4.63201e-06
3.902 3.89538e-06
3.903 3.17743e-06
3.904 2.47827e-06
3.905 1.79791e-06
3.906 1.13632e-06
3.907 4.93409e-07
3.908 -1.30971e-07
3.909 -7.37004e-07
3.91 -1.32492e-06
3.911 -1.89497e-06
3.912 -2.44746e-06
3.913 -2.9827e-06
3.914 -3.50104e-06
3.915 -4.00284e-06
3.916 -4.48848e-06
3.917 -4.95836e-06
3.918 -5.41288e-06
3.919 -5.85246e-06
3.92 -6.27751e-06
3.921 -6.68846e-06
3.922 -7.08575e-06
3.923 -7.46979e-06
3.924 -7.84101e-06
3.925 -8.19984e-06
3.926 -8.5467e-06
3.927 -8.88201e-06
3.928 -9.20617e-06
3.929 -9.51958e-06
3.93 -9.82266e-06
3.931 -1.01158e-05
3.932 -1.03993e-05
3.933 -1.06736e-05
3.934 -1.09391e-05
3.935 -1.11961e-05
3.936 -1.14449e-05
3.937 -1.16859e-05
3.938 -1.19194e-05
3.939 -1.21457e-05
3.94 -1.23651e-05
3.941 -1.25779e-05
3.942 -1.27844e-05
3.943 -1.29847e-05
3.944 -1.31793e-05
3.945 -1.33683e-05
3.946 -1.35519e-05
3.947 -1.37305e-05
3.948 -1.39041e-05
3.949 -1.40731e-05
3.95 -1.42376e-05
3.951 -1.43978e-05
3.952 -1.45538e-05
3.953 -1.47059e-05
3.954 -1.48542e-05
3.955 -1.49989e-05
3.956 -1.51401e-05
3.957 -1.52779e-05
3.958 -1.54125e-05
3.959 -1.5544e-05
3.96 -1.56726e-05
3.961 -1.57983e-05
3.962 -1.59212e-05
3.963 -1.60415e-05
3.964 -1.61592e-05
3.965 -1.62745e-05
3.966 -1.63874e-05
3.967 -1.6498e-05
3.968 -1.66064e-05
3.969 -1.67126e-05
3.97 -1.68167e-05
3.971 -1.69189e-05
3.972 -1.7019e-05
3.973 -1.71173e-05
3.974 -1.72137e-05
3.975 -1.73084e-05
3.976 -1.74013e-05
3.977 -1.74925e-05
3.978 -1.7582e-05
3.979 -1.76699e-05
3.98 -1.77563e-05
3.981 -1.78411e-05
3.982 -1.79244e-05
3.983 -1.80063e-05
3.984 -1.80867e-05
3.985 -1.81657e-05
3.986 -1.82433e-05
3.987 -1.83196e-05
3.988 -1.83945e-05
3.989 -1.84681e-05
3.99 -1.85405e-05
3.991 -1.86116e-05
3.992 -1.86814e-05
3.993 -1.87501e-05
3.994 -1.88175e-05
3.995 -1.88838e-05
3.996 -1.89489e-05
3.997 -1.90129e-05
3.998 -1.90757e-05
3.999 -1.91375e-05
4 -1.91981e-05
4.001 -1.92577e-05
4.002 -1.93162e-05
4.003 -1.93737e-05
4.004 -1.94302e-05
4.005 -1.94856e-05
4.006 -1.954e-05
4.007 -1.95935e-05
4.008 -1.995e-05
4.009 -2.00704e-05
4.01 -2.00657e-05
4.011 -2.01033e-05
4.012 -2.01717e-05
4.013 -2.02351e-05
4.014 -2.0279e-05
4.015 -2.03105e-05
4.016 -2.03374e-05
4.017 -2.03622e-05
4.018 -2.03847e-05
4.019 -2.0405e-05
4.02 -2.04237e-05
4.021 -2.04415e-05
4.022 -2.04588e-05
4.023 -2.04759e-05
4.024 -2.04929e-05
4.025 -2.051e-05
4.026 -2.08301e-05
4.027 -2.0917e-05
4.028 -2.08806e-05
4.029 -2.08871e-05
4.03 -2.09255e-05
4.031 -2.09602e-05
4.032 -2.09771e-05
4.033 -2.09829e-05
4.034 -2.09854e-05
4.035 -2.0987e-05
4.036 -2.09875e-05
4.037 -2.09869e-05
4.038 -2.09857e-05
4.039 -2.09847e-05
4.04 -2.09842e-05
4.041 -2.09844e-05
4.042 -2.09854e-05
4.043 -2.09873e-05
4.044 -2.09902e-05
4.045 -2.09941e-05
4.046 -2.0999e-05
4.047 -2.1005e-05
4.048 -2.1012e-05
4.049 -2.102e-05
4.05 -2.10289e-05
4.051 -2.11615e-05
4.052 -2.11942e-05
4.053 -2.11769e-05
4.054 -2.11773e-05
4.055 -2.11914e-05
4.056 -2.12055e-05
4.057 -2.12137e-05
4.058 -2.12186e-05
4.059 -2.12229e-05
4.06 -2.12276e-05
4.061 -2.12327e-05
4.062 -2.12378e-05
4.063 -2.12433e-05
4.064 -2.12493e-05
4.065 -2.12557e-05
4.066 -2.12628e-05
4.067 -2.12704e-05
4.068 -2.12784e-05
4.069 -2.1287e-05
4.07 -2.12961e-05
4.071 -2.13055e-05
4.072 -2.13153e-05
4.073 -2.13255e-05
4.074 -2.1336e-05
4.075 -2.13467e-05
4.076 -2.13576e-05
4.077 -2.13686e-05
4.078 -2.13798e-05
4.079 -2.1391e-05
4.08 -2.14022e-05
4.081 -2.1528e-05
4.082 -2.15604e-05
4.083 -2.15451e-05
4.084 -2.15454e-05
4.085 -2.15576e-05
4.086 -2.15692e-05
4.087 -2.15746e-05
4.088 -2.15762e-05
4.089 -2.15768e-05
4.09 -2.15773e-05
4.091 -2.15774e-05
4.092 -2.15772e-05
4.093 -2.15768e-05
4.094 -2.15764e-05
4.095 -2.15762e-05
4.096 -2.15761e-05
4.097 -2.15762e-05
4.098 -2.15765e-05
4.099 -2.1577e-05
4.1 -2.15777e-05
4.101 -2.15785e-05
4.102 -2.15796e-05
4.103 -2.15808e-05
4.104 -2.15822e-05
4.105 -2.15836e-05
4.106 -2.15852e-05
4.107 -2.15869e-05
4.108 -2.15886e-05
4.109 -2.15903e-05
4.11 -2.15921e-05
4.111 -2.15938e-05
4.112 -2.15956e-05
4.113 -2.15973e-05
4.114 -2.15989e-05
4.115 -2.16004e-05
4.116 -2.16019e-05
4.117 -2.16032e-05
4.118 -2.16044e-05
4.119 -2.16055e-05
4.12 -2.16064e-05
4.121 -2.16072e-05
4.122 -2.16078e-05
4.123 -2.16083e-05
4.124 -2.16085e-05
4.125 -2.16086e-05
4.126 -2.16085e-05
4.127 -2.16081e-05
4.128 -2.16076e-05
4.129 -2.16069e-05
4.13 -2.1606e-05
4.131 -2.16048e-05
4.132 -2.16035e-05
4.133 -2.16019e-05
4.134 -2.16001e-05
4.135 -2.15981e-05
4.136 -2.15959e-05
4.137 -2.15935e-05
4.138 -2.15909e-05
4.139 -2.15881e-05
4.14 -2.15851e-05
4.141 -2.15818e-05
4.142 -2.15784e-05
4.143 -2.15748e-05
4.144 -2.15709e-05
4.145 -2.15669e-05
4.146 -2.15627e-05
4.147 -2.15583e-05
4.148 -2.15537e-05
4.149 -2.15489e-05
4.15 -2.1544e-05
4.151 -2.15388e-05
4.152 -2.15336e-05
4.153 -2.15281e-05
4.154 -2.15225e-05
4.155 -2.15167e-05
4.156 -2.15107e-05
4.157 -2.15046e-05
4.158 -2.14984e-05
4.159 -2.1492e-05
4.16 -2.14854e-05
4.161 -2.14787e-05
4.162 -2.14719e-05
4.163 -2.14649e-05
4.164 -2.14578e-05
4.165 -2.14506e-05
4.166 -2.14432e-05
4.167 -2.14357e-05
4.168 -2.14281e-05
4.169 -2.14204e-05
4.17 -2.14126e-05
4.171 -2.14046e-05
4.172 -2.13965e-05
4.173 -2.13884e-05
4.174 -2.13801e-05
4.175 -2.13717e-05
4.176 -2.13632e-05
4.177 -2.13546e-05
4.178 -2.13459e-05
4.179 -2.13371e-05
4.18 -2.13283e-05
4.181 -2.13193e-05
4.182 -2.13102e-05
4.183 -2.13011e-05
4.184 -2.12918e-05
4.185 -2.12825e-05
4.186 -2.12731e-05
4.187 -2.12636e-05
4.188 -2.12541e-05
4.189 -2.12444e-05
4.19 -2.12347e-05
4.191 -2.12249e-05
4.192 -2.1215e-05
4.193 -2.12051e-05
4.194 -2.1195e-05
4.195 -2.11849e-05
4.196 -2.11748e-05
4.197 -2.11645e-05
4.198 -2.11542e-05
4.199 -2.11439e-05
4.2 -2.11334e-05
4.201 -2.1123e-05
4.202 -2.11124e-05
4.203 -2.11018e-05
4.204 -2.10911e-05
4.205 -2.10803e-05
4.206 -2.10695e-05
4.207 -2.10587e-05
4.208 -2.10477e-05
4.209 -2.10368e-05
4.21 -2.10257e-05
4.211 -2.10146e-05
4.212 -2.10035e-05
4.213 -2.09923e-05
4.214 -2.0981e-05
4.215 -2.09697e-05
4.216 -2.09584e-05
4.217 -2.09469e-05
4.218 -2.09355e-05
4.219 -2.0924e-05
4.22 -2.09124e-05
4.221 -2.09008e-05
4.222 -2.08891e-05
4.223 -2.08774e-05
4.224 -2.08657e-05
4.225 -2.08539e-05
4.226 -2.0842e-05
4.227 -2.08301e-05
4.228 -2.08182e-05
4.229 -2.08062e-05
4.23 -2.07942e-05
4.231 -2.07821e-05
4.232 -2.077e-05
4.233 -2.07579e-05
4.234 -2.07457e-05
4.235 -2.07334e-05
4.236 -2.07211e-05
4.237 -2.07088e-05
4.238 -2.06965e-05
4.239 -2.06841e-05
4.24 -2.06717e-05
4.241 -2.06592e-05
4.242 -2.06467e-05
4.243 -2.06341e-05
4.244 -2.06216e-05
4.245 -2.06089e-05
4.246 -2.05963e-05
4.247 -2.05836e-05
4.248 -2.05709e-05
4.249 -2.05581e-05
4.25 -2.05454e-05
4.251 -2.05325e-05
4.252 -2.05197e-05
4.253 -2.05068e-05
4.254 -2.04939e-05
4.255 -2.04809e-05
4.256 -2.04679e-05
4.257 -2.04549e-05
4.258 -2.04419e-05
4.259 -2.04288e-05
4.26 -2.04157e-05
4.261 -2.04026e-05
4.262 -2.03894e-05
4.263 -2.03762e-05
4.264 -2.0363e-05
4.265 -2.03498e-05
4.266 -2.03365e-05
4.267 -2.03232e-05
4.268 -2.03331e-05
4.269 -2.03226e-05
4.27 -2.03048e-05
4.271 -2.02906e-05
4.272 -2.02792e-05
4.273 -2.02677e-05
4.274 -2.02549e-05
4.275 -2.02413e-05
4.276 -2.02276e-05
4.277 -2.02138e-05
4.278 -2.02e-05
4.279 -2.01859e-05
4.28 -2.01718e-05
4.281 -2.01576e-05
4.282 -2.01433e-05
4.283 -2.01289e-05
4.284 -2.01145e-05
4.285 -2.01001e-05
4.286 -2.00856e-05
4.287 -2.00711e-05
4.288 -2.00566e-05
4.289 -2.0042e-05
4.29 -2.00275e-05
4.291 -2.00129e-05
4.292 -1.99983e-05
4.293 -1.99837e-05
4.294 -1.99691e-05
4.295 -1.99545e-05
4.296 -1.994e-05
4.297 -1.99254e-05
4.298 -1.99108e-05
4.299 -1.98962e-05
4.3 -1.98816e-05
4.301 -1.9867e-05
4.302 -1.98524e-05
4.303 -1.98378e-05
4.304 -1.98232e-05
4.305 -1.98086e-05
4.306 -1.9794e-05
4.307 -1.97794e-05
4.308 -1.97649e-05
4.309 -1.97503e-05
4.31 -1.97357e-05
4.311 -1.97211e-05
4.312 -1.97066e-05
4.313 -1.9692e-05
4.314 -1.96774e-05
4.315 -1.96629e-05
4.316 -1.96483e-05
4.317 -1.96338e-05
4.318 -1.96192e-05
4.319 -1.96047e-05
4.32 -1.95901e-05
4.321 -1.95756e-05
4.322 -1.9561e-05
4.323 -1.95465e-05
4.324 -1.95319e-05
4.325 -1.95174e-05
4.326 -1.95028e-05
4.327 -1.94883e-05
4.328 -1.94737e-05
4.329 -1.94592e-05
4.33 -1.94446e-05
4.331 -1.94301e-05
4.332 -1.94155e-05
4.333 -1.9401e-05
4.334 -1.93864e-05
4.335 -1.93719e-05
4.336 -1.93573e-05
4.337 -1.93428e-05
4.338 -1.93282e-05
4.339 -1.93137e-05
4.34 -1.92991e-05
4.341 -1.92846e-05
4.342 -1.927e-05
4.343 -1.92554e-05
4.344 -1.92409e-05
4.345 -1.92263e-05
4.346 -1.92117e-05
4.347 -1.91972e-05
4.348 -1.91826e-05
4.349 -1.9168e-05
4.35 -1.91534e-05
4.351 -1.91389e-05
4.352 -1.91243e-05
4.353 -1.91097e-05
4.354 -1.90951e-05
4.355 -1.90805e-05
4.356 -1.90659e-05
4.357 -1.90513e-05
4.358 -1.90367e-05
4.359 -1.90221e-05
4.36 -1.90075e-05
4.361 -1.89929e-05
4.362 -1.89783e-05
4.363 -1.89637e-05
4.364 -1.89491e-05
4.365 -1.89344e-05
4.366 -1.89198e-05
4.367 -1.89052e-05
4.368 -1.88906e-05
4.369 -1.88759e-05
4.37 -1.88613e-05
4.371 -1.88467e-05
4.372 -1.8832e-05
4.373 -1.88174e-05
4.374 -1.88028e-05
4.375 -1.87881e-05
4.376 -1.87735e-05
4.377 -1.87589e-05
4.378 -1.87442e-05
4.379 -1.87296e-05
4.38 -1.87149e-05
4.381 -1.87003e-05
4.382 -1.86856e-05
4.383 -1.8671e-05
4.384 -1.86563e-05
4.385 -1.86417e-05
4.386 -1.8627e-05
4.387 -1.86124e-05
4.388 -1.85977e-05
4.389 -1.8583e-05
4.39 -1.85684e-05
4.391 -1.85537e-05
4.392 -1.85391e-05
4.393 -1.85244e-05
4.394 -1.85097e-05
4.395 -1.84951e-05
4.396 -1.84804e-05
4.397 -1.84658e-05
4.398 -1.84511e-05
4.399 -1.84365e-05
4.4 -1.84218e-05
4.401 -1.84071e-05
4.402 -1.83925e-05
4.403 -1.83778e-05
4.404 -1.83632e-05
4.405 -1.83485e-05
4.406 -1.83339e-05
4.407 -1.83192e-05
4.408 -1.83045e-05
4.409 -1.82899e-05
4.41 -1.82752e-05
4.411 -1.82606e-05
4.412 -1.82459e-05
4.413 -1.82313e-05
4.414 -1.82167e-05
4.415 -1.8202e-05
4.416 -1.81874e-05
4.417 -1.81727e-05
4.418 -1.81581e-05
4.419 -1.81434e-05
4.42 -1.81288e-05
4.421 -1.81142e-05
4.422 -1.80995e-05
4.423 -1.80849e-05
4.424 -1.80703e-05
4.425 -1.80557e-05
4.426 -1.8041e-05
4.427 -1.80264e-05
4.428 -1.80118e-05
4.429 -1.79972e-05
4.43 -1.79826e-05
4.431 -1.7968e-05
4.432 -1.79534e-05
4.433 -1.79388e-05
4.434 -1.79242e-05
4.435 -1.79096e-05
4.436 -1.7895e-05
4.437 -1.78804e-05
4.438 -1.78658e-05
4.439 -1.78512e-05
4.44 -1.78366e-05
4.441 -1.7822e-05
4.442 -1.78075e-05
4.443 -1.77929e-05
4.444 -1.77783e-05
4.445 -1.77638e-05
4.446 -1.77492e-05
4.447 -1.77347e-05
4.448 -1.77201e-05
4.449 -1.77056e-05
4.45 -1.7691e-05
4.451 -1.76765e-05
4.452 -1.76619e-05
4.453 -1.76474e-05
4.454 -1.76329e-05
4.455 -1.76184e-05
4.456 -1.76038e-05
4.457 -1.75893e-05
4.458 -1.75748e-05
4.459 -1.75603e-05
4.46 -1.75458e-05
4.461 -1.75313e-05
4.462 -1.75168e-05
4.463 -1.75023e-05
4.464 -1.74878e-05
4.465 -1.74734e-05
4.466 -1.74589e-05
4.467 -1.74444e-05
4.468 -1.743e-05
4.469 -1.74155e-05
4.47 -1.74011e-05
4.471 -1.73866e-05
4.472 -1.73722e-05
4.473 -1.73577e-05
4.474 -1.73433e-05
4.475 -1.73289e-05
4.476 -1.73145e-05
4.477 -1.73e-05
4.478 -1.72856e-05
4.479 -1.72712e-05
4.48 -1.72568e-05
4.481 -1.72424e-05
4.482 -1.7228e-05
4.483 -1.72137e-05
4.484 -1.71993e-05
4.485 -1.71849e-05
4.486 -1.71706e-05
4.487 -1.71562e-05
4.488 -1.71418e-05
4.489 -1.71275e-05
4.49 -1.71132e-05
4.491 -1.70988e-05
4.492 -1.70845e-05
4.493 -1.70702e-05
4.494 -1.70559e-05
4.495 -1.70416e-05
4.496 -1.70273e-05
4.497 -1.7013e-05
4.498 -1.69987e-05
4.499 -1.69844e-05
