0 -0.001401
0.001 -0.00229983
0.002 -0.00302631
0.003 -0.00380923
0.004 -0.00464464
0.005 -0.00546606
0.006 -0.00624919
0.007 -0.00700696
0.008 -0.00775532
0.009 -0.00849446
0.01 -0.00922687
0.011 -0.00994855
0.012 -0.0106567
0.013 -0.0113563
0.014 -0.0120449
0.015 -0.0127238
0.016 -0.0133905
0.017 -0.0140525
0.018 -0.0147021
0.019 -0.0153481
0.02 -0.0159858
0.021 -0.0166195
0.022 -0.0172502
0.023 -0.0178688
0.024 -0.0184775
0.025 -0.0190849
0.026 -0.0196895
0.027 -0.0202833
0.028 -0.0208714
0.029 -0.0214545
0.03 -0.0220294
0.031 -0.0225959
0.032 -0.0231601
0.033 -0.0237262
0.034 -0.0242933
0.035 -0.0248535
0.036 -0.0254016
0.037 -0.0259378
0.038 -0.0264844
0.039 -0.0270167
0.04 -0.0275535
0.041 -0.0280851
0.042 -0.0286053
0.043 -0.0291186
0.044 -0.0296287
0.045 -0.0301363
0.046 -0.0306423
0.047 -0.0311446
0.048 -0.0316447
0.049 -0.0321382
0.05 -0.0326278
0.051 -0.0331094
0.052 -0.0335977
0.053 -0.0340924
0.054 -0.0345806
0.055 -0.0350513
0.056 -0.035529
0.057 -0.0359892
0.058 -0.0364612
0.059 -0.0369265
0.06 -0.0373764
0.061 -0.037837
0.062 -0.0382974
0.063 -0.0387467
0.064 -0.0391978
0.065 -0.0396436
0.066 -0.0400809
0.067 -0.0405129
0.068 -0.0409629
0.069 -0.0414067
0.07 -0.041837
0.071 -0.0422653
0.072 -0.0426967
0.073 -0.0431209
0.074 -0.0435295
0.075 -0.0439452
0.076 -0.0443616
0.077 -0.0447801
0.078 -0.0451901
0.079 -0.0455921
0.08 -0.0459999
0.081 -0.0464222
0.082 -0.0468272
0.083 -0.0472322
0.084 -0.0476234
0.085 -0.0480223
0.086 -0.0484034
0.087 -0.0487966
0.088 -0.049188
0.089 -0.0495856
0.09 -0.0499704
0.091 -0.0503421
0.092 -0.0507251
0.093 -0.0511163
0.094 -0.0514991
0.095 -0.0518684
0.096 -0.052247
0.097 -0.0526026
0.098 -0.0529665
0.099 -0.0533325
0.1 -0.0536988
0.101 -0.0540553
0.102 -0.0544077
0.103 -0.0547906
0.104 -0.0551476
0.105 -0.0555052
0.106 -0.0558626
0.107 -0.0562078
0.108 -0.0565568
0.109 -0.0569048
0.11 -0.0572553
0.111 -0.0575989
0.112 -0.0579311
0.113 -0.0582909
0.114 -0.0586253
0.115 -0.0589665
0.116 -0.0593105
0.117 -0.0596275
0.118 -0.0599581
0.119 -0.0602933
0.12 -0.060619
0.121 -0.0609394
0.122 -0.0612847
0.123 -0.0616071
0.124 -0.0619315
0.125 -0.0622592
0.126 -0.0625599
0.127 -0.0628877
0.128 -0.0632122
0.129 -0.0635278
0.13 -0.0638292
0.131 -0.0641553
0.132 -0.0644594
0.133 -0.064773
0.134 -0.0650838
0.135 -0.0653785
0.136 -0.0656778
0.137 -0.0659819
0.138 -0.0662764
0.139 -0.0665795
0.14 -0.0668932
0.141 -0.0671974
0.142 -0.0674918
0.143 -0.0677706
0.144 -0.0680691
0.145 -0.0683676
0.146 -0.0686614
0.147 -0.0689334
0.148 -0.0692377
0.149 -0.0695296
0.15 -0.0698146
0.151 -0.0700845
0.152 -0.0703537
0.153 -0.070638
0.154 -0.0709155
0.155 -0.0711894
0.156 -0.0714765
0.157 -0.0717619
0.158 -0.0720341
0.159 -0.0722829
0.16 -0.0725625
0.161 -0.0728401
0.162 -0.0731007
0.163 -0.0733679
0.164 -0.073635
0.165 -0.0739043
0.166 -0.0741703
0.167 -0.0744176
0.168 -0.0746748
0.169 -0.0749358
0.17 -0.0751821
0.171 -0.0754642
0.172 -0.0757279
0.173 -0.0759791
0.174 -0.0762073
0.175 -0.076466
0.176 -0.0767232
0.177 -0.076967
0.178 -0.0772286
0.179 -0.0774701
0.18 -0.0777258
0.181 -0.0779589
0.182 -0.0781919
0.183 -0.0784423
0.184 -0.078667
0.185 -0.0789228
0.186 -0.0791644
0.187 -0.0793979
0.188 -0.0796255
0.189 -0.0798659
0.19 -0.0801099
0.191 -0.0803356
0.192 -0.080572
0.193 -0.0807977
0.194 -0.081039
0.195 -0.0812563
0.196 -0.0814703
0.197 -0.0816963
0.198 -0.0819155
0.199 -0.082165
0.2 -0.0823916
0.201 -0.0826068
0.202 -0.082806
0.203 -0.0830337
0.204 -0.0832612
0.205 -0.0834666
0.206 -0.0836998
0.207 -0.0839195
0.208 -0.084135
0.209 -0.0843293
0.21 -0.0845458
0.211 -0.0847542
0.212 -0.08497
0.213 -0.0851784
0.214 -0.0853822
0.215 -0.0855819
0.216 -0.0857912
0.217 -0.086
0.218 -0.0861956
0.219 -0.0864222
0.22 -0.0866241
0.221 -0.0868223
0.222 -0.0870022
0.223 -0.0872035
0.224 -0.0873942
0.225 -0.0876044
0.226 -0.0877974
0.227 -0.0879928
0.228 -0.0881655
0.229 -0.0883626
0.23 -0.0885686
0.231 -0.088752
0.232 -0.0889506
0.233 -0.089138
0.234 -0.0893139
0.235 -0.0894906
0.236 -0.089674
0.237 -0.0898557
0.238 -0.0900658
0.239 -0.0902485
0.24 -0.0904159
0.241 -0.0905915
0.242 -0.0907864
0.243 -0.0909526
0.244 -0.0911554
0.245 -0.091333
0.246 -0.0915017
0.247 -0.0916521
0.248 -0.0918332
0.249 -0.0920031
0.25 -0.0921999
0.251 -0.0923799
0.252 -0.0925371
0.253 -0.0926897
0.254 -0.0928732
0.255 -0.0930421
0.256 -0.0932242
0.257 -0.0933921
0.258 -0.0935486
0.259 -0.0936869
0.26 -0.0938575
0.261 -0.0940153
0.262 -0.0942038
0.263 -0.0943694
0.264 -0.0945137
0.265 -0.0946633
0.266 -0.0948285
0.267 -0.0949803
0.268 -0.0951563
0.269 -0.0953074
0.27 -0.0954493
0.271 -0.0955901
0.272 -0.0957417
0.273 -0.0958868
0.274 -0.0960688
0.275 -0.0962132
0.276 -0.0963458
0.277 -0.0964994
0.278 -0.0966624
0.279 -0.0968064
0.28 -0.0969503
0.281 -0.0971025
0.282 -0.097236
0.283 -0.0973797
0.284 -0.0975154
0.285 -0.0976863
0.286 -0.0978353
0.287 -0.0979623
0.288 -0.0980916
0.289 -0.098241
0.29 -0.0983739
0.291 -0.0985298
0.292 -0.0986664
0.293 -0.0987876
0.294 -0.0989143
0.295 -0.0990513
0.296 -0.0991929
0.297 -0.0993339
0.298 -0.0994647
0.299 -0.0995784
0.3 -0.0997227
0.301 -0.0998604
0.302 -0.100012
0.303 -0.10014
0.304 -0.100252
0.305 -0.100361
0.306 -0.100487
0.307 -0.100617
0.308 -0.100751
0.309 -0.100882
0.31 -0.10099
0.311 -0.101123
0.312 -0.101247
0.313 -0.101394
0.314 -0.101515
0.315 -0.101623
0.316 -0.101723
0.317 -0.101842
0.318 -0.101967
0.319 -0.102094
0.32 -0.102206
0.321 -0.10231
0.322 -0.102441
0.323 -0.102561
0.324 -0.102701
0.325 -0.102806
0.326 -0.102898
0.327 -0.103004
0.328 -0.103122
0.329 -0.103247
0.33 -0.103369
0.331 -0.103474
0.332 -0.103565
0.333 -0.103686
0.334 -0.103792
0.335 -0.103925
0.336 -0.104032
0.337 -0.10411
0.338 -0.104215
0.339 -0.104321
0.34 -0.104461
0.341 -0.104566
0.342 -0.104642
0.343 -0.104744
0.344 -0.104862
0.345 -0.104965
0.346 -0.105074
0.347 -0.105169
0.348 -0.105242
0.349 -0.105346
0.35 -0.105441
0.351 -0.105564
0.352 -0.105664
0.353 -0.105743
0.354 -0.10585
0.355 -0.105953
0.356 -0.106072
0.357 -0.106161
0.358 -0.106234
0.359 -0.106319
0.36 -0.106416
0.361 -0.106541
0.362 -0.10664
0.363 -0.106701
0.364 -0.106792
0.365 -0.106899
0.366 -0.106994
0.367 -0.107092
0.368 -0.107178
0.369 -0.107238
0.37 -0.107328
0.371 -0.107422
0.372 -0.10752
0.373 -0.107607
0.374 -0.107682
0.375 -0.107783
0.376 -0.107862
0.377 -0.107959
0.378 -0.10805
0.379 -0.108113
0.38 -0.108196
0.381 -0.108269
0.382 -0.10838
0.383 -0.108453
0.384 -0.108513
0.385 -0.108607
0.386 -0.108701
0.387 -0.108806
0.388 -0.108879
0.389 -0.108931
0.39 -0.109006
0.391 -0.109083
0.392 -0.109196
0.393 -0.10927
0.394 -0.109328
0.395 -0.109398
0.396 -0.109503
0.397 -0.109599
0.398 -0.109669
0.399 -0.109714
0.4 -0.109782
0.401 -0.109863
0.402 -0.109966
0.403 -0.110048
0.404 -0.110087
0.405 -0.110158
0.406 -0.110251
0.407 -0.110332
0.408 -0.110409
0.409 -0.110464
0.41 -0.110513
0.411 -0.110587
0.412 -0.11068
0.413 -0.110758
0.414 -0.110802
0.415 -0.11087
0.416 -0.110954
0.417 -0.111029
0.418 -0.111102
0.419 -0.111153
0.42 -0.111202
0.421 -0.111273
0.422 -0.11136
0.423 -0.111434
0.424 -0.111475
0.425 -0.111538
0.426 -0.111619
0.427 -0.111692
0.428 -0.111762
0.429 -0.11181
0.43 -0.111853
0.431 -0.111922
0.432 -0.11201
0.433 -0.11208
0.434 -0.11211
0.435 -0.112172
0.436 -0.112254
0.437 -0.112333
0.438 -0.112391
0.439 -0.112425
0.44 -0.112471
0.441 -0.112541
0.442 -0.112633
0.443 -0.112688
0.444 -0.11272
0.445 -0.112771
0.446 -0.112846
0.447 -0.112928
0.448 -0.112969
0.449 -0.113004
0.45 -0.113056
0.451 -0.113103
0.452 -0.113199
0.453 -0.113242
0.454 -0.113264
0.455 -0.113334
0.456 -0.113401
0.457 -0.113472
0.458 -0.113525
0.459 -0.113556
0.46 -0.113608
0.461 -0.113654
0.462 -0.11374
0.463 -0.113786
0.464 -0.113812
0.465 -0.113882
0.466 -0.113927
0.467 -0.113978
0.468 -0.114044
0.469 -0.114072
0.47 -0.114122
0.471 -0.114173
0.472 -0.114238
0.473 -0.114279
0.474 -0.11432
0.475 -0.114379
0.476 -0.114433
0.477 -0.114494
0.478 -0.114537
0.479 -0.114564
0.48 -0.114614
0.481 -0.114689
0.482 -0.114751
0.483 -0.114767
0.484 -0.114811
0.485 -0.114883
0.486 -0.114953
0.487 -0.114979
0.488 -0.115
0.489 -0.115044
0.49 -0.11509
0.491 -0.115167
0.492 -0.115197
0.493 -0.11522
0.494 -0.115277
0.495 -0.115319
0.496 -0.115375
0.497 -0.115423
0.498 -0.115443
0.499 -0.115483
0.5 -0.115523
0.501 -0.115584
0.502 -0.115616
0.503 -0.11565
0.504 -0.115706
0.505 -0.115756
0.506 -0.115805
0.507 -0.115834
0.508 -0.115858
0.509 -0.115906
0.51 -0.115982
0.511 -0.116017
0.512 -0.116034
0.513 -0.116074
0.514 -0.116122
0.515 -0.116192
0.516 -0.116221
0.517 -0.116236
0.518 -0.116273
0.519 -0.116307
0.52 -0.116368
0.521 -0.116399
0.522 -0.116424
0.523 -0.116466
0.524 -0.116508
0.525 -0.116557
0.526 -0.116593
0.527 -0.116606
0.528 -0.116647
0.529 -0.116709
0.53 -0.116756
0.531 -0.116761
0.532 -0.116791
0.533 -0.116846
0.534 -0.116913
0.535 -0.116936
0.536 -0.116937
0.537 -0.116972
0.538 -0.117004
0.539 -0.117072
0.54 -0.117098
0.541 -0.117114
0.542 -0.117153
0.543 -0.11719
0.544 -0.117231
0.545 -0.117267
0.546 -0.117277
0.547 -0.117315
0.548 -0.117374
0.549 -0.117418
0.55 -0.117421
0.551 -0.117447
0.552 -0.117496
0.553 -0.117558
0.554 -0.11758
0.555 -0.117583
0.556 -0.117615
0.557 -0.117643
0.558 -0.117691
0.559 -0.117721
0.56 -0.117732
0.561 -0.11777
0.562 -0.117814
0.563 -0.117858
0.564 -0.117875
0.565 -0.117884
0.566 -0.117923
0.567 -0.11799
0.568 -0.118003
0.569 -0.117999
0.57 -0.118042
0.571 -0.118084
0.572 -0.118139
0.573 -0.118162
0.574 -0.11816
0.575 -0.118189
0.576 -0.118215
0.577 -0.118258
0.578 -0.11828
0.579 -0.118304
0.58 -0.118346
0.581 -0.118388
0.582 -0.118415
0.583 -0.118419
0.584 -0.118436
0.585 -0.118457
0.586 -0.118524
0.587 -0.118537
0.588 -0.118546
0.589 -0.11859
0.59 -0.11861
0.591 -0.118639
0.592 -0.118672
0.593 -0.118671
0.594 -0.118705
0.595 -0.118751
0.596 -0.11879
0.597 -0.118785
0.598 -0.118806
0.599 -0.118849
0.6 -0.118905
0.601 -0.11892
0.602 -0.118919
0.603 -0.118945
0.604 -0.11896
0.605 -0.118996
0.606 -0.119025
0.607 -0.119035
0.608 -0.11907
0.609 -0.119102
0.61 -0.119139
0.611 -0.119142
0.612 -0.119149
0.613 -0.119174
0.614 -0.119238
0.615 -0.119241
0.616 -0.119244
0.617 -0.119286
0.618 -0.119304
0.619 -0.119327
0.62 -0.119358
0.621 -0.119354
0.622 -0.119384
0.623 -0.119429
0.624 -0.119464
0.625 -0.119455
0.626 -0.119473
0.627 -0.119505
0.628 -0.119563
0.629 -0.119577
0.63 -0.119569
0.631 -0.119597
0.632 -0.119611
0.633 -0.119646
0.634 -0.119658
0.635 -0.119675
0.636 -0.119711
0.637 -0.11975
0.638 -0.11977
0.639 -0.119769
0.64 -0.119781
0.641 -0.1198
0.642 -0.11985
0.643 -0.119862
0.644 -0.11986
0.645 -0.119887
0.646 -0.11991
0.647 -0.119943
0.648 -0.119956
0.649 -0.119957
0.65 -0.119984
0.651 -0.12004
0.652 -0.120035
0.653 -0.12002
0.654 -0.120065
0.655 -0.120082
0.656 -0.120121
0.657 -0.120141
0.658 -0.120123
0.659 -0.120144
0.66 -0.120178
0.661 -0.120213
0.662 -0.120208
0.663 -0.120227
0.664 -0.120263
0.665 -0.120311
0.666 -0.120315
0.667 -0.120306
0.668 -0.120327
0.669 -0.120335
0.67 -0.120367
0.671 -0.120383
0.672 -0.12039
0.673 -0.120424
0.674 -0.120455
0.675 -0.120472
0.676 -0.120468
0.677 -0.120477
0.678 -0.120492
0.679 -0.120541
0.68 -0.120551
0.681 -0.120546
0.682 -0.120568
0.683 -0.120592
0.684 -0.120624
0.685 -0.120626
0.686 -0.120624
0.687 -0.120651
0.688 -0.120702
0.689 -0.120698
0.69 -0.120683
0.691 -0.120715
0.692 -0.120735
0.693 -0.120749
0.694 -0.120773
0.695 -0.12076
0.696 -0.120783
0.697 -0.120823
0.698 -0.12085
0.699 -0.120837
0.7 -0.12085
0.701 -0.120878
0.702 -0.120918
0.703 -0.120927
0.704 -0.12091
0.705 -0.120923
0.706 -0.120947
0.707 -0.12098
0.708 -0.120977
0.709 -0.120987
0.71 -0.121028
0.711 -0.121066
0.712 -0.121065
0.713 -0.121045
0.714 -0.121062
0.715 -0.121067
0.716 -0.121093
0.717 -0.121106
0.718 -0.121111
0.719 -0.121139
0.72 -0.121171
0.721 -0.121185
0.722 -0.121176
0.723 -0.121183
0.724 -0.121192
0.725 -0.12124
0.726 -0.121242
0.727 -0.121235
0.728 -0.121252
0.729 -0.121277
0.73 -0.121302
0.731 -0.121292
0.732 -0.121291
0.733 -0.121306
0.734 -0.121359
0.735 -0.121356
0.736 -0.121343
0.737 -0.121381
0.738 -0.121384
0.739 -0.121399
0.74 -0.121415
0.741 -0.121406
0.742 -0.121425
0.743 -0.121476
0.744 -0.121463
0.745 -0.121442
0.746 -0.121472
0.747 -0.121488
0.748 -0.121499
0.749 -0.121519
0.75 -0.121502
0.751 -0.121522
0.752 -0.121559
0.753 -0.121583
0.754 -0.121568
0.755 -0.121578
0.756 -0.1216
0.757 -0.12164
0.758 -0.121645
0.759 -0.121626
0.76 -0.121636
0.761 -0.12166
0.762 -0.121683
0.763 -0.121672
0.764 -0.121682
0.765 -0.121709
0.766 -0.121748
0.767 -0.121749
0.768 -0.121729
0.769 -0.121747
0.77 -0.12175
0.771 -0.121773
0.772 -0.121772
0.773 -0.12178
0.774 -0.121811
0.775 -0.121847
0.776 -0.121843
0.777 -0.121818
0.778 -0.12183
0.779 -0.121841
0.78 -0.12186
0.781 -0.121867
0.782 -0.121868
0.783 -0.121894
0.784 -0.121922
0.785 -0.121935
0.786 -0.121917
0.787 -0.121924
0.788 -0.121921
0.789 -0.121967
0.79 -0.121964
0.791 -0.121951
0.792 -0.121968
0.793 -0.121992
0.794 -0.122016
0.795 -0.121996
0.796 -0.121995
0.797 -0.122004
0.798 -0.122045
0.799 -0.122048
0.8 -0.122036
0.801 -0.122051
0.802 -0.122072
0.803 -0.122093
0.804 -0.122087
0.805 -0.122083
0.806 -0.122095
0.807 -0.122142
0.808 -0.122131
0.809 -0.122116
0.81 -0.122151
0.811 -0.122152
0.812 -0.122165
0.813 -0.122169
0.814 -0.122158
0.815 -0.122177
0.816 -0.122227
0.817 -0.122212
0.818 -0.12219
0.819 -0.122216
0.82 -0.122221
0.821 -0.122233
0.822 -0.122239
0.823 -0.122229
0.824 -0.122242
0.825 -0.122289
0.826 -0.12229
0.827 -0.122254
0.828 -0.122291
0.829 -0.122293
0.83 -0.122312
0.831 -0.122327
0.832 -0.1223
0.833 -0.122314
0.834 -0.122348
0.835 -0.122361
0.836 -0.122344
0.837 -0.122352
0.838 -0.122365
0.839 -0.122403
0.84 -0.122399
0.841 -0.122367
0.842 -0.122376
0.843 -0.122407
0.844 -0.122429
0.845 -0.122405
0.846 -0.122409
0.847 -0.12243
0.848 -0.122463
0.849 -0.122465
0.85 -0.122442
0.851 -0.122447
0.852 -0.122466
0.853 -0.122485
0.854 -0.122467
0.855 -0.122475
0.856 -0.122497
0.857 -0.122532
0.858 -0.122529
0.859 -0.122498
0.86 -0.122504
0.861 -0.122518
0.862 -0.122544
0.863 -0.122532
0.864 -0.122535
0.865 -0.122558
0.866 -0.122593
0.867 -0.122586
0.868 -0.122566
0.869 -0.122575
0.87 -0.122571
0.871 -0.122589
0.872 -0.122584
0.873 -0.122587
0.874 -0.122617
0.875 -0.122648
0.876 -0.12264
0.877 -0.12261
0.878 -0.122618
0.879 -0.122616
0.88 -0.122636
0.881 -0.122633
0.882 -0.12263
0.883 -0.122657
0.884 -0.122688
0.885 -0.122677
0.886 -0.122645
0.887 -0.122654
0.888 -0.122658
0.889 -0.122674
0.89 -0.122679
0.891 -0.122673
0.892 -0.122695
0.893 -0.122721
0.894 -0.122723
0.895 -0.122695
0.896 -0.122706
0.897 -0.122702
0.898 -0.12273
0.899 -0.122729
0.9 -0.122715
0.901 -0.122734
0.902 -0.122752
0.903 -0.122759
0.904 -0.122741
0.905 -0.12274
0.906 -0.122737
0.907 -0.122775
0.908 -0.122767
0.909 -0.122749
0.91 -0.122762
0.911 -0.122778
0.912 -0.122795
0.913 -0.122773
0.914 -0.122769
0.915 -0.122772
0.916 -0.122809
0.917 -0.122801
0.918 -0.122783
0.919 -0.122793
0.92 -0.122806
0.921 -0.122823
0.922 -0.122798
0.923 -0.122791
0.924 -0.122794
0.925 -0.122831
0.926 -0.122827
0.927 -0.122809
0.928 -0.122818
0.929 -0.122834
0.93 -0.122847
0.931 -0.122829
0.932 -0.122817
0.933 -0.122813
0.934 -0.122858
0.935 -0.12285
0.936 -0.122829
0.937 -0.122838
0.938 -0.12285
0.939 -0.122868
0.94 -0.122854
0.941 -0.122838
0.942 -0.122842
0.943 -0.122885
0.944 -0.122868
0.945 -0.122843
0.946 -0.122859
0.947 -0.122864
0.948 -0.12288
0.949 -0.122869
0.95 -0.122854
0.951 -0.122859
0.952 -0.122898
0.953 -0.122878
0.954 -0.122858
0.955 -0.122884
0.956 -0.122876
0.957 -0.122882
0.958 -0.122877
0.959 -0.122857
0.96 -0.122869
0.961 -0.122907
0.962 -0.122879
0.963 -0.122857
0.964 -0.122877
0.965 -0.122874
0.966 -0.122876
0.967 -0.122877
0.968 -0.122855
0.969 -0.12286
0.97 -0.122901
0.971 -0.122876
0.972 -0.122844
0.973 -0.122861
0.974 -0.122856
0.975 -0.122856
0.976 -0.122856
0.977 -0.122831
0.978 -0.122839
0.979 -0.122876
0.98 -0.122848
0.981 -0.122813
0.982 -0.122829
0.983 -0.122831
0.984 -0.122827
0.985 -0.122829
0.986 -0.122803
0.987 -0.122805
0.988 -0.122838
0.989 -0.122826
0.99 -0.122781
0.991 -0.122803
0.992 -0.122792
0.993 -0.122796
0.994 -0.122795
0.995 -0.122758
0.996 -0.122762
0.997 -0.122785
0.998 -0.122783
0.999 -0.122747
1 -0.122746
1.001 -0.122735
1.002 -0.122749
1.003 -0.122747
1.004 -0.122708
1.005 -0.122699
1.006 -0.122713
1.007 -0.122719
1.008 -0.122684
1.009 -0.122674
1.01 -0.122677
1.011 -0.122694
1.012 -0.122675
1.013 -0.122627
1.014 -0.122617
1.015 -0.122625
1.016 -0.122629
1.017 -0.122586
1.018 -0.122571
1.019 -0.122574
1.02 -0.122587
1.021 -0.122569
1.022 -0.122524
1.023 -0.122509
1.024 -0.122508
1.025 -0.122506
1.026 -0.122463
1.027 -0.12245
1.028 -0.12245
1.029 -0.122464
1.03 -0.122436
1.031 -0.12238
1.032 -0.122362
1.033 -0.122352
1.034 -0.122353
1.035 -0.122314
1.036 -0.122291
1.037 -0.122301
1.038 -0.122303
1.039 -0.122264
1.04 -0.122213
1.041 -0.122194
1.042 -0.122162
1.043 -0.122154
1.044 -0.122118
1.045 -0.122085
1.046 -0.122081
1.047 -0.122079
1.048 -0.122036
1.049 -0.121969
1.05 -0.121944
1.051 -0.121912
1.052 -0.121891
1.053 -0.12186
1.054 -0.121814
1.055 -0.121798
1.056 -0.12178
1.057 -0.121747
1.058 -0.121687
1.059 -0.121644
1.06 -0.121602
1.061 -0.121597
1.062 -0.121539
1.063 -0.121475
1.064 -0.121441
1.065 -0.121406
1.066 -0.121373
1.067 -0.121303
1.068 -0.12124
1.069 -0.121197
1.07 -0.121187
1.071 -0.121114
1.072 -0.121036
1.073 -0.121008
1.074 -0.120944
1.075 -0.120888
1.076 -0.120825
1.077 -0.120742
1.078 -0.120687
1.079 -0.120661
1.08 -0.120571
1.081 -0.120459
1.082 -0.120413
1.083 -0.120338
1.084 -0.120275
1.085 -0.120197
1.086 -0.120079
1.087 -0.120001
1.088 -0.11993
1.089 -0.119858
1.09 -0.119735
1.091 -0.119641
1.092 -0.119566
1.093 -0.119493
1.094 -0.119373
1.095 -0.11923
1.096 -0.119122
1.097 -0.119003
1.098 -0.118891
1.099 -0.118762
1.1 -0.118613
1.101 -0.118495
1.102 -0.118373
1.103 -0.118241
1.104 -0.118066
1.105 -0.117906
1.106 -0.117759
1.107 -0.117634
1.108 -0.11744
1.109 -0.117221
1.11 -0.117071
1.111 -0.116876
1.112 -0.116713
1.113 -0.116504
1.114 -0.116262
1.115 -0.11605
1.116 -0.115813
1.117 -0.115592
1.118 -0.115326
1.119 -0.115054
1.12 -0.114806
1.121 -0.114532
1.122 -0.114258
1.123 -0.113933
1.124 -0.113595
1.125 -0.113283
1.126 -0.112958
1.127 -0.112618
1.128 -0.11219
1.129 -0.11179
1.13 -0.111422
1.131 -0.110992
1.132 -0.110546
1.133 -0.110019
1.134 -0.109501
1.135 -0.108999
1.136 -0.108449
1.137 -0.107877
1.138 -0.107186
1.139 -0.106515
1.14 -0.10586
1.141 -0.105121
1.142 -0.104335
1.143 -0.103467
1.144 -0.102562
1.145 -0.101645
1.146 -0.100572
1.147 -0.0994706
1.148 -0.0982462
1.149 -0.0968801
1.15 -0.0954761
1.151 -0.0940318
1.152 -0.0923353
1.153 -0.0905077
1.154 -0.0885221
1.155 -0.0862378
1.156 -0.0837399
1.157 -0.0809959
1.158 -0.077723
1.159 -0.0739942
1.16 -0.0698384
1.161 0.0337298
1.162 0.010119
1.163 0.00303569
1.164 0.000910706
1.165 0.00546866
1.166 0.00875745
1.167 0.00832461
1.168 0.00678102
1.169 0.00612202
1.17 0.00627545
1.171 0.00649954
1.172 0.00648544
1.173 0.00634677
1.174 0.00624099
1.175 0.00619104
1.176 0.00617525
1.177 0.00613906
1.178 0.00608122
1.179 0.00599728
1.18 0.00589258
1.181 0.00577566
1.182 0.00564423
1.183 0.00549837
1.184 0.00534012
1.185 0.00515357
1.186 0.00494395
1.187 0.00471579
1.188 0.00446923
1.189 0.00421756
1.19 0.00397564
1.191 0.00374485
1.192 0.00352012
1.193 0.00330172
1.194 0.00308752
1.195 0.00287428
1.196 0.00266243
1.197 0.00245033
1.198 0.00224225
1.199 0.00203326
1.2 0.00182541
1.201 0.00162025
1.202 0.00142127
1.203 0.00122769
1.204 0.00104176
1.205 0.000859325
1.206 0.000683014
1.207 0.000515242
1.208 0.000353859
1.209 0.000198801
1.21 5.15478e-05
1.211 -8.79321e-05
1.212 -0.000219809
1.213 -0.000344148
1.214 -0.000459107
1.215 -0.000567321
1.216 -0.000668555
1.217 -0.000761455
1.218 -0.000845231
1.219 -0.000921339
1.22 -0.000992432
1.221 -0.00105543
1.222 -0.00111246
1.223 -0.00116277
1.224 -0.00120543
1.225 -0.00124131
1.226 -0.00127038
1.227 -0.001294
1.228 -0.00131092
1.229 -0.00132124
1.23 -0.00132419
1.231 -0.00131894
1.232 -0.00130686
1.233 -0.00128709
1.234 -0.00126281
1.235 -0.00123214
1.236 -0.00119738
1.237 -0.00115863
1.238 -0.00111585
1.239 -0.00106952
1.24 -0.00101993
1.241 -0.00096726
1.242 -0.0009126
1.243 -0.000855791
1.244 -0.000797113
1.245 -0.000736895
1.246 -0.000675514
1.247 -0.00061329
1.248 -0.000550488
1.249 -0.000487147
1.25 -0.000423787
1.251 -0.000360647
1.252 -0.000297938
1.253 -0.000235872
1.254 -0.000174662
1.255 -0.000114504
1.256 -5.55807e-05
1.257 1.94234e-06
1.258 5.79103e-05
1.259 0.00011218
1.26 0.00016462
1.261 0.000215113
1.262 0.000263555
1.263 0.000309853
1.264 0.000353926
1.265 0.000395708
1.266 0.00043514
1.267 0.000472192
1.268 0.000506878
1.269 0.000539176
1.27 0.000569025
1.271 0.000596391
1.272 0.000621273
1.273 0.00064369
1.274 0.000663667
1.275 0.000681364
1.276 0.000696678
1.277 0.000709803
1.278 0.00072063
1.279 0.000729037
1.28 0.000735231
1.281 0.000739495
1.282 0.000741759
1.283 0.000742031
1.284 0.000740391
1.285 0.000736951
1.286 0.00073181
1.287 0.000723435
1.288 0.00071455
1.289 0.00070458
1.29 0.00069171
1.291 0.000673432
1.292 0.000651332
1.293 0.000628342
1.294 0.00060384
1.295 0.000578293
1.296 0.000552804
1.297 0.000527169
1.298 0.000501252
1.299 0.000475101
