0 -0.00138349
0.001 -0.00218703
0.002 -0.00285484
0.003 -0.0035792
0.004 -0.00433931
0.005 -0.00507263
0.006 -0.00576674
0.007 -0.00643522
0.008 -0.00709133
0.009 -0.00773416
0.01 -0.00836719
0.011 -0.00898682
0.012 -0.00959151
0.013 -0.0101859
0.014 -0.0107684
0.015 -0.0113401
0.016 -0.0119001
0.017 -0.0124487
0.018 -0.0129905
0.019 -0.01352
0.02 -0.0140429
0.021 -0.0145596
0.022 -0.0150721
0.023 -0.0155736
0.024 -0.0160715
0.025 -0.016559
0.026 -0.0170378
0.027 -0.0175192
0.028 -0.0179884
0.029 -0.0184476
0.03 -0.018904
0.031 -0.0193547
0.032 -0.0197966
0.033 -0.0202333
0.034 -0.0206653
0.035 -0.0210951
0.036 -0.0215215
0.037 -0.0219488
0.038 -0.0223694
0.039 -0.0227766
0.04 -0.0231763
0.041 -0.0235848
0.042 -0.0239827
0.043 -0.0243732
0.044 -0.0247633
0.045 -0.0251529
0.046 -0.0255296
0.047 -0.0259005
0.048 -0.0262707
0.049 -0.0266399
0.05 -0.027006
0.051 -0.0273661
0.052 -0.0277278
0.053 -0.0280829
0.054 -0.0284325
0.055 -0.028777
0.056 -0.0291197
0.057 -0.0294664
0.058 -0.0298151
0.059 -0.0301582
0.06 -0.0304912
0.061 -0.0308231
0.062 -0.0311531
0.063 -0.0314726
0.064 -0.0318016
0.065 -0.0321186
0.066 -0.0324292
0.067 -0.0327393
0.068 -0.0330607
0.069 -0.0333707
0.07 -0.0336802
0.071 -0.0339825
0.072 -0.0342848
0.073 -0.0345789
0.074 -0.0348674
0.075 -0.035169
0.076 -0.0354746
0.077 -0.0357538
0.078 -0.0360508
0.079 -0.0363324
0.08 -0.0366162
0.081 -0.0368999
0.082 -0.0371709
0.083 -0.0374426
0.084 -0.037716
0.085 -0.0379889
0.086 -0.0382638
0.087 -0.0385295
0.088 -0.0387844
0.089 -0.0390467
0.09 -0.0393234
0.091 -0.0395926
0.092 -0.0398489
0.093 -0.040112
0.094 -0.0403606
0.095 -0.0406191
0.096 -0.0408678
0.097 -0.0411119
0.098 -0.041369
0.099 -0.0416164
0.1 -0.0418624
0.101 -0.0421088
0.102 -0.0423423
0.103 -0.0425816
0.104 -0.0428329
0.105 -0.0430673
0.106 -0.0433085
0.107 -0.0435369
0.108 -0.0437757
0.109 -0.0439964
0.11 -0.0442198
0.111 -0.0444462
0.112 -0.0446735
0.113 -0.0448959
0.114 -0.0451187
0.115 -0.0453328
0.116 -0.0455634
0.117 -0.0457931
0.118 -0.046008
0.119 -0.0462245
0.12 -0.0464399
0.121 -0.0466507
0.122 -0.0468568
0.123 -0.0470737
0.124 -0.0472858
0.125 -0.0474939
0.126 -0.047706
0.127 -0.0479021
0.128 -0.0481114
0.129 -0.0483244
0.13 -0.0485257
0.131 -0.0487246
0.132 -0.0489304
0.133 -0.0491207
0.134 -0.0493109
0.135 -0.0495044
0.136 -0.0497035
0.137 -0.0498966
0.138 -0.0500796
0.139 -0.0502753
0.14 -0.050481
0.141 -0.0506665
0.142 -0.0508502
0.143 -0.0510433
0.144 -0.0512226
0.145 -0.0514046
0.146 -0.0515939
0.147 -0.0517833
0.148 -0.0519656
0.149 -0.0521318
0.15 -0.0523158
0.151 -0.0525074
0.152 -0.0526875
0.153 -0.0528585
0.154 -0.0530376
0.155 -0.0531994
0.156 -0.0533664
0.157 -0.0535405
0.158 -0.0537133
0.159 -0.0538789
0.16 -0.0540391
0.161 -0.0542317
0.162 -0.0543948
0.163 -0.0545655
0.164 -0.0547328
0.165 -0.0548908
0.166 -0.0550535
0.167 -0.0552209
0.168 -0.0553905
0.169 -0.0555553
0.17 -0.0557008
0.171 -0.0558743
0.172 -0.0560251
0.173 -0.0561935
0.174 -0.0563552
0.175 -0.0564991
0.176 -0.0566479
0.177 -0.0567963
0.178 -0.0569523
0.179 -0.057103
0.18 -0.0572446
0.181 -0.0574176
0.182 -0.0575665
0.183 -0.0577089
0.184 -0.0578648
0.185 -0.0579998
0.186 -0.0581513
0.187 -0.0583056
0.188 -0.0584531
0.189 -0.0585948
0.19 -0.0587378
0.191 -0.058894
0.192 -0.0590402
0.193 -0.0591824
0.194 -0.059313
0.195 -0.0594422
0.196 -0.0595816
0.197 -0.0597236
0.198 -0.0598582
0.199 -0.059986
0.2 -0.0601446
0.201 -0.0602801
0.202 -0.060404
0.203 -0.0605421
0.204 -0.0606723
0.205 -0.0608126
0.206 -0.0609516
0.207 -0.0610856
0.208 -0.0612026
0.209 -0.0613496
0.21 -0.0614723
0.211 -0.0616037
0.212 -0.0617366
0.213 -0.0618497
0.214 -0.0619711
0.215 -0.0621044
0.216 -0.0622285
0.217 -0.0623417
0.218 -0.0624906
0.219 -0.0626111
0.22 -0.0627279
0.221 -0.0628521
0.222 -0.0629691
0.223 -0.0630954
0.224 -0.0632248
0.225 -0.0633495
0.226 -0.0634552
0.227 -0.063592
0.228 -0.0637145
0.229 -0.0638275
0.23 -0.0639393
0.231 -0.0640436
0.232 -0.0641563
0.233 -0.0642731
0.234 -0.0643805
0.235 -0.0644978
0.236 -0.0646265
0.237 -0.0647483
0.238 -0.0648526
0.239 -0.0649571
0.24 -0.0650644
0.241 -0.0651931
0.242 -0.0653016
0.243 -0.0653993
0.244 -0.0655228
0.245 -0.0656233
0.246 -0.0657311
0.247 -0.0658401
0.248 -0.0659373
0.249 -0.0660371
0.25 -0.0661454
0.251 -0.0662411
0.252 -0.0663504
0.253 -0.0664716
0.254 -0.0665772
0.255 -0.0666785
0.256 -0.066762
0.257 -0.0668748
0.258 -0.0669869
0.259 -0.0670921
0.26 -0.0671762
0.261 -0.0672937
0.262 -0.0673977
0.263 -0.0674944
0.264 -0.0675796
0.265 -0.0676649
0.266 -0.0677679
0.267 -0.0678652
0.268 -0.0679545
0.269 -0.0680733
0.27 -0.0681629
0.271 -0.0682528
0.272 -0.0683441
0.273 -0.0684372
0.274 -0.0685346
0.275 -0.0686324
0.276 -0.0687173
0.277 -0.0688233
0.278 -0.0689077
0.279 -0.0690014
0.28 -0.0690906
0.281 -0.0691727
0.282 -0.0692583
0.283 -0.0693462
0.284 -0.0694277
0.285 -0.0695387
0.286 -0.0696235
0.287 -0.0697017
0.288 -0.0697913
0.289 -0.0698767
0.29 -0.0699654
0.291 -0.0700559
0.292 -0.0701343
0.293 -0.0702349
0.294 -0.0703128
0.295 -0.070399
0.296 -0.0704804
0.297 -0.0705569
0.298 -0.070639
0.299 -0.0707229
0.3 -0.070798
0.301 -0.070904
0.302 -0.0709842
0.303 -0.0710617
0.304 -0.0711315
0.305 -0.0712095
0.306 -0.0713041
0.307 -0.0713883
0.308 -0.071451
0.309 -0.07155
0.31 -0.0716326
0.311 -0.0717048
0.312 -0.0717705
0.313 -0.071841
0.314 -0.0719245
0.315 -0.0719957
0.316 -0.0720723
0.317 -0.0721633
0.318 -0.072241
0.319 -0.0723102
0.32 -0.0723731
0.321 -0.0724546
0.322 -0.0725311
0.323 -0.0726037
0.324 -0.072684
0.325 -0.0727497
0.326 -0.0728224
0.327 -0.072891
0.328 -0.0729556
0.329 -0.0730264
0.33 -0.0730961
0.331 -0.073156
0.332 -0.0732523
0.333 -0.073325
0.334 -0.0733839
0.335 -0.0734383
0.336 -0.0735155
0.337 -0.0736019
0.338 -0.0736635
0.339 -0.0737281
0.34 -0.0738023
0.341 -0.0738676
0.342 -0.0739337
0.343 -0.0739867
0.344 -0.0740494
0.345 -0.0741188
0.346 -0.074176
0.347 -0.0742642
0.348 -0.0743282
0.349 -0.0743883
0.35 -0.0744436
0.351 -0.0745101
0.352 -0.0745904
0.353 -0.0746434
0.354 -0.0747063
0.355 -0.0747702
0.356 -0.074835
0.357 -0.0748929
0.358 -0.074945
0.359 -0.0750058
0.36 -0.0750666
0.361 -0.0751177
0.362 -0.0752039
0.363 -0.0752689
0.364 -0.0753226
0.365 -0.0753628
0.366 -0.0754305
0.367 -0.0754935
0.368 -0.0755522
0.369 -0.0756214
0.37 -0.0756711
0.371 -0.0757329
0.372 -0.075779
0.373 -0.0758229
0.374 -0.0758898
0.375 -0.0759435
0.376 -0.0760015
0.377 -0.0760743
0.378 -0.07612
0.379 -0.076172
0.38 -0.076224
0.381 -0.0762839
0.382 -0.0763458
0.383 -0.0763894
0.384 -0.0764645
0.385 -0.076524
0.386 -0.0765728
0.387 -0.0766064
0.388 -0.0766568
0.389 -0.0767111
0.39 -0.0767547
0.391 -0.0768322
0.392 -0.0768864
0.393 -0.0769341
0.394 -0.0769736
0.395 -0.0770263
0.396 -0.0770888
0.397 -0.0771355
0.398 -0.0771897
0.399 -0.0772332
0.4 -0.0772882
0.401 -0.0773279
0.402 -0.0773629
0.403 -0.0774223
0.404 -0.0774698
0.405 -0.0775187
0.406 -0.0775792
0.407 -0.0776187
0.408 -0.0776599
0.409 -0.0777099
0.41 -0.0777697
0.411 -0.0778225
0.412 -0.0778622
0.413 -0.0779246
0.414 -0.0779688
0.415 -0.0780097
0.416 -0.0780427
0.417 -0.0780875
0.418 -0.0781328
0.419 -0.078169
0.42 -0.0782316
0.421 -0.0782825
0.422 -0.0783201
0.423 -0.078354
0.424 -0.0784022
0.425 -0.0784581
0.426 -0.0784906
0.427 -0.0785551
0.428 -0.078603
0.429 -0.0786419
0.43 -0.078669
0.431 -0.0787021
0.432 -0.0787487
0.433 -0.0787841
0.434 -0.0788521
0.435 -0.0788964
0.436 -0.0789321
0.437 -0.0789584
0.438 -0.0790054
0.439 -0.0790502
0.44 -0.0790866
0.441 -0.079148
0.442 -0.0791894
0.443 -0.0792271
0.444 -0.0792459
0.445 -0.0792806
0.446 -0.0793211
0.447 -0.0793559
0.448 -0.0794192
0.449 -0.07946
0.45 -0.0794937
0.451 -0.079515
0.452 -0.0795614
0.453 -0.0796036
0.454 -0.0796371
0.455 -0.0796962
0.456 -0.0797353
0.457 -0.0797691
0.458 -0.0797882
0.459 -0.0798193
0.46 -0.0798589
0.461 -0.0798884
0.462 -0.0799513
0.463 -0.0799903
0.464 -0.0800209
0.465 -0.080042
0.466 -0.0800791
0.467 -0.0801255
0.468 -0.0801508
0.469 -0.0802079
0.47 -0.0802477
0.471 -0.0802734
0.472 -0.0802918
0.473 -0.0803223
0.474 -0.0803624
0.475 -0.0803853
0.476 -0.0804369
0.477 -0.0804779
0.478 -0.0805046
0.479 -0.0805244
0.48 -0.0805652
0.481 -0.0806105
0.482 -0.0806358
0.483 -0.0806879
0.484 -0.0807169
0.485 -0.0807431
0.486 -0.0807639
0.487 -0.0808009
0.488 -0.0808313
0.489 -0.080864
0.49 -0.080904
0.491 -0.080926
0.492 -0.0809512
0.493 -0.0809812
0.494 -0.0810229
0.495 -0.0810582
0.496 -0.0810863
0.497 -0.0811101
0.498 -0.0811448
0.499 -0.0811645
0.5 -0.0811879
0.501 -0.0812299
0.502 -0.0812493
0.503 -0.0812978
0.504 -0.0813221
0.505 -0.0813527
0.506 -0.0813734
0.507 -0.0814065
0.508 -0.0814402
0.509 -0.0814592
0.51 -0.0815097
0.511 -0.081541
0.512 -0.0815679
0.513 -0.0815741
0.514 -0.0816011
0.515 -0.0816296
0.516 -0.0816515
0.517 -0.0817064
0.518 -0.0817376
0.519 -0.0817517
0.52 -0.0817692
0.521 -0.081803
0.522 -0.0818406
0.523 -0.0818565
0.524 -0.0819049
0.525 -0.0819254
0.526 -0.0819471
0.527 -0.081961
0.528 -0.0819969
0.529 -0.0820221
0.53 -0.0820451
0.531 -0.0820712
0.532 -0.0820911
0.533 -0.0821094
0.534 -0.0821412
0.535 -0.0821831
0.536 -0.082203
0.537 -0.0822382
0.538 -0.0822579
0.539 -0.0822873
0.54 -0.0822921
0.541 -0.0823106
0.542 -0.0823379
0.543 -0.082354
0.544 -0.0824033
0.545 -0.0824321
0.546 -0.0824515
0.547 -0.0824615
0.548 -0.0824877
0.549 -0.0825238
0.55 -0.0825356
0.551 -0.0825793
0.552 -0.0826022
0.553 -0.0826195
0.554 -0.0826302
0.555 -0.0826602
0.556 -0.0826785
0.557 -0.0827066
0.558 -0.0827275
0.559 -0.082743
0.56 -0.0827587
0.561 -0.0827881
0.562 -0.0828171
0.563 -0.0828379
0.564 -0.0828733
0.565 -0.0828985
0.566 -0.0829125
0.567 -0.0829142
0.568 -0.0829355
0.569 -0.0829591
0.57 -0.08297
0.571 -0.0830206
0.572 -0.0830441
0.573 -0.0830545
0.574 -0.083066
0.575 -0.0830941
0.576 -0.0831259
0.577 -0.0831436
0.578 -0.0831693
0.579 -0.0831859
0.58 -0.0831954
0.581 -0.0832039
0.582 -0.083235
0.583 -0.0832463
0.584 -0.083288
0.585 -0.0833073
0.586 -0.0833224
0.587 -0.0833218
0.588 -0.0833521
0.589 -0.0833771
0.59 -0.0833911
0.591 -0.0834323
0.592 -0.0834509
0.593 -0.0834637
0.594 -0.0834653
0.595 -0.0834856
0.596 -0.0835061
0.597 -0.0835278
0.598 -0.0835562
0.599 -0.0835599
0.6 -0.0835716
0.601 -0.0835938
0.602 -0.0836295
0.603 -0.0836436
0.604 -0.0836732
0.605 -0.0836904
0.606 -0.0837022
0.607 -0.0837006
0.608 -0.0837184
0.609 -0.0837382
0.61 -0.0837456
0.611 -0.0837891
0.612 -0.0838104
0.613 -0.0838156
0.614 -0.0838266
0.615 -0.0838578
0.616 -0.083884
0.617 -0.0838923
0.618 -0.083903
0.619 -0.0839256
0.62 -0.0839329
0.621 -0.0839385
0.622 -0.0839569
0.623 -0.0839681
0.624 -0.0840114
0.625 -0.0840267
0.626 -0.0840376
0.627 -0.0840401
0.628 -0.0840592
0.629 -0.0840874
0.63 -0.0840909
0.631 -0.0841279
0.632 -0.0841358
0.633 -0.0841441
0.634 -0.0841466
0.635 -0.0841696
0.636 -0.0841757
0.637 -0.0842086
0.638 -0.0842205
0.639 -0.0842372
0.64 -0.0842325
0.641 -0.0842572
0.642 -0.0842781
0.643 -0.0842886
0.644 -0.0843253
0.645 -0.0843409
0.646 -0.0843509
0.647 -0.0843487
0.648 -0.0843677
0.649 -0.0843833
0.65 -0.0843985
0.651 -0.0844127
0.652 -0.0844235
0.653 -0.0844328
0.654 -0.0844492
0.655 -0.0844682
0.656 -0.0844736
0.657 -0.0845094
0.658 -0.0845269
0.659 -0.0845373
0.66 -0.0845367
0.661 -0.0845439
0.662 -0.0845615
0.663 -0.0845747
0.664 -0.0846062
0.665 -0.0846059
0.666 -0.0846066
0.667 -0.0846233
0.668 -0.0846525
0.669 -0.0846628
0.67 -0.084689
0.671 -0.0847042
0.672 -0.0847142
0.673 -0.0847054
0.674 -0.084714
0.675 -0.0847335
0.676 -0.0847349
0.677 -0.0847702
0.678 -0.0847748
0.679 -0.0847823
0.68 -0.0847889
0.681 -0.0848135
0.682 -0.0848289
0.683 -0.0848452
0.684 -0.0848518
0.685 -0.0848702
0.686 -0.0848604
0.687 -0.0848707
0.688 -0.0848841
0.689 -0.0848875
0.69 -0.0849268
0.691 -0.0849421
0.692 -0.0849414
0.693 -0.0849493
0.694 -0.0849742
0.695 -0.0849903
0.696 -0.0849978
0.697 -0.0850041
0.698 -0.0850229
0.699 -0.0850225
0.7 -0.0850226
0.701 -0.0850363
0.702 -0.085043
0.703 -0.0850834
0.704 -0.085097
0.705 -0.0850948
0.706 -0.0850981
0.707 -0.0851183
0.708 -0.0851417
0.709 -0.0851455
0.71 -0.0851486
0.711 -0.0851659
0.712 -0.0851686
0.713 -0.0851686
0.714 -0.085182
0.715 -0.0851825
0.716 -0.0852205
0.717 -0.0852363
0.718 -0.0852316
0.719 -0.0852297
0.72 -0.0852501
0.721 -0.0852752
0.722 -0.085279
0.723 -0.0852828
0.724 -0.0852987
0.725 -0.0853003
0.726 -0.0852988
0.727 -0.0853122
0.728 -0.0853147
0.729 -0.0853509
0.73 -0.0853649
0.731 -0.085361
0.732 -0.0853576
0.733 -0.0853775
0.734 -0.0854008
0.735 -0.0854085
0.736 -0.0854091
0.737 -0.0854216
0.738 -0.0854225
0.739 -0.0854219
0.74 -0.085436
0.741 -0.0854367
0.742 -0.0854742
0.743 -0.0854865
0.744 -0.0854873
0.745 -0.0854803
0.746 -0.0854984
0.747 -0.0855209
0.748 -0.0855281
0.749 -0.0855294
0.75 -0.0855405
0.751 -0.0855404
0.752 -0.0855393
0.753 -0.0855528
0.754 -0.0855537
0.755 -0.0855906
0.756 -0.0856023
0.757 -0.0855974
0.758 -0.0855931
0.759 -0.0856119
0.76 -0.0856353
0.761 -0.0856386
0.762 -0.0856402
0.763 -0.0856544
0.764 -0.0856542
0.765 -0.0856516
0.766 -0.0856629
0.767 -0.0856655
0.768 -0.0856997
0.769 -0.0857133
0.77 -0.0857061
0.771 -0.0857035
0.772 -0.0857226
0.773 -0.085745
0.774 -0.0857461
0.775 -0.0857467
0.776 -0.0857608
0.777 -0.0857611
0.778 -0.0857585
0.779 -0.0857694
0.78 -0.0857699
0.781 -0.0858058
0.782 -0.0858163
0.783 -0.0858112
0.784 -0.085811
0.785 -0.0858319
0.786 -0.0858507
0.787 -0.0858524
0.788 -0.0858518
0.789 -0.0858679
0.79 -0.0858623
0.791 -0.0858581
0.792 -0.0858684
0.793 -0.0858709
0.794 -0.0859046
0.795 -0.0859132
0.796 -0.0859069
0.797 -0.0859098
0.798 -0.0859249
0.799 -0.0859377
0.8 -0.0859442
0.801 -0.0859468
0.802 -0.085958
0.803 -0.085943
0.804 -0.0859481
0.805 -0.0859573
0.806 -0.085956
0.807 -0.0859874
0.808 -0.0859933
0.809 -0.0859923
0.81 -0.0859902
0.811 -0.0860092
0.812 -0.0860159
0.813 -0.0860334
0.814 -0.0860389
0.815 -0.0860437
0.816 -0.0860294
0.817 -0.0860329
0.818 -0.0860468
0.819 -0.086043
0.82 -0.0860738
0.821 -0.0860672
0.822 -0.0860671
0.823 -0.0860698
0.824 -0.0860935
0.825 -0.0860997
0.826 -0.0861189
0.827 -0.0861273
0.828 -0.0861323
0.829 -0.0861189
0.83 -0.0861176
0.831 -0.0861297
0.832 -0.0861339
0.833 -0.0861592
0.834 -0.0861518
0.835 -0.0861463
0.836 -0.0861586
0.837 -0.0861721
0.838 -0.0861738
0.839 -0.0861988
0.84 -0.0862045
0.841 -0.0862066
0.842 -0.086194
0.843 -0.0861989
0.844 -0.0862078
0.845 -0.0862161
0.846 -0.086224
0.847 -0.0862196
0.848 -0.0862224
0.849 -0.0862315
0.85 -0.0862408
0.851 -0.0862403
0.852 -0.0862709
0.853 -0.0862776
0.854 -0.086274
0.855 -0.0862642
0.856 -0.0862743
0.857 -0.0862826
0.858 -0.0862933
0.859 -0.0862968
0.86 -0.0862991
0.861 -0.0862973
0.862 -0.0863041
0.863 -0.0863142
0.864 -0.0863139
0.865 -0.0863386
0.866 -0.0863474
0.867 -0.0863433
0.868 -0.0863309
0.869 -0.0863397
0.87 -0.086343
0.871 -0.0863638
0.872 -0.0863668
0.873 -0.0863679
0.874 -0.0863552
0.875 -0.0863695
0.876 -0.0863861
0.877 -0.0863791
0.878 -0.0864079
0.879 -0.0864036
0.88 -0.0864014
0.881 -0.0863875
0.882 -0.0864061
0.883 -0.0864051
0.884 -0.0864331
0.885 -0.0864344
0.886 -0.086434
0.887 -0.0864261
0.888 -0.0864347
0.889 -0.0864529
0.89 -0.0864537
0.891 -0.0864653
0.892 -0.0864648
0.893 -0.086455
0.894 -0.0864534
0.895 -0.0864619
0.896 -0.0864578
0.897 -0.0864866
0.898 -0.0864968
0.899 -0.0864871
0.9 -0.0864824
0.901 -0.0864979
0.902 -0.0865162
0.903 -0.0865159
0.904 -0.0865151
0.905 -0.0865242
0.906 -0.0865173
0.907 -0.0865113
0.908 -0.0865166
0.909 -0.086513
0.91 -0.0865447
0.911 -0.0865495
0.912 -0.0865426
0.913 -0.0865372
0.914 -0.0865538
0.915 -0.0865567
0.916 -0.0865728
0.917 -0.0865762
0.918 -0.0865748
0.919 -0.0865609
0.92 -0.086561
0.921 -0.0865742
0.922 -0.0865704
0.923 -0.0865976
0.924 -0.0865868
0.925 -0.0865788
0.926 -0.0865867
0.927 -0.0866069
0.928 -0.086607
0.929 -0.0866262
0.93 -0.0866312
0.931 -0.0866308
0.932 -0.0866159
0.933 -0.0866195
0.934 -0.0866253
0.935 -0.0866325
0.936 -0.0866353
0.937 -0.0866369
0.938 -0.0866362
0.939 -0.086642
0.94 -0.0866502
0.941 -0.086648
0.942 -0.086674
0.943 -0.0866781
0.944 -0.0866762
0.945 -0.0866644
0.946 -0.0866684
0.947 -0.0866696
0.948 -0.0866851
0.949 -0.0866876
0.95 -0.0866898
0.951 -0.086673
0.952 -0.0866859
0.953 -0.0867004
0.954 -0.086691
0.955 -0.0867178
0.956 -0.0867132
0.957 -0.0867093
0.958 -0.0866936
0.959 -0.0867107
0.96 -0.0867098
0.961 -0.0867366
0.962 -0.0867367
0.963 -0.0867348
0.964 -0.0867257
0.965 -0.0867342
0.966 -0.0867506
0.967 -0.0867501
0.968 -0.0867573
0.969 -0.0867581
0.97 -0.0867487
0.971 -0.0867428
0.972 -0.0867495
0.973 -0.0867433
0.974 -0.0867749
0.975 -0.0867839
0.976 -0.0867728
0.977 -0.0867671
0.978 -0.0867887
0.979 -0.0867947
0.98 -0.0867936
0.981 -0.086792
0.982 -0.0868006
0.983 -0.0867814
0.984 -0.0867826
0.985 -0.0867894
0.986 -0.0867832
0.987 -0.0868094
0.988 -0.0868041
0.989 -0.0867976
0.99 -0.0867971
0.991 -0.0868172
0.992 -0.0868197
0.993 -0.0868368
0.994 -0.0868386
0.995 -0.0868398
0.996 -0.0868272
0.997 -0.0868242
0.998 -0.0868316
0.999 -0.0868361
1 -0.0868493
1.001 -0.0868383
1.002 -0.0868356
1.003 -0.0868412
1.004 -0.0868486
1.005 -0.0868441
1.006 -0.0868725
1.007 -0.0868735
1.008 -0.0868698
1.009 -0.0868564
1.01 -0.0868683
1.011 -0.0868658
1.012 -0.0868759
1.013 -0.0868799
1.014 -0.0868803
1.015 -0.0868622
1.016 -0.0868744
1.017 -0.0868871
1.018 -0.0868786
1.019 -0.0869027
1.02 -0.0868972
1.021 -0.0868925
1.022 -0.0868757
1.023 -0.0868919
1.024 -0.0868889
1.025 -0.0869155
1.026 -0.0869148
1.027 -0.0869118
1.028 -0.0869021
1.029 -0.08691
1.03 -0.0869243
1.031 -0.086924
1.032 -0.0869198
1.033 -0.0869254
1.034 -0.0869184
1.035 -0.0869116
1.036 -0.0869171
1.037 -0.0869124
1.038 -0.0869425
1.039 -0.0869461
1.04 -0.0869354
1.041 -0.0869324
1.042 -0.086943
1.043 -0.0869484
1.044 -0.086954
1.045 -0.0869518
1.046 -0.086957
1.047 -0.0869385
1.048 -0.0869373
1.049 -0.0869473
1.05 -0.0869398
1.051 -0.0869651
1.052 -0.0869532
1.053 -0.0869436
1.054 -0.0869499
1.055 -0.0869723
1.056 -0.0869686
1.057 -0.0869858
1.058 -0.0869871
1.059 -0.0869862
1.06 -0.0869695
1.061 -0.0869712
1.062 -0.0869759
1.063 -0.086979
1.064 -0.0869809
1.065 -0.0869795
1.066 -0.0869786
1.067 -0.0869803
1.068 -0.0869871
1.069 -0.0869848
1.07 -0.0870111
1.071 -0.0870131
1.072 -0.0870048
1.073 -0.0869846
1.074 -0.0869935
1.075 -0.0869867
1.076 -0.0870112
1.077 -0.0870153
1.078 -0.0870069
1.079 -0.0869936
1.08 -0.0870005
1.081 -0.0870164
1.082 -0.0870117
1.083 -0.0870319
1.084 -0.0870263
1.085 -0.0870127
1.086 -0.0870078
1.087 -0.0870138
1.088 -0.0870049
1.089 -0.0870353
1.09 -0.0870402
1.091 -0.0870264
1.092 -0.087019
1.093 -0.0870327
1.094 -0.0870483
1.095 -0.0870455
1.096 -0.0870391
1.097 -0.0870469
1.098 -0.0870325
1.099 -0.0870284
1.1 -0.0870315
1.101 -0.0870239
1.102 -0.0870482
1.103 -0.0870481
1.104 -0.0870356
1.105 -0.0870344
1.106 -0.0870519
1.107 -0.0870543
1.108 -0.0870686
1.109 -0.0870716
1.11 -0.0870695
1.111 -0.0870547
1.112 -0.0870504
1.113 -0.0870568
1.114 -0.0870594
1.115 -0.0870686
1.116 -0.0870573
1.117 -0.0870538
1.118 -0.0870584
1.119 -0.0870643
1.12 -0.0870594
1.121 -0.0870851
1.122 -0.087085
1.123 -0.0870792
1.124 -0.0870663
1.125 -0.0870676
1.126 -0.0870644
1.127 -0.0870788
1.128 -0.0870787
1.129 -0.0870769
1.13 -0.0870598
1.131 -0.0870702
1.132 -0.0870834
1.133 -0.0870728
1.134 -0.0870951
1.135 -0.0870891
1.136 -0.087077
1.137 -0.0870653
1.138 -0.0870759
1.139 -0.0870717
1.14 -0.0870988
1.141 -0.0870982
1.142 -0.0870895
1.143 -0.0870747
1.144 -0.0870855
1.145 -0.0871015
1.146 -0.0870964
1.147 -0.0870906
1.148 -0.0870995
1.149 -0.0870884
1.15 -0.0870783
1.151 -0.0870802
1.152 -0.0870726
1.153 -0.0871027
1.154 -0.0871005
1.155 -0.0870901
1.156 -0.0870833
1.157 -0.0870978
1.158 -0.0870967
1.159 -0.0871118
1.16 -0.0871159
1.161 -0.0871141
1.162 -0.0870964
1.163 -0.0870893
1.164 -0.0870943
1.165 -0.0870959
1.166 -0.087108
1.167 -0.0870936
1.168 -0.0870868
1.169 -0.087092
1.17 -0.0870992
1.171 -0.0870919
1.172 -0.0871173
1.173 -0.0871211
1.174 -0.0871117
1.175 -0.0870954
1.176 -0.087105
1.177 -0.0870996
1.178 -0.0871094
1.179 -0.0871103
1.18 -0.0871078
1.181 -0.0870873
1.182 -0.0870959
1.183 -0.0871082
1.184 -0.0870959
1.185 -0.0871201
1.186 -0.087111
1.187 -0.0871
1.188 -0.0870849
1.189 -0.0871014
1.19 -0.087095
1.191 -0.0871179
1.192 -0.0871153
1.193 -0.0871101
1.194 -0.0870959
1.195 -0.087102
1.196 -0.087115
1.197 -0.0871088
1.198 -0.087102
1.199 -0.0871078
1.2 -0.0870999
1.201 -0.0870863
1.202 -0.0870884
1.203 -0.0870821
1.204 -0.0871075
1.205 -0.0871111
1.206 -0.0870973
1.207 -0.0870864
1.208 -0.0870991
1.209 -0.0870966
1.21 -0.0871101
1.211 -0.08711
1.212 -0.0871065
1.213 -0.0870865
1.214 -0.087079
1.215 -0.0870851
1.216 -0.0870832
1.217 -0.087097
1.218 -0.0870806
1.219 -0.0870709
1.22 -0.0870794
1.221 -0.0870826
1.222 -0.0870742
1.223 -0.0870967
1.224 -0.0870992
1.225 -0.0870885
1.226 -0.0870728
1.227 -0.0870777
1.228 -0.0870731
1.229 -0.0870786
1.23 -0.0870788
1.231 -0.0870752
1.232 -0.0870534
1.233 -0.0870636
1.234 -0.0870717
1.235 -0.0870607
1.236 -0.08708
1.237 -0.087069
1.238 -0.0870608
1.239 -0.0870412
1.24 -0.0870537
1.241 -0.0870463
1.242 -0.0870692
1.243 -0.0870648
1.244 -0.0870572
1.245 -0.0870441
1.246 -0.087048
1.247 -0.0870586
1.248 -0.0870541
1.249 -0.0870444
1.25 -0.0870483
1.251 -0.0870378
1.252 -0.0870252
1.253 -0.0870227
1.254 -0.0870162
1.255 -0.0870422
1.256 -0.087041
1.257 -0.0870241
1.258 -0.0870171
1.259 -0.0870253
1.26 -0.0870264
1.261 -0.0870302
1.262 -0.0870264
1.263 -0.0870226
1.264 -0.0869994
1.265 -0.0869918
1.266 -0.0869984
1.267 -0.0869895
1.268 -0.0870085
1.269 -0.0869909
1.27 -0.0869763
1.271 -0.0869799
1.272 -0.0869857
1.273 -0.0869764
1.274 -0.0869922
1.275 -0.0869911
1.276 -0.0869814
1.277 -0.0869561
1.278 -0.0869564
1.279 -0.0869579
1.28 -0.0869553
1.281 -0.0869526
1.282 -0.0869479
1.283 -0.0869361
1.284 -0.0869335
1.285 -0.086935
1.286 -0.0869227
1.287 -0.0869414
1.288 -0.086937
1.289 -0.0869245
1.29 -0.0868991
1.291 -0.0869032
1.292 -0.0868904
1.293 -0.0869109
1.294 -0.0869094
1.295 -0.0868943
1.296 -0.0868744
1.297 -0.0868735
1.298 -0.0868833
1.299 -0.0868718
1.3 -0.0868799
1.301 -0.086869
1.302 -0.0868466
1.303 -0.0868372
1.304 -0.0868342
1.305 -0.0868196
1.306 -0.086843
1.307 -0.0868409
1.308 -0.086819
1.309 -0.0868042
1.31 -0.0868103
1.311 -0.0868186
1.312 -0.0868076
1.313 -0.0867933
1.314 -0.0867933
1.315 -0.0867717
1.316 -0.0867576
1.317 -0.0867512
1.318 -0.0867366
1.319 -0.0867505
1.32 -0.0867436
1.321 -0.0867268
1.322 -0.0867129
1.323 -0.0867192
1.324 -0.08671
1.325 -0.0867168
1.326 -0.0867111
1.327 -0.0866994
1.328 -0.0866715
1.329 -0.0866563
1.33 -0.0866545
1.331 -0.0866447
1.332 -0.0866568
1.333 -0.0866323
1.334 -0.0866124
1.335 -0.0866096
1.336 -0.0866071
1.337 -0.0865876
1.338 -0.0865996
1.339 -0.0865936
1.34 -0.0865771
1.341 -0.0865448
1.342 -0.0865382
1.343 -0.0865327
1.344 -0.0865239
1.345 -0.0865123
1.346 -0.0864974
1.347 -0.0864832
1.348 -0.0864726
1.349 -0.0864653
1.35 -0.0864501
1.351 -0.0864604
1.352 -0.0864472
1.353 -0.0864247
1.354 -0.0864004
1.355 -0.0863897
1.356 -0.0863723
1.357 -0.0863723
1.358 -0.0863562
1.359 -0.0863402
1.36 -0.0863071
1.361 -0.0863022
1.362 -0.0862998
1.363 -0.0862743
1.364 -0.0862814
1.365 -0.0862607
1.366 -0.0862353
1.367 -0.0862013
1.368 -0.0861994
1.369 -0.0861765
1.37 -0.0861849
1.371 -0.0861714
1.372 -0.0861439
1.373 -0.0861115
1.374 -0.0860972
1.375 -0.0860938
1.376 -0.0860686
1.377 -0.0860677
1.378 -0.0860427
1.379 -0.086009
1.38 -0.0859789
1.381 -0.0859722
1.382 -0.0859463
1.383 -0.08595
1.384 -0.0859272
1.385 -0.0858982
1.386 -0.0858647
1.387 -0.0858482
1.388 -0.0858401
1.389 -0.0858131
1.39 -0.0857966
1.391 -0.0857675
1.392 -0.0857276
1.393 -0.0856991
1.394 -0.0856789
1.395 -0.0856421
1.396 -0.0856454
1.397 -0.085622
1.398 -0.0855886
1.399 -0.0855472
1.4 -0.0855265
1.401 -0.0855135
1.402 -0.0854826
1.403 -0.0854594
1.404 -0.0854256
1.405 -0.0853802
1.406 -0.0853453
1.407 -0.0853168
1.408 -0.085275
1.409 -0.0852724
1.41 -0.0852423
1.411 -0.0852025
1.412 -0.0851532
1.413 -0.0851269
1.414 -0.0851073
1.415 -0.0850675
1.416 -0.0850373
1.417 -0.0849958
1.418 -0.0849402
1.419 -0.0848969
1.42 -0.0848655
1.421 -0.0848229
1.422 -0.0848078
1.423 -0.0847648
1.424 -0.0847142
1.425 -0.0846581
1.426 -0.0846191
1.427 -0.0845899
1.428 -0.0845343
1.429 -0.0845111
1.43 -0.0844551
1.431 -0.0843985
1.432 -0.0843283
1.433 -0.0842951
1.434 -0.0842356
1.435 -0.0842074
1.436 -0.0841557
1.437 -0.0840948
1.438 -0.0840192
1.439 -0.0839776
1.44 -0.0839288
1.441 -0.083866
1.442 -0.0838325
1.443 -0.0837711
1.444 -0.0837039
1.445 -0.0836267
1.446 -0.0835698
1.447 -0.083509
1.448 -0.0834452
1.449 -0.0833801
1.45 -0.0833008
1.451 -0.083221
1.452 -0.0831576
1.453 -0.0831062
1.454 -0.0830267
1.455 -0.0829647
1.456 -0.0828888
1.457 -0.0828033
1.458 -0.0827011
1.459 -0.0826216
1.46 -0.0825401
1.461 -0.0824508
1.462 -0.0823939
1.463 -0.0823133
1.464 -0.0821971
1.465 -0.0820948
1.466 -0.0820136
1.467 -0.0819346
1.468 -0.081827
1.469 -0.0817467
1.47 -0.0816314
1.471 -0.0815176
1.472 -0.0813993
1.473 -0.081301
1.474 -0.0811982
1.475 -0.0810827
1.476 -0.0809649
1.477 -0.080837
1.478 -0.0807048
1.479 -0.0805842
1.48 -0.0804786
1.481 -0.080355
1.482 -0.0802195
1.483 -0.0800814
1.484 -0.0799488
1.485 -0.0797918
1.486 -0.0796384
1.487 -0.0795092
1.488 -0.0793452
1.489 -0.0792099
1.49 -0.0790524
1.491 -0.0788797
1.492 -0.0787034
1.493 -0.0785378
1.494 -0.078389
1.495 -0.0782171
1.496 -0.0780289
1.497 -0.0778378
1.498 -0.0776559
1.499 -0.0774465
1.5 -0.0772399
1.501 -0.0770505
1.502 -0.076854
1.503 -0.0766401
1.504 -0.0764368
1.505 -0.076202
1.506 -0.075951
1.507 -0.0757161
1.508 -0.07549
1.509 -0.0752657
1.51 -0.0749956
1.511 -0.074764
1.512 -0.074503
1.513 -0.0742146
1.514 -0.0739077
1.515 -0.0736243
1.516 -0.0733476
1.517 -0.073034
1.518 -0.0727349
1.519 -0.0724195
1.52 -0.0720834
1.521 -0.071727
1.522 -0.0713855
1.523 -0.0710455
1.524 -0.0707041
1.525 -0.0703221
1.526 -0.0699568
1.527 -0.0695619
1.528 -0.069166
1.529 -0.0687314
1.53 -0.0683091
1.531 -0.0678856
1.532 -0.0674388
1.533 -0.0669557
1.534 -0.0665006
1.535 -0.0660077
1.536 -0.0654964
1.537 -0.0649455
1.538 -0.0644136
1.539 -0.0638875
1.54 -0.0633597
1.541 -0.0628242
1.542 -0.0621912
1.543 -0.061586
1.544 -0.0609607
1.545 -0.0603124
1.546 -0.0596025
1.547 -0.0589196
1.548 -0.05821
1.549 -0.0575041
1.55 -0.0567678
1.551 -0.0559295
1.552 -0.05511
1.553 -0.0542703
1.554 -0.0534468
1.555 -0.0524979
1.556 -0.0515317
1.557 -0.0505884
1.558 -0.0496182
1.559 -0.0486371
1.56 -0.0476277
1.561 -0.0466073
1.562 -0.045469
1.563 -0.0443087
1.564 -0.0431534
1.565 -0.0420012
1.566 -0.0408307
1.567 -0.0396028
1.568 -0.0383023
1.569 -0.0370165
1.57 -0.0357254
1.571 -0.0343826
1.572 -0.0330323
1.573 -0.0316231
1.574 -0.0301431
1.575 -0.0286162
1.576 -0.0270095
1.577 -0.0253307
1.578 -0.0236243
1.579 -0.0218664
1.58 -0.0200973
1.581 -0.0183171
1.582 -0.0165472
1.583 -0.0148236
1.584 -0.0131554
1.585 -0.0115446
1.586 0.00444885
1.587 0.00133465
1.588 0.000400396
1.589 0.000405278
1.59 0.00178014
1.591 0.00259938
1.592 0.00281222
1.593 0.0029098
1.594 0.00315163
1.595 0.00346873
1.596 0.0037522
1.597 0.00397467
1.598 0.00415363
1.599 0.00432161
1.6 0.00447385
1.601 0.00459851
1.602 0.00469934
1.603 0.00477547
1.604 0.0048354
1.605 0.0048731
1.606 0.00488967
1.607 0.0048847
1.608 0.00486728
1.609 0.00483476
1.61 0.00478694
1.611 0.00472394
1.612 0.00464374
1.613 0.00454865
1.614 0.00443535
1.615 0.00431558
1.616 0.00418785
1.617 0.0040519
1.618 0.00390473
1.619 0.00375719
1.62 0.00360009
1.621 0.00343862
1.622 0.00327087
1.623 0.00309782
1.624 0.0029214
1.625 0.00274482
1.626 0.0025712
1.627 0.00240464
1.628 0.00224356
1.629 0.00208905
1.63 0.00194097
1.631 0.00179994
1.632 0.00166546
1.633 0.00153793
1.634 0.00141726
1.635 0.00130202
1.636 0.00119262
1.637 0.00108899
1.638 0.000990971
1.639 0.000898411
1.64 0.000809782
1.641 0.000727487
1.642 0.000649039
1.643 0.000573387
1.644 0.000498373
1.645 0.000427254
1.646 0.000360478
1.647 0.000297439
1.648 0.000238755
1.649 0.000183666
1.65 0.000133056
1.651 8.65746e-05
1.652 4.38844e-05
1.653 4.87636e-06
1.654 -3.06009e-05
1.655 -6.26439e-05
1.656 -9.14283e-05
1.657 -0.000117099
1.658 -0.000139824
1.659 -0.000159745
1.66 -0.000177017
1.661 -0.000191319
1.662 -0.000203459
1.663 -0.000213196
1.664 -0.000221055
1.665 -0.000227208
1.666 -0.00023156
1.667 -0.000234218
1.668 -0.000234777
1.669 -0.000234119
1.67 -0.000232018
1.671 -0.000228897
1.672 -0.000225028
1.673 -0.00022013
1.674 -0.000214189
1.675 -0.000206572
1.676 -0.000197449
1.677 -0.0001874
1.678 -0.000176508
1.679 -0.000164975
1.68 -0.000152931
1.681 -0.000140516
1.682 -0.000127831
1.683 -0.000114959
1.684 -0.000101968
1.685 -8.89255e-05
1.686 -7.56155e-05
1.687 -6.23054e-05
1.688 -4.94515e-05
1.689 -3.63568e-05
1.69 -2.34832e-05
1.691 -1.11977e-05
1.692 8.29337e-07
1.693 1.25406e-05
1.694 2.39542e-05
1.695 3.49864e-05
1.696 4.5638e-05
1.697 5.53694e-05
1.698 6.50874e-05
1.699 7.44807e-05
1.7 8.30706e-05
1.701 9.15382e-05
1.702 9.96185e-05
1.703 0.000107333
1.704 0.00011461
1.705 0.000121483
1.706 0.000127948
1.707 0.000134015
1.708 0.00013968
1.709 0.000144949
1.71 0.000149826
1.711 0.00015432
1.712 0.000158438
1.713 0.000161971
1.714 0.000165397
1.715 0.000167594
1.716 0.000167917
1.717 0.000166327
1.718 0.000164168
1.719 0.000161466
1.72 0.000158529
1.721 0.000154769
1.722 0.00015126
1.723 0.000147678
1.724 0.000143594
1.725 0.000139806
1.726 0.000136082
1.727 0.000132392
1.728 0.000128715
1.729 0.000125088
1.73 0.000121532
1.731 0.000118055
1.732 0.00011426
1.733 0.000110856
1.734 0.000107626
1.735 0.000104488
1.736 0.000101421
1.737 9.80652e-05
1.738 9.51213e-05
1.739 9.23714e-05
1.74 8.97277e-05
1.741 8.71627e-05
1.742 8.47011e-05
1.743 8.23552e-05
1.744 8.01221e-05
1.745 7.79931e-05
1.746 7.59636e-05
1.747 7.40314e-05
1.748 7.21949e-05
1.749 7.04517e-05
1.75 6.87986e-05
1.751 6.72328e-05
1.752 6.57514e-05
1.753 6.43514e-05
1.754 6.30301e-05
1.755 6.17843e-05
1.756 6.06112e-05
1.757 5.95077e-05
1.758 5.84709e-05
1.759 5.74979e-05
1.76 5.65858e-05
1.761 5.57316e-05
1.762 5.49325e-05
1.763 5.41858e-05
1.764 5.34886e-05
1.765 5.28383e-05
1.766 5.22323e-05
1.767 5.1668e-05
1.768 5.11429e-05
1.769 5.06546e-05
1.77 5.02006e-05
1.771 4.97788e-05
1.772 4.9387e-05
1.773 4.9023e-05
1.774 4.86847e-05
1.775 4.83702e-05
1.776 4.80777e-05
1.777 4.78053e-05
1.778 4.75512e-05
1.779 4.7314e-05
1.78 4.70919e-05
1.781 4.5834e-05
1.782 4.29283e-05
1.783 3.86999e-05
1.784 3.38212e-05
1.785 2.85223e-05
1.786 2.28885e-05
1.787 1.69759e-05
1.788 1.08666e-05
1.789 4.62888e-06
1.79 -1.68924e-06
1.791 -8.05389e-06
1.792 -1.44327e-05
1.793 -2.07935e-05
1.794 -2.71058e-05
1.795 -3.33433e-05
1.796 -3.94831e-05
1.797 -4.55049e-05
1.798 -5.13908e-05
1.799 -5.71248e-05
1.8 -6.23684e-05
1.801 -6.60539e-05
1.802 -6.84177e-05
1.803 -6.98963e-05
1.804 -7.07701e-05
1.805 -7.11189e-05
1.806 -7.09942e-05
1.807 -7.04544e-05
1.808 -6.95594e-05
1.809 -6.83508e-05
1.81 -6.68593e-05
1.811 -6.51121e-05
1.812 -6.31375e-05
1.813 -6.09629e-05
1.814 -5.86142e-05
1.815 -5.61143e-05
1.816 -5.34848e-05
1.817 -5.07457e-05
1.818 -4.79157e-05
1.819 -4.50124e-05
1.82 -4.2052e-05
1.821 -3.90498e-05
1.822 -3.602e-05
1.823 -3.29755e-05
1.824 -2.99285e-05
1.825 -2.68902e-05
1.826 -2.38709e-05
1.827 -2.088e-05
1.828 -1.79259e-05
1.829 -1.50166e-05
1.83 -1.21591e-05
1.831 -9.35967e-06
1.832 -6.62396e-06
1.833 -3.95697e-06
1.834 -1.36308e-06
1.835 1.15392e-06
1.836 3.59079e-06
1.837 5.94478e-06
1.838 8.21367e-06
1.839 1.03957e-05
1.84 1.24894e-05
1.841 1.4494e-05
1.842 1.64088e-05
1.843 1.82335e-05
1.844 1.99684e-05
1.845 2.16137e-05
1.846 2.31701e-05
1.847 2.46386e-05
1.848 2.60203e-05
1.849 2.73165e-05
1.85 2.85287e-05
1.851 2.96587e-05
1.852 3.07083e-05
1.853 3.16795e-05
1.854 3.25745e-05
1.855 3.33953e-05
1.856 3.41443e-05
1.857 3.48239e-05
1.858 3.54364e-05
1.859 3.59844e-05
1.86 3.64703e-05
1.861 3.68967e-05
1.862 3.72661e-05
1.863 3.7581e-05
1.864 3.7844e-05
1.865 3.80576e-05
1.866 3.82243e-05
1.867 3.83465e-05
1.868 3.84268e-05
1.869 3.84675e-05
1.87 3.8471e-05
1.871 3.84397e-05
1.872 3.83756e-05
1.873 3.82812e-05
1.874 3.81584e-05
1.875 3.80094e-05
1.876 3.78363e-05
1.877 3.76409e-05
1.878 3.74252e-05
1.879 3.7191e-05
1.88 3.69399e-05
1.881 3.66738e-05
1.882 3.63942e-05
1.883 3.61026e-05
1.884 3.58005e-05
1.885 3.54893e-05
1.886 3.51704e-05
1.887 3.48449e-05
1.888 3.36917e-05
1.889 3.12342e-05
1.89 2.77367e-05
1.891 2.37197e-05
1.892 1.93663e-05
1.893 1.47438e-05
1.894 9.89842e-06
1.895 4.89558e-06
1.896 -2.09959e-07
1.897 -5.3796e-06
1.898 -1.05856e-05
1.899 -1.58017e-05
1.9 -2.10016e-05
1.901 -2.61608e-05
1.902 -3.12578e-05
1.903 -3.62739e-05
1.904 -4.11928e-05
1.905 -4.57286e-05
1.906 -4.90379e-05
1.907 -5.13036e-05
1.908 -5.28716e-05
1.909 -5.39633e-05
1.91 -5.46409e-05
1.911 -5.49433e-05
1.912 -5.49155e-05
1.913 -5.46032e-05
1.914 -5.40383e-05
1.915 -5.32436e-05
1.916 -5.22395e-05
1.917 -5.10474e-05
1.918 -4.96881e-05
1.919 -4.8181e-05
1.92 -4.65439e-05
1.921 -4.47929e-05
1.922 -4.29435e-05
1.923 -4.10099e-05
1.924 -3.90056e-05
1.925 -3.69433e-05
1.926 -3.48347e-05
1.927 -3.26908e-05
1.928 -3.05218e-05
1.929 -2.83374e-05
1.93 -2.61463e-05
1.931 -2.39566e-05
1.932 -2.1776e-05
1.933 -1.96113e-05
1.934 -1.74688e-05
1.935 -1.53544e-05
1.936 -1.32733e-05
1.937 -1.12301e-05
1.938 -9.22908e-06
1.939 -7.27408e-06
1.94 -5.3684e-06
1.941 -3.51493e-06
1.942 -1.7162e-06
1.943 2.56438e-08
1.944 1.70882e-06
1.945 3.33186e-06
1.946 4.89363e-06
1.947 6.39325e-06
1.948 7.83016e-06
1.949 9.20401e-06
1.95 1.05147e-05
1.951 1.17624e-05
1.952 1.29474e-05
1.953 1.40701e-05
1.954 1.51314e-05
1.955 1.61319e-05
1.956 1.70728e-05
1.957 1.7955e-05
1.958 1.87798e-05
1.959 1.95485e-05
1.96 2.02626e-05
1.961 2.09233e-05
1.962 2.15325e-05
1.963 2.20915e-05
1.964 2.26021e-05
1.965 2.3066e-05
1.966 2.34849e-05
1.967 2.38605e-05
1.968 2.41946e-05
1.969 2.44889e-05
1.97 2.47452e-05
1.971 2.49653e-05
1.972 2.51509e-05
1.973 2.53038e-05
1.974 2.54256e-05
1.975 2.55181e-05
1.976 2.55829e-05
1.977 2.56216e-05
1.978 2.56359e-05
1.979 2.56273e-05
1.98 2.55973e-05
1.981 2.55475e-05
1.982 2.54792e-05
1.983 2.53938e-05
1.984 2.52928e-05
1.985 2.51773e-05
1.986 2.50487e-05
1.987 2.49082e-05
1.988 2.47568e-05
1.989 2.45958e-05
1.99 2.44262e-05
1.991 2.42489e-05
1.992 2.4065e-05
1.993 2.38753e-05
1.994 2.36808e-05
1.995 2.34822e-05
1.996 2.32803e-05
1.997 2.30759e-05
1.998 2.28695e-05
1.999 2.2662e-05
2 2.24538e-05
2.001 2.22455e-05
2.002 2.20376e-05
2.003 2.18307e-05
2.004 2.16251e-05
2.005 2.14212e-05
2.006 2.12195e-05
2.007 2.10202e-05
2.008 2.08237e-05
2.009 1.99565e-05
2.01 1.8024e-05
2.011 1.52655e-05
2.012 1.20865e-05
2.013 8.63972e-06
2.014 4.97618e-06
2.015 1.13562e-06
2.016 -2.83037e-06
2.017 -6.87734e-06
2.018 -1.09749e-05
2.019 -1.51006e-05
2.02 -1.92337e-05
2.021 -2.33531e-05
2.022 -2.74392e-05
2.023 -3.12254e-05
2.024 -3.40279e-05
2.025 -3.59902e-05
2.026 -3.73988e-05
2.027 -3.84357e-05
2.028 -3.91509e-05
2.029 -3.9575e-05
2.03 -3.9743e-05
2.031 -3.9691e-05
2.032 -3.94432e-05
2.033 -3.90167e-05
2.034 -3.84268e-05
2.035 -3.76894e-05
2.036 -3.68202e-05
2.037 -3.5834e-05
2.038 -3.4744e-05
2.039 -3.35624e-05
2.04 -3.23007e-05
2.041 -3.09697e-05
2.042 -2.95795e-05
2.043 -2.81397e-05
2.044 -2.66592e-05
2.045 -2.51463e-05
2.046 -2.36087e-05
2.047 -2.20537e-05
2.048 -2.04881e-05
2.049 -1.89181e-05
2.05 -1.73495e-05
2.051 -1.57876e-05
2.052 -1.42372e-05
2.053 -1.2703e-05
2.054 -1.11888e-05
2.055 -9.69851e-06
2.056 -8.23539e-06
2.057 -6.80245e-06
2.058 -5.40235e-06
2.059 -4.03744e-06
2.06 -2.70979e-06
2.061 -1.42116e-06
2.062 -1.7307e-07
2.063 1.03321e-06
2.064 2.19667e-06
2.065 3.31648e-06
2.066 4.39204e-06
2.067 5.42295e-06
2.068 6.40898e-06
2.069 7.35006e-06
2.07 8.24628e-06
2.071 9.09788e-06
2.072 9.90521e-06
2.073 1.06688e-05
2.074 1.13891e-05
2.075 1.2067e-05
2.076 1.27032e-05
2.077 1.32985e-05
2.078 1.38539e-05
2.079 1.43703e-05
2.08 1.48489e-05
2.081 1.52907e-05
2.082 1.56969e-05
2.083 1.60686e-05
2.084 1.64071e-05
2.085 1.67135e-05
2.086 1.69891e-05
2.087 1.72351e-05
2.088 1.74528e-05
2.089 1.76434e-05
2.09 1.78082e-05
2.091 1.79485e-05
2.092 1.80654e-05
2.093 1.81602e-05
2.094 1.8234e-05
2.095 1.82881e-05
2.096 1.83236e-05
2.097 1.83417e-05
2.098 1.83434e-05
2.099 1.83298e-05
2.1 1.83021e-05
2.101 1.82611e-05
2.102 1.8208e-05
2.103 1.81436e-05
2.104 1.80688e-05
2.105 1.79847e-05
2.106 1.78919e-05
2.107 1.77914e-05
2.108 1.76839e-05
2.109 1.75702e-05
2.11 1.7451e-05
2.111 1.73269e-05
2.112 1.71987e-05
2.113 1.70669e-05
2.114 1.69321e-05
2.115 1.67949e-05
2.116 1.66558e-05
2.117 1.65152e-05
2.118 1.63736e-05
2.119 1.62315e-05
2.12 1.60893e-05
2.121 1.59472e-05
2.122 1.58057e-05
2.123 1.5665e-05
2.124 1.55255e-05
2.125 1.53874e-05
2.126 1.5251e-05
2.127 1.51164e-05
2.128 1.49838e-05
2.129 1.48535e-05
2.13 1.47256e-05
2.131 1.46002e-05
2.132 1.38989e-05
2.133 1.22798e-05
2.134 9.96838e-06
2.135 7.29528e-06
2.136 4.39462e-06
2.137 1.30719e-06
2.138 -1.93102e-06
2.139 -5.27691e-06
2.14 -8.69232e-06
2.141 -1.21518e-05
2.142 -1.56361e-05
2.143 -1.91277e-05
2.144 -2.23749e-05
2.145 -2.48009e-05
2.146 -2.65225e-05
2.147 -2.77859e-05
2.148 -2.87465e-05
2.149 -2.94466e-05
2.15 -2.99111e-05
2.151 -3.01689e-05
2.152 -3.02492e-05
2.153 -3.01717e-05
2.154 -2.99499e-05
2.155 -2.95955e-05
2.156 -2.91212e-05
2.157 -2.85394e-05
2.158 -2.78616e-05
2.159 -2.70984e-05
2.16 -2.62593e-05
2.161 -2.53534e-05
2.162 -2.43892e-05
2.163 -2.33747e-05
2.164 -2.23174e-05
2.165 -2.12244e-05
2.166 -2.01021e-05
2.167 -1.89569e-05
2.168 -1.77943e-05
2.169 -1.66199e-05
2.17 -1.54386e-05
2.171 -1.42549e-05
2.172 -1.30732e-05
2.173 -1.18974e-05
2.174 -1.07311e-05
2.175 -9.57758e-06
2.176 -8.43986e-06
2.177 -7.32066e-06
2.178 -6.22243e-06
2.179 -5.14736e-06
2.18 -4.09742e-06
2.181 -3.07431e-06
2.182 -2.07954e-06
2.183 -1.1144e-06
2.184 -1.79985e-07
2.185 7.22793e-07
2.186 1.5932e-06
2.187 2.43066e-06
2.188 3.23475e-06
2.189 4.0052e-06
2.19 4.74186e-06
2.191 5.4447e-06
2.192 6.11383e-06
2.193 6.74943e-06
2.194 7.3518e-06
2.195 7.92132e-06
2.196 8.45846e-06
2.197 8.96375e-06
2.198 9.43779e-06
2.199 9.88123e-06
2.2 1.02948e-05
2.201 1.06793e-05
2.202 1.10354e-05
2.203 1.1364e-05
2.204 1.1666e-05
2.205 1.19423e-05
2.206 1.21937e-05
2.207 1.24212e-05
2.208 1.26257e-05
2.209 1.28082e-05
2.21 1.29696e-05
2.211 1.31108e-05
2.212 1.32327e-05
2.213 1.33364e-05
2.214 1.34226e-05
2.215 1.34925e-05
2.216 1.35467e-05
2.217 1.35863e-05
2.218 1.3612e-05
2.219 1.36248e-05
2.22 1.36255e-05
2.221 1.36148e-05
2.222 1.35936e-05
2.223 1.35626e-05
2.224 1.35225e-05
2.225 1.34741e-05
2.226 1.34181e-05
2.227 1.33551e-05
2.228 1.32858e-05
2.229 1.32107e-05
2.23 1.31305e-05
2.231 1.30457e-05
2.232 1.29568e-05
2.233 1.28644e-05
2.234 1.27689e-05
2.235 1.26709e-05
2.236 1.25706e-05
2.237 1.24686e-05
2.238 1.23651e-05
2.239 1.22607e-05
2.24 1.21555e-05
2.241 1.205e-05
2.242 1.19444e-05
2.243 1.1839e-05
2.244 1.1734e-05
2.245 1.16297e-05
2.246 1.15263e-05
2.247 1.14239e-05
2.248 1.13228e-05
2.249 1.12232e-05
2.25 1.1125e-05
2.251 1.10286e-05
2.252 1.09339e-05
2.253 1.08412e-05
2.254 1.07504e-05
2.255 1.06617e-05
2.256 1.0575e-05
2.257 9.97879e-06
2.258 8.5679e-06
2.259 6.55811e-06
2.26 4.22797e-06
2.261 1.69847e-06
2.262 -9.96729e-07
2.263 -3.82423e-06
2.264 -6.74684e-06
2.265 -9.73079e-06
2.266 -1.2754e-05
2.267 -1.57997e-05
2.268 -1.86337e-05
2.269 -2.0758e-05
2.27 -2.22716e-05
2.271 -2.33904e-05
2.272 -2.42509e-05
2.273 -2.48901e-05
2.274 -2.53293e-05
2.275 -2.55933e-05
2.276 -2.57073e-05
2.277 -2.56878e-05
2.278 -2.55462e-05
2.279 -2.52921e-05
2.28 -2.49362e-05
2.281 -2.4489e-05
2.282 -2.39601e-05
2.283 -2.33583e-05
2.284 -2.26917e-05
2.285 -2.19677e-05
2.286 -2.11935e-05
2.287 -2.03759e-05
2.288 -1.9521e-05
2.289 -1.86347e-05
2.29 -1.77227e-05
2.291 -1.679e-05
2.292 -1.58415e-05
2.293 -1.48817e-05
2.294 -1.39148e-05
2.295 -1.29446e-05
2.296 -1.19747e-05
2.297 -1.10086e-05
2.298 -1.00491e-05
2.299 -9.09916e-06
2.3 -8.16125e-06
2.301 -7.2377e-06
2.302 -6.33059e-06
2.303 -5.4418e-06
2.304 -4.57299e-06
2.305 -3.72565e-06
2.306 -2.90106e-06
2.307 -2.10034e-06
2.308 -1.32445e-06
2.309 -5.74181e-07
2.31 1.49805e-07
2.311 8.46993e-07
2.312 1.51699e-06
2.313 2.15954e-06
2.314 2.77447e-06
2.315 3.36173e-06
2.316 3.92137e-06
2.317 4.45351e-06
2.318 4.95836e-06
2.319 5.43621e-06
2.32 5.88742e-06
2.321 6.31241e-06
2.322 6.71163e-06
2.323 7.08563e-06
2.324 7.43496e-06
2.325 7.76023e-06
2.326 8.06208e-06
2.327 8.34119e-06
2.328 8.59824e-06
2.329 8.83397e-06
2.33 9.04909e-06
2.331 9.24436e-06
2.332 9.42054e-06
2.333 9.5784e-06
2.334 9.71869e-06
2.335 9.8422e-06
2.336 9.94969e-06
2.337 1.00419e-05
2.338 1.01197e-05
2.339 1.01836e-05
2.34 1.02346e-05
2.341 1.02733e-05
2.342 1.03004e-05
2.343 1.03167e-05
2.344 1.03228e-05
2.345 1.03193e-05
2.346 1.0307e-05
2.347 1.02865e-05
2.348 1.02583e-05
2.349 1.02231e-05
2.35 1.01815e-05
2.351 1.01339e-05
2.352 1.00809e-05
2.353 1.00231e-05
2.354 9.96083e-06
2.355 9.89467e-06
2.356 9.82503e-06
2.357 9.75233e-06
2.358 9.67696e-06
2.359 9.59933e-06
2.36 9.51977e-06
2.361 9.43864e-06
2.362 9.35624e-06
2.363 9.2729e-06
2.364 9.18888e-06
2.365 9.10445e-06
2.366 9.01986e-06
2.367 8.93533e-06
2.368 8.85107e-06
2.369 8.76729e-06
2.37 8.68416e-06
2.371 8.60184e-06
2.372 8.52049e-06
2.373 8.44023e-06
2.374 8.3612e-06
2.375 8.2835e-06
2.376 8.20723e-06
2.377 8.13247e-06
2.378 8.0593e-06
2.379 7.98778e-06
2.38 7.91796e-06
2.381 7.8499e-06
2.382 7.78361e-06
2.383 7.71915e-06
2.384 7.65651e-06
2.385 7.59571e-06
2.386 7.53677e-06
2.387 7.47967e-06
2.388 7.42441e-06
2.389 7.37099e-06
2.39 7.31937e-06
2.391 7.26954e-06
2.392 7.22148e-06
2.393 7.17515e-06
2.394 7.13053e-06
2.395 7.08757e-06
2.396 7.04623e-06
2.397 6.54592e-06
2.398 5.30936e-06
2.399 3.54788e-06
2.4 1.49746e-06
2.401 -7.30544e-07
2.402 -3.10838e-06
2.403 -5.60437e-06
2.404 -8.18602e-06
2.405 -1.08229e-05
2.406 -1.32815e-05
2.407 -1.51281e-05
2.408 -1.64478e-05
2.409 -1.74339e-05
2.41 -1.82071e-05
2.411 -1.87995e-05
2.412 -1.92288e-05
2.413 -1.95158e-05
2.414 -1.96819e-05
2.415 -1.97405e-05
2.416 -1.97006e-05
2.417 -1.95697e-05
2.418 -1.93562e-05
2.419 -1.90685e-05
2.42 -1.87142e-05
2.421 -1.83003e-05
2.422 -1.78332e-05
2.423 -1.73186e-05
2.424 -1.67623e-05
2.425 -1.61696e-05
2.426 -1.55453e-05
2.427 -1.48942e-05
2.428 -1.42206e-05
2.429 -1.35286e-05
2.43 -1.2822e-05
2.431 -1.21044e-05
2.432 -1.13791e-05
2.433 -1.06492e-05
2.434 -9.91765e-06
2.435 -9.187e-06
2.436 -8.45974e-06
2.437 -7.7381e-06
2.438 -7.02415e-06
2.439 -6.31975e-06
2.44 -5.6266e-06
2.441 -4.94624e-06
2.442 -4.28002e-06
2.443 -3.62918e-06
2.444 -2.99478e-06
2.445 -2.37776e-06
2.446 -1.77895e-06
2.447 -1.19901e-06
2.448 -6.38531e-07
2.449 -9.79727e-08
2.45 4.223e-07
2.451 9.22017e-07
2.452 1.401e-06
2.453 1.85915e-06
2.454 2.29645e-06
2.455 2.71294e-06
2.456 3.10874e-06
2.457 3.48402e-06
2.458 3.83902e-06
2.459 4.17402e-06
2.46 4.48934e-06
2.461 4.78534e-06
2.462 5.06244e-06
2.463 5.32106e-06
2.464 5.56167e-06
2.465 5.78476e-06
2.466 5.99085e-06
2.467 6.18045e-06
2.468 6.35413e-06
2.469 6.51242e-06
2.47 6.6559e-06
2.471 6.78514e-06
2.472 6.90072e-06
2.473 7.00323e-06
2.474 7.09323e-06
2.475 7.17131e-06
2.476 7.23804e-06
2.477 7.29399e-06
2.478 7.33973e-06
2.479 7.37581e-06
2.48 7.40278e-06
2.481 7.42117e-06
2.482 7.43151e-06
2.483 7.43431e-06
2.484 7.43007e-06
2.485 7.41927e-06
2.486 7.40239e-06
2.487 7.37988e-06
2.488 7.35218e-06
2.489 7.31972e-06
2.49 7.28291e-06
2.491 7.24215e-06
2.492 7.19781e-06
2.493 7.15026e-06
2.494 7.09983e-06
2.495 7.04687e-06
2.496 6.99168e-06
2.497 6.93457e-06
2.498 6.87581e-06
2.499 6.81568e-06
2.5 6.75443e-06
2.501 6.69229e-06
2.502 6.62948e-06
2.503 6.56623e-06
2.504 6.50271e-06
2.505 6.43912e-06
2.506 6.37563e-06
2.507 6.31238e-06
2.508 6.24952e-06
2.509 6.18719e-06
2.51 6.1255e-06
2.511 6.06457e-06
2.512 6.00449e-06
2.513 5.94535e-06
2.514 5.88724e-06
2.515 5.83023e-06
2.516 5.77437e-06
2.517 5.71972e-06
2.518 5.66632e-06
2.519 5.61422e-06
2.52 5.56345e-06
2.521 5.51403e-06
2.522 5.46598e-06
2.523 5.41931e-06
2.524 5.37404e-06
2.525 5.33015e-06
2.526 5.28766e-06
2.527 5.24656e-06
2.528 5.20683e-06
2.529 5.16846e-06
2.53 5.13144e-06
2.531 5.09574e-06
2.532 5.06134e-06
2.533 5.02822e-06
2.534 4.99634e-06
2.535 4.96569e-06
2.536 4.93622e-06
2.537 4.9079e-06
2.538 4.88071e-06
2.539 4.85459e-06
2.54 4.82953e-06
2.541 4.80548e-06
2.542 4.7824e-06
2.543 4.76026e-06
2.544 4.73902e-06
2.545 4.71864e-06
2.546 4.27517e-06
2.547 3.15104e-06
2.548 1.55646e-06
2.549 -3.04699e-07
2.55 -2.3276e-06
2.551 -4.489e-06
2.552 -6.75818e-06
2.553 -8.89124e-06
2.554 -1.04917e-05
2.555 -1.1629e-05
2.556 -1.24816e-05
2.557 -1.3161e-05
2.558 -1.36953e-05
2.559 -1.4099e-05
2.56 -1.4389e-05
2.561 -1.45833e-05
2.562 -1.46929e-05
2.563 -1.47248e-05
2.564 -1.46845e-05
2.565 -1.45787e-05
2.566 -1.44137e-05
2.567 -1.41957e-05
2.568 -1.39299e-05
2.569 -1.36213e-05
2.57 -1.32744e-05
2.571 -1.28935e-05
2.572 -1.24827e-05
2.573 -1.20457e-05
2.574 -1.15863e-05
2.575 -1.11077e-05
2.576 -1.06131e-05
2.577 -1.01054e-05
2.578 -9.58752e-06
2.579 -9.06193e-06
2.58 -8.53105e-06
2.581 -7.99714e-06
2.582 -7.46227e-06
2.583 -6.92836e-06
2.584 -6.39716e-06
2.585 -5.87031e-06
2.586 -5.34928e-06
2.587 -4.83543e-06
2.588 -4.32997e-06
2.589 -3.83401e-06
2.59 -3.34854e-06
2.591 -2.87442e-06
2.592 -2.41244e-06
2.593 -1.96326e-06
2.594 -1.52747e-06
2.595 -1.10554e-06
2.596 -6.97902e-07
2.597 -3.04871e-07
2.598 7.32946e-08
2.599 4.36407e-07
