3.1250000000000002e-03 1.9632717999999999e-01
6.2500000000000003e-03 1.9632714000000001e-01
9.3749999999999997e-03 1.9632890000000000e-01
1.2500000000000001e-02 1.9632985999999999e-01
1.5625000000000000e-02 1.9633010000000001e-01
1.8749999999999999e-02 1.9633016000000000e-01
2.1874999999999999e-02 1.9633017999999999e-01
2.5000000000000001e-02 1.9633017999999999e-01
2.8125000000000001e-02 1.9633018999999999e-01
3.1250000000000000e-02 1.9633018999999999e-01
3.4375000000000003e-02 1.9633033000000000e-01
3.7499999999999999e-02 1.9633021000000000e-01
4.0625000000000001e-02 1.9633022999999999e-01
4.3749999999999997e-02 1.9633059999999999e-01
4.6875000000000000e-02 1.9633023999999999e-01
5.0000000000000003e-02 1.9633021000000000e-01
5.3124999999999999e-02 1.9633021000000000e-01
5.6250000000000001e-02 1.9633022000000000e-01
5.9374999999999997e-02 1.9633022999999999e-01
6.2500000000000000e-02 1.9633037000000000e-01
6.5625000000000003e-02 1.9633022000000000e-01
6.8750000000000006e-02 1.9633032000000000e-01
7.1874999999999994e-02 1.9633065999999999e-01
7.4999999999999997e-02 1.9633038000000000e-01
7.8125000000000000e-02 1.9633028000000000e-01
8.1250000000000003e-02 1.9633017999999999e-01
8.4375000000000006e-02 1.9633017999999999e-01
8.7499999999999994e-02 1.9633026000000001e-01
9.0624999999999997e-02 1.9633021000000000e-01
9.3750000000000000e-02 1.9633022000000000e-01
9.6875000000000003e-02 1.9633032000000000e-01
1.0000000000000001e-01 1.9633031000000001e-01
1.0312499999999999e-01 1.9633043000000000e-01
1.0625000000000000e-01 1.9633039999999999e-01
1.0937500000000000e-01 1.9633067000000001e-01
1.1250000000000000e-01 1.9633033000000000e-01
1.1562500000000001e-01 1.9633048000000000e-01
1.1874999999999999e-01 1.9633033000000000e-01
1.2187500000000000e-01 1.9633028000000000e-01
1.2500000000000000e-01 1.9633038999999999e-01
1.2812499999999999e-01 1.9633099000000001e-01
1.3125000000000001e-01 1.9633057000000001e-01
1.3437499999999999e-01 1.9633079000000001e-01
1.3750000000000001e-01 1.9633069000000000e-01
1.4062500000000000e-01 1.9633060999999999e-01
1.4374999999999999e-01 1.9633091000000000e-01
1.4687500000000001e-01 1.9633062000000001e-01
1.4999999999999999e-01 1.9633068000000001e-01
1.5312500000000001e-01 1.9633063000000001e-01
1.5625000000000000e-01 1.9633079000000001e-01
1.5937499999999999e-01 1.9633060999999999e-01
1.6250000000000001e-01 1.9633073000000001e-01
1.6562499999999999e-01 1.9633084000000001e-01
1.6875000000000001e-01 1.9633038000000000e-01
1.7187500000000000e-01 1.9633068000000001e-01
1.7499999999999999e-01 1.9633078000000001e-01
1.7812500000000001e-01 1.9633032000000000e-01
1.8124999999999999e-01 1.9633039999999999e-01
1.8437500000000001e-01 1.9633031000000001e-01
1.8750000000000000e-01 1.9633074000000000e-01
1.9062499999999999e-01 1.9633043000000000e-01
1.9375000000000001e-01 1.9633068000000001e-01
1.9687499999999999e-01 1.9633036000000001e-01
2.0000000000000001e-01 1.9633013999999999e-01
2.0312500000000000e-01 1.9633022999999999e-01
2.0624999999999999e-01 1.9633070999999999e-01
2.0937500000000001e-01 1.9633053000000000e-01
2.1249999999999999e-01 1.9633065000000000e-01
2.1562500000000001e-01 1.9633036000000001e-01
2.1875000000000000e-01 1.9633022000000000e-01
2.2187499999999999e-01 1.9633026000000001e-01
2.2500000000000001e-01 1.9633044999999999e-01
2.2812499999999999e-01 1.9633036000000001e-01
2.3125000000000001e-01 1.9633090000000000e-01
2.3437500000000000e-01 1.9633049000000000e-01
2.3749999999999999e-01 1.9633083000000001e-01
2.4062500000000001e-01 1.9633036000000001e-01
2.4374999999999999e-01 1.9633060999999999e-01
2.4687500000000001e-01 1.9633048000000000e-01
2.5000000000000000e-01 1.9633065000000000e-01
2.5312499999999999e-01 1.9633100000000001e-01
2.5624999999999998e-01 1.9633030000000001e-01
2.5937500000000002e-01 1.9633070000000000e-01
2.6250000000000001e-01 1.9633120000000001e-01
2.6562500000000000e-01 1.9633097999999999e-01
2.6874999999999999e-01 1.9633091000000000e-01
2.7187499999999998e-01 1.9633080000000000e-01
2.7500000000000002e-01 1.9633080999999999e-01
2.7812500000000001e-01 1.9633033999999999e-01
2.8125000000000000e-01 1.9633069000000000e-01
2.8437499999999999e-01 1.9633128000000000e-01
2.8749999999999998e-01 1.9633070999999999e-01
2.9062500000000002e-01 1.9633059000000000e-01
2.9375000000000001e-01 1.9633065999999999e-01
2.9687500000000000e-01 1.9633070000000000e-01
2.9999999999999999e-01 1.9633080999999999e-01
3.0312499999999998e-01 1.9633047000000001e-01
3.0625000000000002e-01 1.9633062000000001e-01
3.0937500000000001e-01 1.9633095000000000e-01
3.1250000000000000e-01 1.9633067000000001e-01
3.1562499999999999e-01 1.9633036000000001e-01
3.1874999999999998e-01 1.9633033000000000e-01
3.2187500000000002e-01 1.9633049999999999e-01
3.2500000000000001e-01 1.9633116000000000e-01
3.2812500000000000e-01 1.9633112000000000e-01
3.3124999999999999e-01 1.9633121000000001e-01
3.3437499999999998e-01 1.9633079000000001e-01
3.3750000000000002e-01 1.9633067000000001e-01
3.4062500000000001e-01 1.9633095000000000e-01
3.4375000000000000e-01 1.9633091999999999e-01
3.4687499999999999e-01 1.9633083000000001e-01
3.4999999999999998e-01 1.9633084000000001e-01
3.5312500000000002e-01 1.9633071999999999e-01
3.5625000000000001e-01 1.9633059999999999e-01
3.5937500000000000e-01 1.9633025000000001e-01
3.6249999999999999e-01 1.9633074000000000e-01
3.6562499999999998e-01 1.9633034999999999e-01
3.6875000000000002e-01 1.9633116000000000e-01
3.7187500000000001e-01 1.9633112000000000e-01
3.7500000000000000e-01 1.9633134999999999e-01
3.7812499999999999e-01 1.9633099000000001e-01
3.8124999999999998e-01 1.9633123999999999e-01
3.8437500000000002e-01 1.9633115000000001e-01
3.8750000000000001e-01 1.9633139999999999e-01
3.9062500000000000e-01 1.9633102999999999e-01
3.9374999999999999e-01 1.9633052000000001e-01
3.9687499999999998e-01 1.9633127000000000e-01
4.0000000000000002e-01 1.9633054999999999e-01
4.0312500000000001e-01 1.9633121000000001e-01
4.0625000000000000e-01 1.9633112000000000e-01
4.0937499999999999e-01 1.9633104000000001e-01
4.1249999999999998e-01 1.9633068000000001e-01
4.1562500000000002e-01 1.9633080999999999e-01
4.1875000000000001e-01 1.9633123000000000e-01
4.2187500000000000e-01 1.9633075999999999e-01
4.2499999999999999e-01 1.9633041000000001e-01
4.2812499999999998e-01 1.9633104000000001e-01
4.3125000000000002e-01 1.9633055999999999e-01
4.3437500000000001e-01 1.9633057000000001e-01
4.3750000000000000e-01 1.9633113999999999e-01
4.4062499999999999e-01 1.9633106000000000e-01
4.4374999999999998e-01 1.9633117000000000e-01
4.4687500000000002e-01 1.9633083000000001e-01
4.5000000000000001e-01 1.9633139999999999e-01
4.5312500000000000e-01 1.9633184000000001e-01
4.5624999999999999e-01 1.9633153000000000e-01
4.5937499999999998e-01 1.9633154000000000e-01
4.6250000000000002e-01 1.9633133000000000e-01
4.6562500000000001e-01 1.9633175000000000e-01
4.6875000000000000e-01 1.9633194000000001e-01
4.7187499999999999e-01 1.9633102999999999e-01
4.7499999999999998e-01 1.9633063000000001e-01
4.7812500000000002e-01 1.9633101000000000e-01
4.8125000000000001e-01 1.9633046000000001e-01
4.8437500000000000e-01 1.9633117999999999e-01
4.8749999999999999e-01 1.9633106000000000e-01
4.9062499999999998e-01 1.9633090000000000e-01
4.9375000000000002e-01 1.9633154999999999e-01
4.9687500000000001e-01 1.9633165999999999e-01
5.0000000000000000e-01 1.9633084000000001e-01
5.0312500000000004e-01 1.9633112000000000e-01
5.0624999999999998e-01 1.9633138000000000e-01
5.0937500000000002e-01 1.9633112999999999e-01
5.1249999999999996e-01 1.9633194000000001e-01
5.1562500000000000e-01 1.9633146000000001e-01
5.1875000000000004e-01 1.9633149999999999e-01
5.2187499999999998e-01 1.9633149000000000e-01
5.2500000000000002e-01 1.9633123999999999e-01
5.2812499999999996e-01 1.9633178000000001e-01
5.3125000000000000e-01 1.9633170999999999e-01
5.3437500000000004e-01 1.9633112999999999e-01
5.3749999999999998e-01 1.9633205000000001e-01
5.4062500000000002e-01 1.9633170999999999e-01
5.4374999999999996e-01 1.9633128999999999e-01
5.4687500000000000e-01 1.9633157000000001e-01
5.5000000000000004e-01 1.9633125000000001e-01
5.5312499999999998e-01 1.9633155999999999e-01
5.5625000000000002e-01 1.9633169000000000e-01
5.5937499999999996e-01 1.9633137000000001e-01
5.6250000000000000e-01 1.9633112999999999e-01
5.6562500000000004e-01 1.9633175000000000e-01
5.6874999999999998e-01 1.9633167000000001e-01
5.7187500000000002e-01 1.9633123999999999e-01
5.7499999999999996e-01 1.9633085000000000e-01
5.7812500000000000e-01 1.9633141000000001e-01
5.8125000000000004e-01 1.9633128000000000e-01
5.8437499999999998e-01 1.9633133000000000e-01
5.8750000000000002e-01 1.9633138000000000e-01
5.9062499999999996e-01 1.9633134999999999e-01
5.9375000000000000e-01 1.9633160999999999e-01
5.9687500000000004e-01 1.9633210000000001e-01
5.9999999999999998e-01 1.9633213999999999e-01
6.0312500000000002e-01 1.9633197999999999e-01
6.0624999999999996e-01 1.9633204000000001e-01
6.0937500000000000e-01 1.9633195000000001e-01
6.1250000000000004e-01 1.9633138000000000e-01
6.1562499999999998e-01 1.9633092999999999e-01
6.1875000000000002e-01 1.9633168000000001e-01
6.2187499999999996e-01 1.9633170000000000e-01
6.2500000000000000e-01 1.9633158000000001e-01
6.2812500000000004e-01 1.9633147000000001e-01
6.3124999999999998e-01 1.9633120000000001e-01
6.3437500000000002e-01 1.9633117999999999e-01
6.3749999999999996e-01 1.9633147000000001e-01
6.4062500000000000e-01 1.9633109000000001e-01
6.4375000000000004e-01 1.9633195000000001e-01
6.4687499999999998e-01 1.9633122000000000e-01
6.5000000000000002e-01 1.9633150999999999e-01
6.5312499999999996e-01 1.9633123000000000e-01
6.5625000000000000e-01 1.9633107000000000e-01
6.5937500000000004e-01 1.9633143000000000e-01
6.6249999999999998e-01 1.9633149000000000e-01
6.6562500000000002e-01 1.9633126000000001e-01
6.6874999999999996e-01 1.9633115000000001e-01
6.7187500000000000e-01 1.9633137000000001e-01
6.7500000000000004e-01 1.9633146000000001e-01
6.7812499999999998e-01 1.9633171999999999e-01
6.8125000000000002e-01 1.9633144000000000e-01
6.8437499999999996e-01 1.9633176999999999e-01
6.8750000000000000e-01 1.9633102999999999e-01
6.9062500000000004e-01 1.9633174000000000e-01
6.9374999999999998e-01 1.9633113999999999e-01
6.9687500000000002e-01 1.9633069000000000e-01
6.9999999999999996e-01 1.9633128000000000e-01
7.0312500000000000e-01 1.9633144999999999e-01
7.0625000000000004e-01 1.9633107999999999e-01
7.0937499999999998e-01 1.9633073000000001e-01
7.1250000000000002e-01 1.9633049999999999e-01
7.1562499999999996e-01 1.9633176999999999e-01
7.1875000000000000e-01 1.9633160000000000e-01
7.2187500000000004e-01 1.9633115000000001e-01
7.2499999999999998e-01 1.9633068000000001e-01
7.2812500000000002e-01 1.9633110000000001e-01
7.3124999999999996e-01 1.9633154999999999e-01
7.3437500000000000e-01 1.9633138999999999e-01
7.3750000000000004e-01 1.9633147000000001e-01
7.4062499999999998e-01 1.9633097999999999e-01
7.4375000000000002e-01 1.9633252000000001e-01
7.4687499999999996e-01 1.9633176999999999e-01
7.5000000000000000e-01 1.9633133999999999e-01
7.5312500000000004e-01 1.9633175999999999e-01
7.5624999999999998e-01 1.9633191999999999e-01
7.5937500000000002e-01 1.9633122000000000e-01
7.6249999999999996e-01 1.9633091000000000e-01
7.6562500000000000e-01 1.9633092999999999e-01
7.6875000000000004e-01 1.9633154999999999e-01
7.7187499999999998e-01 1.9633110000000001e-01
7.7500000000000002e-01 1.9633165999999999e-01
7.7812499999999996e-01 1.9633175999999999e-01
7.8125000000000000e-01 1.9633149000000000e-01
7.8437500000000004e-01 1.9633180000000000e-01
7.8749999999999998e-01 1.9633241000000001e-01
7.9062500000000002e-01 1.9633129999999999e-01
7.9374999999999996e-01 1.9633117999999999e-01
7.9687500000000000e-01 1.9633069000000000e-01
8.0000000000000004e-01 1.9633129999999999e-01
8.0312499999999998e-01 1.9633133999999999e-01
8.0625000000000002e-01 1.9633071999999999e-01
8.0937499999999996e-01 1.9633127000000000e-01
8.1250000000000000e-01 1.9633150999999999e-01
8.1562500000000004e-01 1.9633159000000000e-01
8.1874999999999998e-01 1.9633183000000001e-01
8.2187500000000002e-01 1.9633143000000000e-01
8.2499999999999996e-01 1.9633154999999999e-01
8.2812500000000000e-01 1.9633147000000001e-01
8.3125000000000004e-01 1.9633097999999999e-01
8.3437499999999998e-01 1.9633070999999999e-01
8.3750000000000002e-01 1.9633070999999999e-01
8.4062499999999996e-01 1.9633074000000000e-01
8.4375000000000000e-01 1.9633173000000001e-01
8.4687500000000004e-01 1.9633095000000000e-01
8.4999999999999998e-01 1.9633136000000001e-01
8.5312500000000002e-01 1.9633168000000001e-01
8.5624999999999996e-01 1.9633211000000000e-01
8.5937500000000000e-01 1.9633192999999999e-01
8.6250000000000004e-01 1.9633147000000001e-01
8.6562499999999998e-01 1.9633076999999999e-01
8.6875000000000002e-01 1.9633128000000000e-01
8.7187499999999996e-01 1.9633052000000001e-01
8.7500000000000000e-01 1.9633136000000001e-01
8.7812500000000004e-01 1.9633099000000001e-01
8.8124999999999998e-01 1.9633042000000001e-01
8.8437500000000002e-01 1.9633076999999999e-01
8.8749999999999996e-01 1.9633118999999999e-01
8.9062500000000000e-01 1.9633160000000000e-01
8.9375000000000004e-01 1.9633036000000001e-01
8.9687499999999998e-01 1.9633071999999999e-01
9.0000000000000002e-01 1.9632990000000000e-01
9.0312499999999996e-01 1.9633085000000000e-01
9.0625000000000000e-01 1.9633086000000000e-01
9.0937500000000004e-01 1.9633076999999999e-01
9.1249999999999998e-01 1.9633107999999999e-01
9.1562500000000002e-01 1.9633144999999999e-01
9.1874999999999996e-01 1.9633164000000000e-01
9.2187500000000000e-01 1.9633207999999999e-01
9.2500000000000004e-01 1.9633144999999999e-01
9.2812499999999998e-01 1.9633196000000000e-01
9.3125000000000002e-01 1.9633165000000000e-01
9.3437499999999996e-01 1.9633095000000000e-01
9.3750000000000000e-01 1.9633120000000001e-01
9.4062500000000004e-01 1.9632996000000000e-01
9.4374999999999998e-01 1.9633054999999999e-01
9.4687500000000002e-01 1.9633153000000000e-01
9.4999999999999996e-01 1.9633146000000001e-01
9.5312500000000000e-01 1.9633086000000000e-01
9.5625000000000004e-01 1.9633120000000001e-01
9.5937499999999998e-01 1.9633123999999999e-01
9.6250000000000002e-01 1.9633212000000000e-01
9.6562499999999996e-01 1.9633189000000001e-01
9.6875000000000000e-01 1.9633173000000001e-01
9.7187500000000004e-01 1.9633079000000001e-01
9.7499999999999998e-01 1.9633096999999999e-01
9.7812500000000002e-01 1.9633032000000000e-01
9.8124999999999996e-01 1.9633133000000000e-01
9.8437500000000000e-01 1.9633115000000001e-01
9.8750000000000004e-01 1.9633080999999999e-01
9.9062499999999998e-01 1.9633016000000000e-01
9.9375000000000002e-01 1.9633096000000000e-01
9.9687499999999996e-01 1.9633154000000000e-01
1.0000000000000000e+00 1.9633162000000001e-01
1.0031250000000000e+00 1.9633123000000000e-01
1.0062500000000001e+00 1.9633133000000000e-01
1.0093749999999999e+00 1.9633138000000000e-01
1.0125000000000000e+00 1.9633031000000001e-01
1.0156250000000000e+00 1.9633007000000000e-01
1.0187500000000000e+00 1.9633034999999999e-01
1.0218750000000001e+00 1.9633020000000001e-01
1.0249999999999999e+00 1.9633083000000001e-01
1.0281250000000000e+00 1.9633084000000001e-01
1.0312500000000000e+00 1.9633037000000000e-01
1.0343750000000000e+00 1.9633079000000001e-01
1.0375000000000001e+00 1.9633146000000001e-01
1.0406249999999999e+00 1.9633080000000000e-01
1.0437500000000000e+00 1.9633138000000000e-01
1.0468750000000000e+00 1.9633171999999999e-01
1.0500000000000000e+00 1.9633059999999999e-01
1.0531250000000001e+00 1.9633007999999999e-01
1.0562499999999999e+00 1.9633060999999999e-01
1.0593750000000000e+00 1.9633068000000001e-01
1.0625000000000000e+00 1.9633128999999999e-01
1.0656250000000000e+00 1.9633111000000000e-01
1.0687500000000001e+00 1.9633075999999999e-01
1.0718749999999999e+00 1.9633097999999999e-01
1.0750000000000000e+00 1.9633184000000001e-01
1.0781250000000000e+00 1.9633157000000001e-01
1.0812500000000000e+00 1.9633115000000001e-01
1.0843750000000001e+00 1.9633121000000001e-01
1.0874999999999999e+00 1.9633118999999999e-01
1.0906250000000000e+00 1.9633055999999999e-01
1.0937500000000000e+00 1.9633016000000000e-01
1.0968750000000000e+00 1.9633006000000000e-01
1.1000000000000001e+00 1.9633004000000001e-01
1.1031249999999999e+00 1.9633092999999999e-01
1.1062500000000000e+00 1.9633085000000000e-01
1.1093750000000000e+00 1.9633186999999999e-01
1.1125000000000000e+00 1.9633117000000000e-01
1.1156250000000001e+00 1.9633049999999999e-01
1.1187499999999999e+00 1.9633120000000001e-01
1.1218750000000000e+00 1.9633175000000000e-01
1.1250000000000000e+00 1.9633157000000001e-01
1.1281250000000000e+00 1.9633169000000000e-01
1.1312500000000001e+00 1.9633134999999999e-01
1.1343749999999999e+00 1.9633031000000001e-01
1.1375000000000000e+00 1.9633038999999999e-01
1.1406250000000000e+00 1.9633041000000001e-01
1.1437500000000000e+00 1.9633058000000000e-01
1.1468750000000001e+00 1.9633046000000001e-01
1.1499999999999999e+00 1.9633092999999999e-01
1.1531250000000000e+00 1.9633075000000000e-01
1.1562500000000000e+00 1.9633092999999999e-01
1.1593750000000000e+00 1.9633211000000000e-01
1.1625000000000001e+00 1.9633112999999999e-01
1.1656249999999999e+00 1.9633141000000001e-01
1.1687500000000000e+00 1.9633178000000001e-01
1.1718750000000000e+00 1.9633116000000000e-01
1.1750000000000000e+00 1.9633170999999999e-01
1.1781250000000001e+00 1.9633096000000000e-01
1.1812499999999999e+00 1.9632957000000001e-01
1.1843750000000000e+00 1.9633010000000001e-01
1.1875000000000000e+00 1.9633117000000000e-01
1.1906250000000000e+00 1.9632989000000001e-01
1.1937500000000001e+00 1.9633007000000000e-01
1.1968749999999999e+00 1.9633012000000000e-01
1.2000000000000000e+00 1.9632995000000000e-01
1.2031250000000000e+00 1.9632955999999999e-01
1.2062500000000000e+00 1.9633104000000001e-01
1.2093750000000001e+00 1.9633101000000000e-01
1.2124999999999999e+00 1.9633107999999999e-01
1.2156250000000000e+00 1.9633121000000001e-01
1.2187500000000000e+00 1.9633153000000000e-01
1.2218750000000000e+00 1.9633147000000001e-01
1.2250000000000001e+00 1.9633143000000000e-01
1.2281249999999999e+00 1.9633018999999999e-01
1.2312500000000000e+00 1.9633049999999999e-01
1.2343750000000000e+00 1.9633105000000001e-01
1.2375000000000000e+00 1.9633148000000000e-01
1.2406250000000001e+00 1.9633076999999999e-01
1.2437499999999999e+00 1.9633064000000000e-01
1.2468750000000000e+00 1.9633080000000000e-01
1.2500000000000000e+00 1.9633063000000001e-01
1.2531250000000000e+00 1.9633121000000001e-01
1.2562500000000001e+00 1.9633187999999999e-01
1.2593749999999999e+00 1.9633159000000000e-01
1.2625000000000000e+00 1.9633123999999999e-01
1.2656250000000000e+00 1.9633158000000001e-01
1.2687500000000000e+00 1.9633107999999999e-01
1.2718750000000001e+00 1.9633149000000000e-01
1.2749999999999999e+00 1.9633058000000000e-01
1.2781250000000000e+00 1.9633063000000001e-01
1.2812500000000000e+00 1.9633070000000000e-01
1.2843750000000000e+00 1.9633126000000001e-01
1.2875000000000001e+00 1.9633051000000001e-01
1.2906249999999999e+00 1.9633065000000000e-01
1.2937500000000000e+00 1.9633031000000001e-01
1.2968750000000000e+00 1.9633060999999999e-01
1.3000000000000000e+00 1.9633096000000000e-01
1.3031250000000001e+00 1.9633123999999999e-01
1.3062499999999999e+00 1.9633212999999999e-01
1.3093750000000000e+00 1.9633118999999999e-01
1.3125000000000000e+00 1.9633149000000000e-01
1.3156250000000000e+00 1.9633076999999999e-01
1.3187500000000001e+00 1.9633017999999999e-01
1.3218749999999999e+00 1.9633123999999999e-01
1.3250000000000000e+00 1.9632969000000000e-01
1.3281250000000000e+00 1.9632980999999999e-01
1.3312500000000000e+00 1.9632999000000001e-01
1.3343750000000001e+00 1.9633080000000000e-01
1.3374999999999999e+00 1.9633028999999999e-01
1.3406250000000000e+00 1.9633064000000000e-01
1.3437500000000000e+00 1.9633069000000000e-01
1.3468750000000000e+00 1.9633083000000001e-01
1.3500000000000001e+00 1.9633149000000000e-01
1.3531249999999999e+00 1.9633225000000001e-01
1.3562500000000000e+00 1.9633159000000000e-01
1.3593750000000000e+00 1.9633128000000000e-01
1.3625000000000000e+00 1.9633143000000000e-01
1.3656250000000001e+00 1.9633023999999999e-01
1.3687499999999999e+00 1.9633133999999999e-01
1.3718750000000000e+00 1.9633032000000000e-01
1.3750000000000000e+00 1.9633013999999999e-01
1.3781250000000000e+00 1.9632997999999999e-01
1.3812500000000001e+00 1.9633132000000000e-01
1.3843749999999999e+00 1.9633058000000000e-01
1.3875000000000000e+00 1.9633062000000001e-01
1.3906250000000000e+00 1.9633049999999999e-01
1.3937500000000000e+00 1.9633052000000001e-01
1.3968750000000001e+00 1.9633127000000000e-01
1.3999999999999999e+00 1.9633179000000001e-01
1.4031250000000000e+00 1.9633228000000000e-01
1.4062500000000000e+00 1.9633160999999999e-01
1.4093750000000000e+00 1.9633169000000000e-01
1.4125000000000001e+00 1.9633122000000000e-01
1.4156249999999999e+00 1.9633110000000001e-01
1.4187500000000000e+00 1.9633146000000001e-01
1.4218750000000000e+00 1.9633039999999999e-01
1.4250000000000000e+00 1.9633033999999999e-01
1.4281250000000001e+00 1.9633137000000001e-01
1.4312499999999999e+00 1.9633091999999999e-01
1.4343750000000000e+00 1.9633191999999999e-01
1.4375000000000000e+00 1.9633125000000001e-01
1.4406250000000000e+00 1.9633116000000000e-01
1.4437500000000001e+00 1.9633137000000001e-01
1.4468749999999999e+00 1.9633220000000001e-01
1.4500000000000000e+00 1.9633289000000001e-01
1.4531250000000000e+00 1.9633099000000001e-01
1.4562500000000000e+00 1.9633074000000000e-01
1.4593750000000001e+00 1.9633086000000000e-01
1.4624999999999999e+00 1.9633069000000000e-01
1.4656250000000000e+00 1.9632996000000000e-01
1.4687500000000000e+00 1.9632978000000001e-01
1.4718750000000000e+00 1.9633083000000001e-01
1.4750000000000001e+00 1.9633060999999999e-01
1.4781249999999999e+00 1.9633112999999999e-01
1.4812500000000000e+00 1.9633116000000000e-01
1.4843750000000000e+00 1.9633060999999999e-01
1.4875000000000000e+00 1.9633091999999999e-01
1.4906250000000001e+00 1.9633084000000001e-01
1.4937499999999999e+00 1.9633222000000000e-01
1.4968750000000000e+00 1.9633170999999999e-01
1.5000000000000000e+00 1.9633116000000000e-01
1.5031250000000000e+00 1.9633107000000000e-01
1.5062500000000001e+00 1.9633170999999999e-01
1.5093749999999999e+00 1.9633049999999999e-01
1.5125000000000000e+00 1.9633070000000000e-01
1.5156250000000000e+00 1.9633063000000001e-01
1.5187500000000000e+00 1.9633038999999999e-01
1.5218750000000001e+00 1.9633097999999999e-01
1.5249999999999999e+00 1.9633175999999999e-01
1.5281250000000000e+00 1.9633174000000000e-01
1.5312500000000000e+00 1.9633123999999999e-01
1.5343750000000000e+00 1.9633107999999999e-01
1.5375000000000001e+00 1.9633042000000001e-01
1.5406249999999999e+00 1.9633158000000001e-01
1.5437500000000000e+00 1.9633044999999999e-01
1.5468750000000000e+00 1.9633073000000001e-01
1.5500000000000000e+00 1.9633107000000000e-01
1.5531250000000001e+00 1.9633178000000001e-01
1.5562499999999999e+00 1.9633113999999999e-01
1.5593750000000000e+00 1.9633137000000001e-01
1.5625000000000000e+00 1.9633115000000001e-01
1.5656250000000000e+00 1.9633012999999999e-01
1.5687500000000001e+00 1.9633065999999999e-01
1.5718749999999999e+00 1.9633184000000001e-01
1.5750000000000000e+00 1.9633038000000000e-01
1.5781250000000000e+00 1.9633049999999999e-01
1.5812500000000000e+00 1.9633168000000001e-01
1.5843750000000001e+00 1.9633083000000001e-01
1.5874999999999999e+00 1.9633141000000001e-01
1.5906250000000000e+00 1.9633137000000001e-01
1.5937500000000000e+00 1.9633129999999999e-01
1.5968750000000000e+00 1.9633242000000001e-01
1.6000000000000001e+00 1.9633286000000000e-01
1.6031249999999999e+00 1.9633280000000000e-01
1.6062500000000000e+00 1.9633132000000000e-01
1.6093750000000000e+00 1.9633133999999999e-01
1.6125000000000000e+00 1.9633078000000001e-01
1.6156250000000001e+00 1.9633136000000001e-01
1.6187499999999999e+00 1.9632986999999999e-01
1.6218750000000000e+00 1.9633012000000000e-01
1.6250000000000000e+00 1.9633109000000001e-01
1.6281250000000000e+00 1.9633137000000001e-01
1.6312500000000001e+00 1.9633116000000000e-01
1.6343749999999999e+00 1.9633175999999999e-01
1.6375000000000000e+00 1.9633118999999999e-01
1.6406250000000000e+00 1.9633085000000000e-01
1.6437500000000000e+00 1.9633216000000001e-01
1.6468750000000001e+00 1.9633249000000000e-01
1.6499999999999999e+00 1.9633088000000001e-01
1.6531250000000000e+00 1.9633131000000001e-01
1.6562500000000000e+00 1.9633199000000001e-01
1.6593750000000000e+00 1.9633207999999999e-01
1.6625000000000001e+00 1.9633180000000000e-01
1.6656249999999999e+00 1.9633170000000000e-01
1.6687500000000000e+00 1.9633080999999999e-01
1.6718750000000000e+00 1.9633109000000001e-01
1.6750000000000000e+00 1.9633223000000000e-01
1.6781250000000001e+00 1.9633080000000000e-01
1.6812499999999999e+00 1.9633047000000001e-01
1.6843750000000000e+00 1.9633120000000001e-01
1.6875000000000000e+00 1.9633181999999999e-01
1.6906250000000000e+00 1.9633096000000000e-01
1.6937500000000001e+00 1.9633115000000001e-01
1.6968749999999999e+00 1.9633089000000001e-01
1.7000000000000000e+00 1.9633205000000001e-01
1.7031250000000000e+00 1.9633290000000000e-01
1.7062500000000000e+00 1.9633164000000000e-01
1.7093750000000001e+00 1.9633101999999999e-01
1.7124999999999999e+00 1.9633125000000001e-01
1.7156250000000000e+00 1.9633141000000001e-01
1.7187500000000000e+00 1.9633180000000000e-01
1.7218750000000000e+00 1.9633112000000000e-01
1.7250000000000001e+00 1.9633116000000000e-01
1.7281249999999999e+00 1.9633141000000001e-01
1.7312500000000000e+00 1.9633171999999999e-01
1.7343750000000000e+00 1.9633152000000001e-01
1.7375000000000000e+00 1.9633147000000001e-01
1.7406250000000001e+00 1.9633231000000001e-01
1.7437499999999999e+00 1.9633183000000001e-01
1.7468750000000000e+00 1.9633233000000000e-01
1.7500000000000000e+00 1.9633032000000000e-01
1.7531250000000000e+00 1.9633089000000001e-01
1.7562500000000001e+00 1.9633147000000001e-01
1.7593749999999999e+00 1.9633202999999999e-01
1.7625000000000000e+00 1.9633194000000001e-01
1.7656250000000000e+00 1.9633146000000001e-01
1.7687500000000000e+00 1.9633160000000000e-01
1.7718750000000001e+00 1.9633160000000000e-01
1.7749999999999999e+00 1.9633338000000000e-01
1.7781250000000000e+00 1.9633059999999999e-01
1.7812500000000000e+00 1.9633121000000001e-01
1.7843750000000000e+00 1.9633104000000001e-01
1.7875000000000001e+00 1.9633167000000001e-01
1.7906249999999999e+00 1.9633196999999999e-01
1.7937500000000000e+00 1.9633163000000001e-01
1.7968750000000000e+00 1.9633150999999999e-01
1.8000000000000000e+00 1.9633157000000001e-01
1.8031250000000001e+00 1.9633248000000000e-01
1.8062499999999999e+00 1.9633143000000000e-01
1.8093750000000000e+00 1.9633155999999999e-01
1.8125000000000000e+00 1.9633202000000000e-01
1.8156250000000000e+00 1.9633118999999999e-01
1.8187500000000001e+00 1.9633231000000001e-01
1.8218749999999999e+00 1.9633112000000000e-01
1.8250000000000000e+00 1.9633122000000000e-01
1.8281250000000000e+00 1.9633078000000001e-01
1.8312500000000000e+00 1.9633150999999999e-01
1.8343750000000001e+00 1.9633042000000001e-01
1.8374999999999999e+00 1.9633031000000001e-01
1.8406250000000000e+00 1.9633086000000000e-01
1.8437500000000000e+00 1.9633147000000001e-01
1.8468750000000000e+00 1.9633150999999999e-01
1.8500000000000001e+00 1.9633169000000000e-01
1.8531249999999999e+00 1.9633115000000001e-01
1.8562500000000000e+00 1.9633215000000001e-01
1.8593750000000000e+00 1.9633312999999999e-01
1.8625000000000000e+00 1.9633079000000001e-01
1.8656250000000001e+00 1.9633073000000001e-01
1.8687499999999999e+00 1.9633152000000001e-01
1.8718750000000000e+00 1.9633090000000000e-01
1.8750000000000000e+00 1.9633123000000000e-01
1.8781250000000000e+00 1.9633155999999999e-01
1.8812500000000001e+00 1.9633126000000001e-01
1.8843749999999999e+00 1.9633174000000000e-01
1.8875000000000000e+00 1.9633258000000001e-01
1.8906250000000000e+00 1.9633049000000000e-01
1.8937500000000000e+00 1.9633081999999999e-01
1.8968750000000001e+00 1.9633112999999999e-01
1.8999999999999999e+00 1.9633107999999999e-01
1.9031250000000000e+00 1.9633096000000000e-01
1.9062500000000000e+00 1.9633138000000000e-01
1.9093750000000000e+00 1.9633148000000000e-01
1.9125000000000001e+00 1.9633215000000001e-01
1.9156249999999999e+00 1.9633243000000000e-01
1.9187500000000000e+00 1.9633207999999999e-01
1.9218750000000000e+00 1.9633200000000001e-01
1.9250000000000000e+00 1.9633191000000000e-01
1.9281250000000001e+00 1.9633162000000001e-01
1.9312499999999999e+00 1.9633112000000000e-01
1.9343750000000000e+00 1.9633133999999999e-01
1.9375000000000000e+00 1.9633163000000001e-01
1.9406250000000000e+00 1.9633303999999999e-01
1.9437500000000001e+00 1.9633180000000000e-01
1.9468749999999999e+00 1.9633146000000001e-01
1.9500000000000000e+00 1.9633162000000001e-01
1.9531250000000000e+00 1.9633189000000001e-01
1.9562500000000000e+00 1.9633139999999999e-01
1.9593750000000001e+00 1.9633074000000000e-01
1.9624999999999999e+00 1.9633142000000001e-01
1.9656250000000000e+00 1.9633189000000001e-01
1.9687500000000000e+00 1.9633287999999999e-01
1.9718750000000000e+00 1.9633190000000000e-01
1.9750000000000001e+00 1.9633227000000000e-01
1.9781249999999999e+00 1.9633207999999999e-01
1.9812500000000000e+00 1.9633239999999999e-01
1.9843750000000000e+00 1.9633086000000000e-01
1.9875000000000000e+00 1.9633133999999999e-01
1.9906250000000001e+00 1.9633191000000000e-01
1.9937499999999999e+00 1.9633257000000001e-01
1.9968750000000000e+00 1.9633280000000000e-01
2.0000000000000000e+00 1.9633250999999999e-01
2.0031249999999998e+00 1.9633225000000001e-01
2.0062500000000001e+00 1.9633366999999999e-01
2.0093749999999999e+00 1.9633233999999999e-01
2.0125000000000002e+00 1.9633100000000001e-01
2.0156250000000000e+00 1.9633150999999999e-01
2.0187499999999998e+00 1.9633144000000000e-01
2.0218750000000001e+00 1.9633202000000000e-01
2.0249999999999999e+00 1.9633186000000000e-01
2.0281250000000002e+00 1.9633149999999999e-01
2.0312500000000000e+00 1.9633232000000000e-01
2.0343749999999998e+00 1.9633237000000001e-01
2.0375000000000001e+00 1.9633247000000001e-01
2.0406249999999999e+00 1.9633059000000000e-01
2.0437500000000002e+00 1.9633170999999999e-01
2.0468750000000000e+00 1.9633157000000001e-01
2.0499999999999998e+00 1.9633263000000001e-01
2.0531250000000001e+00 1.9633207000000000e-01
2.0562499999999999e+00 1.9633231000000001e-01
2.0593750000000002e+00 1.9633241000000001e-01
2.0625000000000000e+00 1.9633397999999999e-01
2.0656249999999998e+00 1.9633339999999999e-01
2.0687500000000001e+00 1.9633206000000000e-01
2.0718749999999999e+00 1.9633190000000000e-01
2.0750000000000002e+00 1.9633178000000001e-01
2.0781250000000000e+00 1.9633276999999999e-01
2.0812499999999998e+00 1.9633158000000001e-01
2.0843750000000001e+00 1.9633175999999999e-01
2.0874999999999999e+00 1.9633233999999999e-01
2.0906250000000002e+00 1.9633243000000000e-01
2.0937500000000000e+00 1.9633168000000001e-01
2.0968749999999998e+00 1.9633065999999999e-01
2.1000000000000001e+00 1.9633137000000001e-01
2.1031249999999999e+00 1.9633154000000000e-01
2.1062500000000002e+00 1.9633197999999999e-01
2.1093750000000000e+00 1.9633184000000001e-01
2.1124999999999998e+00 1.9633212999999999e-01
2.1156250000000001e+00 1.9633360999999999e-01
2.1187499999999999e+00 1.9633278000000001e-01
2.1218750000000002e+00 1.9633290000000000e-01
2.1250000000000000e+00 1.9633237000000001e-01
2.1281249999999998e+00 1.9633191999999999e-01
2.1312500000000001e+00 1.9633239999999999e-01
2.1343749999999999e+00 1.9633259000000000e-01
2.1375000000000002e+00 1.9633185000000000e-01
2.1406250000000000e+00 1.9633231000000001e-01
2.1437499999999998e+00 1.9633306000000000e-01
2.1468750000000001e+00 1.9633168000000001e-01
2.1499999999999999e+00 1.9633147000000001e-01
2.1531250000000002e+00 1.9633144000000000e-01
2.1562500000000000e+00 1.9633138000000000e-01
2.1593749999999998e+00 1.9633199000000001e-01
2.1625000000000001e+00 1.9633155999999999e-01
2.1656249999999999e+00 1.9633128999999999e-01
2.1687500000000002e+00 1.9633237000000001e-01
2.1718750000000000e+00 1.9633279000000001e-01
2.1749999999999998e+00 1.9633233999999999e-01
2.1781250000000001e+00 1.9633218999999999e-01
2.1812499999999999e+00 1.9633200000000001e-01
2.1843750000000002e+00 1.9633244999999999e-01
2.1875000000000000e+00 1.9633275000000000e-01
2.1906249999999998e+00 1.9633252000000001e-01
2.1937500000000001e+00 1.9633201000000000e-01
2.1968749999999999e+00 1.9633360999999999e-01
2.2000000000000002e+00 1.9633199000000001e-01
2.2031250000000000e+00 1.9633157000000001e-01
2.2062499999999998e+00 1.9633149000000000e-01
2.2093750000000001e+00 1.9633170999999999e-01
2.2124999999999999e+00 1.9633181999999999e-01
2.2156250000000002e+00 1.9633225000000001e-01
2.2187500000000000e+00 1.9633199000000001e-01
2.2218749999999998e+00 1.9633290000000000e-01
2.2250000000000001e+00 1.9633222000000000e-01
2.2281249999999999e+00 1.9633192999999999e-01
2.2312500000000002e+00 1.9633134999999999e-01
2.2343750000000000e+00 1.9633133000000000e-01
2.2374999999999998e+00 1.9633170000000000e-01
2.2406250000000001e+00 1.9633202999999999e-01
2.2437499999999999e+00 1.9633241000000001e-01
2.2468750000000002e+00 1.9633269000000000e-01
2.2500000000000000e+00 1.9633275000000000e-01
2.2531249999999998e+00 1.9633281000000000e-01
2.2562500000000001e+00 1.9633232000000000e-01
2.2593749999999999e+00 1.9633149000000000e-01
2.2625000000000002e+00 1.9633165000000000e-01
2.2656250000000000e+00 1.9633202999999999e-01
2.2687499999999998e+00 1.9633237000000001e-01
2.2718750000000001e+00 1.9633232000000000e-01
2.2749999999999999e+00 1.9633260000000000e-01
2.2781250000000002e+00 1.9633279000000001e-01
2.2812500000000000e+00 1.9633160000000000e-01
2.2843749999999998e+00 1.9633254999999999e-01
2.2875000000000001e+00 1.9633181000000000e-01
2.2906249999999999e+00 1.9633180000000000e-01
2.2937500000000002e+00 1.9633215000000001e-01
2.2968750000000000e+00 1.9633237000000001e-01
2.2999999999999998e+00 1.9633253000000001e-01
2.3031250000000001e+00 1.9633207999999999e-01
2.3062499999999999e+00 1.9633122000000000e-01
2.3093750000000002e+00 1.9633052000000001e-01
2.3125000000000000e+00 1.9633144999999999e-01
2.3156249999999998e+00 1.9633179000000001e-01
2.3187500000000001e+00 1.9633196999999999e-01
2.3218749999999999e+00 1.9633276999999999e-01
2.3250000000000002e+00 1.9633327000000000e-01
2.3281250000000000e+00 1.9633276999999999e-01
2.3312499999999998e+00 1.9633231000000001e-01
2.3343750000000001e+00 1.9633170999999999e-01
2.3374999999999999e+00 1.9633205000000001e-01
2.3406250000000002e+00 1.9633276000000000e-01
2.3437500000000000e+00 1.9633233999999999e-01
2.3468749999999998e+00 1.9633223000000000e-01
2.3500000000000001e+00 1.9633297000000000e-01
2.3531249999999999e+00 1.9633350999999999e-01
2.3562500000000002e+00 1.9633181999999999e-01
2.3593750000000000e+00 1.9633096000000000e-01
2.3624999999999998e+00 1.9633094000000001e-01
2.3656250000000001e+00 1.9633086000000000e-01
2.3687499999999999e+00 1.9633223000000000e-01
2.3718750000000002e+00 1.9633222000000000e-01
2.3750000000000000e+00 1.9633153000000000e-01
2.3781249999999998e+00 1.9633225000000001e-01
2.3812500000000001e+00 1.9633262000000001e-01
2.3843749999999999e+00 1.9633163000000001e-01
2.3875000000000002e+00 1.9633155999999999e-01
2.3906250000000000e+00 1.9633225000000001e-01
2.3937499999999998e+00 1.9633254999999999e-01
2.3968750000000001e+00 1.9633339999999999e-01
2.3999999999999999e+00 1.9633236000000001e-01
2.4031250000000002e+00 1.9633257000000001e-01
2.4062500000000000e+00 1.9633270999999999e-01
2.4093749999999998e+00 1.9633254999999999e-01
2.4125000000000001e+00 1.9633153000000000e-01
2.4156249999999999e+00 1.9633100000000001e-01
2.4187500000000002e+00 1.9633170999999999e-01
2.4218750000000000e+00 1.9633205000000001e-01
2.4249999999999998e+00 1.9633201000000000e-01
2.4281250000000001e+00 1.9633221000000001e-01
2.4312499999999999e+00 1.9633196999999999e-01
2.4343750000000002e+00 1.9633210000000001e-01
2.4375000000000000e+00 1.9633152000000001e-01
2.4406249999999998e+00 1.9633169000000000e-01
2.4437500000000001e+00 1.9633155999999999e-01
2.4468749999999999e+00 1.9633223000000000e-01
2.4500000000000002e+00 1.9633232000000000e-01
2.4531250000000000e+00 1.9633287999999999e-01
2.4562499999999998e+00 1.9633205000000001e-01
2.4593750000000001e+00 1.9633260000000000e-01
2.4624999999999999e+00 1.9633258000000001e-01
2.4656250000000002e+00 1.9633212000000000e-01
2.4687500000000000e+00 1.9633155999999999e-01
2.4718749999999998e+00 1.9633231000000001e-01
2.4750000000000001e+00 1.9633167000000001e-01
2.4781249999999999e+00 1.9633190000000000e-01
2.4812500000000002e+00 1.9633206000000000e-01
2.4843750000000000e+00 1.9633258000000001e-01
2.4874999999999998e+00 1.9633212000000000e-01
2.4906250000000001e+00 1.9633191000000000e-01
2.4937499999999999e+00 1.9633153000000000e-01
2.4968750000000002e+00 1.9633223999999999e-01
2.5000000000000000e+00 1.9633150999999999e-01
2.5031249999999998e+00 1.9633223000000000e-01
2.5062500000000001e+00 1.9633157000000001e-01
2.5093749999999999e+00 1.9633218999999999e-01
2.5125000000000002e+00 1.9633265999999999e-01
2.5156250000000000e+00 1.9633212999999999e-01
2.5187499999999998e+00 1.9633189000000001e-01
2.5218750000000001e+00 1.9633199000000001e-01
2.5249999999999999e+00 1.9633181999999999e-01
2.5281250000000002e+00 1.9633179000000001e-01
2.5312500000000000e+00 1.9633121000000001e-01
2.5343749999999998e+00 1.9633136000000001e-01
2.5375000000000001e+00 1.9633238000000000e-01
2.5406249999999999e+00 1.9633253000000001e-01
2.5437500000000002e+00 1.9633226000000001e-01
2.5468750000000000e+00 1.9633133999999999e-01
2.5499999999999998e+00 1.9633239999999999e-01
2.5531250000000001e+00 1.9633138000000000e-01
2.5562499999999999e+00 1.9633181000000000e-01
2.5593750000000002e+00 1.9633202000000000e-01
2.5625000000000000e+00 1.9633190000000000e-01
2.5656249999999998e+00 1.9633210000000001e-01
2.5687500000000001e+00 1.9633300000000001e-01
2.5718749999999999e+00 1.9633160000000000e-01
2.5750000000000002e+00 1.9633134999999999e-01
2.5781250000000000e+00 1.9633118999999999e-01
2.5812499999999998e+00 1.9633169000000000e-01
2.5843750000000001e+00 1.9633128999999999e-01
2.5874999999999999e+00 1.9633165000000000e-01
2.5906250000000002e+00 1.9633153000000000e-01
2.5937500000000000e+00 1.9633205000000001e-01
2.5968749999999998e+00 1.9633175999999999e-01
2.6000000000000001e+00 1.9633179000000001e-01
2.6031249999999999e+00 1.9633153000000000e-01
2.6062500000000002e+00 1.9633134999999999e-01
2.6093750000000000e+00 1.9633152000000001e-01
2.6124999999999998e+00 1.9633181999999999e-01
2.6156250000000001e+00 1.9633223000000000e-01
2.6187499999999999e+00 1.9633249999999999e-01
2.6218750000000002e+00 1.9633183000000001e-01
2.6250000000000000e+00 1.9633229999999999e-01
2.6281249999999998e+00 1.9633170000000000e-01
2.6312500000000001e+00 1.9633138000000000e-01
2.6343749999999999e+00 1.9633104000000001e-01
2.6375000000000002e+00 1.9633128000000000e-01
2.6406250000000000e+00 1.9633106000000000e-01
2.6437499999999998e+00 1.9633099000000001e-01
2.6468750000000001e+00 1.9633200000000001e-01
2.6499999999999999e+00 1.9633154999999999e-01
2.6531250000000002e+00 1.9633107000000000e-01
2.6562500000000000e+00 1.9633099000000001e-01
2.6593749999999998e+00 1.9633136000000001e-01
2.6625000000000001e+00 1.9633149000000000e-01
2.6656249999999999e+00 1.9633191000000000e-01
2.6687500000000002e+00 1.9633129999999999e-01
2.6718750000000000e+00 1.9633113999999999e-01
2.6749999999999998e+00 1.9633276000000000e-01
2.6781250000000001e+00 1.9633231000000001e-01
2.6812499999999999e+00 1.9633110000000001e-01
2.6843750000000002e+00 1.9633152000000001e-01
2.6875000000000000e+00 1.9633154999999999e-01
2.6906249999999998e+00 1.9633138000000000e-01
2.6937500000000001e+00 1.9633137000000001e-01
2.6968749999999999e+00 1.9633186999999999e-01
2.7000000000000002e+00 1.9633020000000001e-01
2.7031250000000000e+00 1.9633102999999999e-01
2.7062499999999998e+00 1.9633158000000001e-01
2.7093750000000001e+00 1.9633089000000001e-01
2.7124999999999999e+00 1.9633071999999999e-01
2.7156250000000002e+00 1.9633104000000001e-01
2.7187500000000000e+00 1.9633126000000001e-01
2.7218749999999998e+00 1.9633127000000000e-01
2.7250000000000001e+00 1.9633165000000000e-01
2.7281249999999999e+00 1.9633146000000001e-01
2.7312500000000002e+00 1.9633047000000001e-01
2.7343750000000000e+00 1.9633207999999999e-01
2.7374999999999998e+00 1.9633215000000001e-01
2.7406250000000001e+00 1.9633132000000000e-01
2.7437499999999999e+00 1.9633107999999999e-01
2.7468750000000002e+00 1.9633157000000001e-01
2.7500000000000000e+00 1.9633143000000000e-01
2.7531249999999998e+00 1.9633137000000001e-01
2.7562500000000001e+00 1.9633143000000000e-01
2.7593749999999999e+00 1.9633080000000000e-01
2.7625000000000002e+00 1.9633085000000000e-01
2.7656250000000000e+00 1.9633122000000000e-01
2.7687499999999998e+00 1.9633088000000001e-01
2.7718750000000001e+00 1.9633085000000000e-01
2.7749999999999999e+00 1.9633041000000001e-01
2.7781250000000002e+00 1.9633102999999999e-01
2.7812500000000000e+00 1.9633092999999999e-01
2.7843749999999998e+00 1.9633106000000000e-01
2.7875000000000001e+00 1.9633186000000000e-01
2.7906249999999999e+00 1.9633139999999999e-01
2.7937500000000002e+00 1.9633132000000000e-01
2.7968750000000000e+00 1.9633101000000000e-01
2.7999999999999998e+00 1.9633153000000000e-01
2.8031250000000001e+00 1.9633112000000000e-01
2.8062499999999999e+00 1.9633096999999999e-01
2.8093750000000002e+00 1.9633111000000000e-01
2.8125000000000000e+00 1.9633175000000000e-01
2.8156249999999998e+00 1.9633128999999999e-01
2.8187500000000001e+00 1.9633159000000000e-01
2.8218749999999999e+00 1.9633092999999999e-01
2.8250000000000002e+00 1.9633089000000001e-01
2.8281250000000000e+00 1.9633036000000001e-01
2.8312499999999998e+00 1.9633073000000001e-01
2.8343750000000001e+00 1.9633094000000001e-01
2.8374999999999999e+00 1.9633058000000000e-01
2.8406250000000002e+00 1.9633052000000001e-01
2.8437500000000000e+00 1.9633144000000000e-01
2.8468749999999998e+00 1.9633116000000000e-01
2.8500000000000001e+00 1.9633115000000001e-01
2.8531249999999999e+00 1.9633132000000000e-01
2.8562500000000002e+00 1.9633138000000000e-01
2.8593750000000000e+00 1.9633074000000000e-01
2.8624999999999998e+00 1.9633131000000001e-01
2.8656250000000001e+00 1.9633141000000001e-01
2.8687499999999999e+00 1.9633110000000001e-01
2.8718750000000002e+00 1.9633091999999999e-01
2.8750000000000000e+00 1.9633179000000001e-01
2.8781249999999998e+00 1.9633117999999999e-01
2.8812500000000001e+00 1.9633142000000001e-01
2.8843749999999999e+00 1.9633147000000001e-01
2.8875000000000002e+00 1.9633086000000000e-01
2.8906250000000000e+00 1.9633041000000001e-01
2.8937499999999998e+00 1.9633041000000001e-01
2.8968750000000001e+00 1.9633104000000001e-01
2.8999999999999999e+00 1.9633091999999999e-01
2.9031250000000002e+00 1.9633049000000000e-01
2.9062500000000000e+00 1.9633086000000000e-01
2.9093749999999998e+00 1.9633141000000001e-01
2.9125000000000001e+00 1.9633097999999999e-01
2.9156249999999999e+00 1.9633167000000001e-01
2.9187500000000002e+00 1.9633099000000001e-01
2.9218750000000000e+00 1.9633088000000001e-01
2.9249999999999998e+00 1.9633065000000000e-01
2.9281250000000001e+00 1.9633154000000000e-01
2.9312499999999999e+00 1.9633143000000000e-01
2.9343750000000002e+00 1.9633096999999999e-01
2.9375000000000000e+00 1.9633092999999999e-01
2.9406249999999998e+00 1.9633175000000000e-01
2.9437500000000001e+00 1.9633138999999999e-01
2.9468749999999999e+00 1.9633111000000000e-01
2.9500000000000002e+00 1.9633191999999999e-01
2.9531250000000000e+00 1.9633054000000000e-01
2.9562499999999998e+00 1.9633023999999999e-01
2.9593750000000001e+00 1.9633054999999999e-01
2.9624999999999999e+00 1.9633128000000000e-01
2.9656250000000002e+00 1.9633076999999999e-01
2.9687500000000000e+00 1.9633046000000001e-01
2.9718749999999998e+00 1.9633128999999999e-01
2.9750000000000001e+00 1.9633101999999999e-01
2.9781249999999999e+00 1.9633085000000000e-01
2.9812500000000002e+00 1.9633191999999999e-01
2.9843750000000000e+00 1.9633075000000000e-01
2.9874999999999998e+00 1.9633075000000000e-01
2.9906250000000001e+00 1.9633068000000001e-01
2.9937499999999999e+00 1.9633165000000000e-01
2.9968750000000002e+00 1.9633139999999999e-01
3.0000000000000000e+00 1.9633102999999999e-01
