6.2500000000000003e-03 1.9624609000000001e-01
1.2500000000000001e-02 1.9623409000000000e-01
1.8749999999999999e-02 1.9623562000000000e-01
2.5000000000000001e-02 1.9623909000000000e-01
3.1250000000000000e-02 1.9624163999999999e-01
3.7499999999999999e-02 1.9624273000000000e-01
4.3749999999999997e-02 1.9624312999999999e-01
5.0000000000000003e-02 1.9624331000000000e-01
5.6250000000000001e-02 1.9624352000000000e-01
6.2500000000000000e-02 1.9624374000000000e-01
6.8750000000000006e-02 1.9624388000000001e-01
7.4999999999999997e-02 1.9624410000000000e-01
8.1250000000000003e-02 1.9624468000000000e-01
8.7499999999999994e-02 1.9624440000000001e-01
9.3750000000000000e-02 1.9624475999999999e-01
1.0000000000000001e-01 1.9624515000000001e-01
1.0625000000000000e-01 1.9624543000000000e-01
1.1250000000000000e-01 1.9624577000000001e-01
1.1874999999999999e-01 1.9624630000000001e-01
1.2500000000000000e-01 1.9624601000000000e-01
1.3125000000000001e-01 1.9624601000000000e-01
1.3750000000000001e-01 1.9624665999999999e-01
1.4374999999999999e-01 1.9624700000000000e-01
1.4999999999999999e-01 1.9624739999999999e-01
1.5625000000000000e-01 1.9624775000000000e-01
1.6250000000000001e-01 1.9624765000000000e-01
1.6875000000000001e-01 1.9624796000000000e-01
1.7499999999999999e-01 1.9624823999999999e-01
1.8124999999999999e-01 1.9624860000000000e-01
1.8750000000000000e-01 1.9624911000000000e-01
1.9375000000000001e-01 1.9624807000000000e-01
2.0000000000000001e-01 1.9624844999999999e-01
2.0624999999999999e-01 1.9624917000000000e-01
2.1249999999999999e-01 1.9625021000000001e-01
2.1875000000000000e-01 1.9625038000000000e-01
2.2500000000000001e-01 1.9625094000000001e-01
2.3125000000000001e-01 1.9625005000000001e-01
2.3749999999999999e-01 1.9625002999999999e-01
2.4374999999999999e-01 1.9625115000000001e-01
2.5000000000000000e-01 1.9625002999999999e-01
2.5624999999999998e-01 1.9625001000000000e-01
2.6250000000000001e-01 1.9624970000000000e-01
2.6874999999999999e-01 1.9624799000000001e-01
2.7500000000000002e-01 1.9624802999999999e-01
2.8125000000000000e-01 1.9624689000000001e-01
2.8749999999999998e-01 1.9624519000000001e-01
2.9375000000000001e-01 1.9624440000000001e-01
2.9999999999999999e-01 1.9624441000000001e-01
3.0625000000000002e-01 1.9624090999999999e-01
3.1250000000000000e-01 1.9624200000000000e-01
3.1874999999999998e-01 1.9624145000000001e-01
3.2500000000000001e-01 1.9624295999999999e-01
3.3124999999999999e-01 1.9624388000000001e-01
3.3750000000000002e-01 1.9624372000000001e-01
3.4375000000000000e-01 1.9624496999999999e-01
3.4999999999999998e-01 1.9624548999999999e-01
3.5625000000000001e-01 1.9624653000000000e-01
3.6249999999999999e-01 1.9624535000000001e-01
3.6875000000000002e-01 1.9624654000000000e-01
3.7500000000000000e-01 1.9624632000000000e-01
3.8124999999999998e-01 1.9624730000000001e-01
3.8750000000000001e-01 1.9624753000000000e-01
3.9374999999999999e-01 1.9624657000000001e-01
4.0000000000000002e-01 1.9624507999999999e-01
4.0625000000000000e-01 1.9624599000000001e-01
4.1249999999999998e-01 1.9624738999999999e-01
4.1875000000000001e-01 1.9624753000000000e-01
4.2499999999999999e-01 1.9624784000000001e-01
4.3125000000000002e-01 1.9624826000000001e-01
4.3750000000000000e-01 1.9624792999999999e-01
4.4374999999999998e-01 1.9624622999999999e-01
4.5000000000000001e-01 1.9624509000000001e-01
4.5624999999999999e-01 1.9624485000000000e-01
4.6250000000000002e-01 1.9624573000000001e-01
4.6875000000000000e-01 1.9624621000000000e-01
4.7499999999999998e-01 1.9624404000000001e-01
4.8125000000000001e-01 1.9624458000000000e-01
4.8749999999999999e-01 1.9624562000000001e-01
4.9375000000000002e-01 1.9624606999999999e-01
5.0000000000000000e-01 1.9624579000000000e-01
5.0624999999999998e-01 1.9624494000000001e-01
5.1249999999999996e-01 1.9624601000000000e-01
5.1875000000000004e-01 1.9624335000000001e-01
5.2500000000000002e-01 1.9624467000000001e-01
5.3125000000000000e-01 1.9624502999999999e-01
5.3749999999999998e-01 1.9624702999999999e-01
5.4374999999999996e-01 1.9624807000000000e-01
5.5000000000000004e-01 1.9624774000000000e-01
5.5625000000000002e-01 1.9625424999999999e-01
5.6250000000000000e-01 1.9625395000000001e-01
5.6874999999999998e-01 1.9625355000000000e-01
5.7499999999999996e-01 1.9625437000000001e-01
5.8125000000000004e-01 1.9625392000000000e-01
5.8750000000000002e-01 1.9625037000000001e-01
5.9375000000000000e-01 1.9624944999999999e-01
5.9999999999999998e-01 1.9624831000000001e-01
6.0624999999999996e-01 1.9624899000000001e-01
6.1250000000000004e-01 1.9624653000000000e-01
6.1875000000000002e-01 1.9624665999999999e-01
6.2500000000000000e-01 1.9624918000000000e-01
6.3124999999999998e-01 1.9624984000000001e-01
6.3749999999999996e-01 1.9625292000000000e-01
6.4375000000000004e-01 1.9625391000000000e-01
6.5000000000000002e-01 1.9625390000000001e-01
6.5625000000000000e-01 1.9625328000000000e-01
6.6249999999999998e-01 1.9625569000000001e-01
6.6874999999999996e-01 1.9625581000000000e-01
6.7500000000000004e-01 1.9625411000000001e-01
6.8125000000000002e-01 1.9625306000000001e-01
6.8750000000000000e-01 1.9625509999999999e-01
6.9374999999999998e-01 1.9625662999999999e-01
6.9999999999999996e-01 1.9625770000000001e-01
7.0625000000000004e-01 1.9625692000000000e-01
7.1250000000000002e-01 1.9625513999999999e-01
7.1875000000000000e-01 1.9625366999999999e-01
7.2499999999999998e-01 1.9625540999999999e-01
7.3124999999999996e-01 1.9625451999999999e-01
7.3750000000000004e-01 1.9625577999999999e-01
7.4375000000000002e-01 1.9625243000000001e-01
7.5000000000000000e-01 1.9625153000000001e-01
7.5624999999999998e-01 1.9625272999999999e-01
7.6249999999999996e-01 1.9625229000000000e-01
7.6875000000000004e-01 1.9625197999999999e-01
7.7500000000000002e-01 1.9625087999999999e-01
7.8125000000000000e-01 1.9625213999999999e-01
7.8749999999999998e-01 1.9625382000000000e-01
7.9374999999999996e-01 1.9625519999999999e-01
8.0000000000000004e-01 1.9625302999999999e-01
8.0625000000000002e-01 1.9625281000000000e-01
8.1250000000000000e-01 1.9625222000000000e-01
8.1874999999999998e-01 1.9625126000000001e-01
8.2499999999999996e-01 1.9625074000000001e-01
8.3125000000000004e-01 1.9625000000000001e-01
8.3750000000000002e-01 1.9625005000000001e-01
8.4375000000000000e-01 1.9624706000000000e-01
8.4999999999999998e-01 1.9624842000000001e-01
8.5624999999999996e-01 1.9625086000000000e-01
8.6250000000000004e-01 1.9625180000000000e-01
8.6875000000000002e-01 1.9625028000000000e-01
8.7500000000000000e-01 1.9624986999999999e-01
8.8124999999999998e-01 1.9624968000000001e-01
8.8749999999999996e-01 1.9624709000000001e-01
8.9375000000000004e-01 1.9624385999999999e-01
9.0000000000000002e-01 1.9623994000000000e-01
9.0625000000000000e-01 1.9624156000000001e-01
9.1249999999999998e-01 1.9624099000000000e-01
9.1874999999999996e-01 1.9624325000000001e-01
9.2500000000000004e-01 1.9624610000000001e-01
9.3125000000000002e-01 1.9624609000000001e-01
9.3750000000000000e-01 1.9624771999999999e-01
9.4374999999999998e-01 1.9625043000000000e-01
9.4999999999999996e-01 1.9625027000000000e-01
9.5625000000000004e-01 1.9625098999999999e-01
9.6250000000000002e-01 1.9624979000000001e-01
9.6875000000000000e-01 1.9624868000000001e-01
9.7499999999999998e-01 1.9624871999999999e-01
9.8124999999999996e-01 1.9624860999999999e-01
9.8750000000000004e-01 1.9624733000000000e-01
9.9375000000000002e-01 1.9624880000000000e-01
1.0000000000000000e+00 1.9625504999999999e-01
1.0062500000000001e+00 1.9625513000000000e-01
1.0125000000000000e+00 1.9625555000000000e-01
1.0187500000000000e+00 1.9625643000000001e-01
1.0249999999999999e+00 1.9625535999999999e-01
1.0312500000000000e+00 1.9625660000000000e-01
1.0375000000000001e+00 1.9625280000000001e-01
1.0437500000000000e+00 1.9625154000000000e-01
1.0500000000000000e+00 1.9625098999999999e-01
1.0562499999999999e+00 1.9625079000000001e-01
1.0625000000000000e+00 1.9625280000000001e-01
1.0687500000000001e+00 1.9625022000000000e-01
1.0750000000000000e+00 1.9625434000000000e-01
1.0812500000000000e+00 1.9625799999999999e-01
1.0874999999999999e+00 1.9625777999999999e-01
1.0937500000000000e+00 1.9625871000000000e-01
1.1000000000000001e+00 1.9625782000000000e-01
1.1062500000000000e+00 1.9625641999999999e-01
1.1125000000000000e+00 1.9625574000000001e-01
1.1187499999999999e+00 1.9625379000000001e-01
1.1250000000000000e+00 1.9625189000000001e-01
1.1312500000000001e+00 1.9625039000000000e-01
1.1375000000000000e+00 1.9625065999999999e-01
1.1437500000000000e+00 1.9624546000000001e-01
1.1499999999999999e+00 1.9624716000000000e-01
1.1562500000000000e+00 1.9624601000000000e-01
1.1625000000000001e+00 1.9624475000000000e-01
1.1687500000000000e+00 1.9624764000000000e-01
1.1750000000000000e+00 1.9625071999999999e-01
1.1812499999999999e+00 1.9625323000000000e-01
1.1875000000000000e+00 1.9625185000000001e-01
1.1937500000000001e+00 1.9625391000000000e-01
1.2000000000000000e+00 1.9625397999999999e-01
1.2062500000000000e+00 1.9624884000000001e-01
1.2124999999999999e+00 1.9624770999999999e-01
1.2187500000000000e+00 1.9624709000000001e-01
1.2250000000000001e+00 1.9624359999999999e-01
1.2312500000000000e+00 1.9624533999999999e-01
1.2375000000000000e+00 1.9624370999999999e-01
1.2437499999999999e+00 1.9624568000000001e-01
1.2500000000000000e+00 1.9624283000000001e-01
1.2562500000000001e+00 1.9624554999999999e-01
1.2625000000000000e+00 1.9624680000000000e-01
1.2687500000000000e+00 1.9624854000000000e-01
1.2749999999999999e+00 1.9624746000000001e-01
1.2812500000000000e+00 1.9624753000000000e-01
1.2875000000000001e+00 1.9624978000000001e-01
1.2937500000000000e+00 1.9625211000000001e-01
1.3000000000000000e+00 1.9625255999999999e-01
1.3062499999999999e+00 1.9625387999999999e-01
1.3125000000000000e+00 1.9625596000000001e-01
1.3187500000000001e+00 1.9625664000000001e-01
1.3250000000000000e+00 1.9625846999999999e-01
1.3312500000000000e+00 1.9625728000000001e-01
1.3374999999999999e+00 1.9625456999999999e-01
1.3437500000000000e+00 1.9625401000000001e-01
1.3500000000000001e+00 1.9625681000000000e-01
1.3562500000000000e+00 1.9625559000000001e-01
1.3625000000000000e+00 1.9625777000000000e-01
1.3687499999999999e+00 1.9625639000000000e-01
1.3750000000000000e+00 1.9625423000000000e-01
1.3812500000000001e+00 1.9625624000000000e-01
1.3875000000000000e+00 1.9625429999999999e-01
1.3937500000000000e+00 1.9625434999999999e-01
1.3999999999999999e+00 1.9625350999999999e-01
1.4062500000000000e+00 1.9625513999999999e-01
1.4125000000000001e+00 1.9625413000000000e-01
1.4187500000000000e+00 1.9625397999999999e-01
1.4250000000000000e+00 1.9625466000000000e-01
1.4312499999999999e+00 1.9625448000000001e-01
1.4375000000000000e+00 1.9625600000000001e-01
1.4437500000000001e+00 1.9625503999999999e-01
1.4500000000000000e+00 1.9625812000000001e-01
1.4562500000000000e+00 1.9625588999999999e-01
1.4624999999999999e+00 1.9625681000000000e-01
1.4687500000000000e+00 1.9625716000000001e-01
1.4750000000000001e+00 1.9625635999999999e-01
1.4812500000000000e+00 1.9625402000000000e-01
1.4875000000000000e+00 1.9625202999999999e-01
1.4937499999999999e+00 1.9624912999999999e-01
1.5000000000000000e+00 1.9624805000000001e-01
1.5062500000000001e+00 1.9624958000000001e-01
1.5125000000000000e+00 1.9624802000000000e-01
1.5187500000000000e+00 1.9624512000000000e-01
1.5249999999999999e+00 1.9624536000000001e-01
1.5312500000000000e+00 1.9624195999999999e-01
1.5375000000000001e+00 1.9624299000000001e-01
1.5437500000000000e+00 1.9624361000000001e-01
1.5500000000000000e+00 1.9624817999999999e-01
1.5562499999999999e+00 1.9624873000000001e-01
1.5625000000000000e+00 1.9625011000000001e-01
1.5687500000000001e+00 1.9625282999999999e-01
1.5750000000000000e+00 1.9625307000000000e-01
1.5812500000000000e+00 1.9625052000000001e-01
1.5874999999999999e+00 1.9625050999999999e-01
1.5937500000000000e+00 1.9624633000000000e-01
1.6000000000000001e+00 1.9624717999999999e-01
1.6062500000000000e+00 1.9624665999999999e-01
1.6125000000000000e+00 1.9624747000000001e-01
1.6187499999999999e+00 1.9624616000000000e-01
1.6250000000000000e+00 1.9624557000000001e-01
1.6312500000000001e+00 1.9624695000000000e-01
1.6375000000000000e+00 1.9624499000000001e-01
1.6437500000000000e+00 1.9624755999999999e-01
1.6499999999999999e+00 1.9625065000000000e-01
1.6562500000000000e+00 1.9625235999999999e-01
1.6625000000000001e+00 1.9625524000000000e-01
1.6687500000000000e+00 1.9625574000000001e-01
1.6750000000000000e+00 1.9625682000000000e-01
1.6812499999999999e+00 1.9625669000000001e-01
1.6875000000000000e+00 1.9626025000000000e-01
1.6937500000000001e+00 1.9625991000000001e-01
1.7000000000000000e+00 1.9625823000000001e-01
1.7062500000000000e+00 1.9625756999999999e-01
1.7124999999999999e+00 1.9625617000000001e-01
1.7187500000000000e+00 1.9625326000000001e-01
1.7250000000000001e+00 1.9625458000000001e-01
1.7312500000000000e+00 1.9625312000000000e-01
1.7375000000000000e+00 1.9625161999999999e-01
1.7437499999999999e+00 1.9625227000000001e-01
1.7500000000000000e+00 1.9625247000000001e-01
1.7562500000000001e+00 1.9625677999999999e-01
1.7625000000000000e+00 1.9625664000000001e-01
1.7687500000000000e+00 1.9625797000000000e-01
1.7749999999999999e+00 1.9625860000000001e-01
1.7812500000000000e+00 1.9625956000000000e-01
1.7875000000000001e+00 1.9626022000000001e-01
1.7937500000000000e+00 1.9626024000000000e-01
1.8000000000000000e+00 1.9626184999999999e-01
1.8062499999999999e+00 1.9626025000000000e-01
1.8125000000000000e+00 1.9626098000000000e-01
1.8187500000000001e+00 1.9626018000000001e-01
1.8250000000000000e+00 1.9625909000000000e-01
1.8312500000000000e+00 1.9625885000000001e-01
1.8374999999999999e+00 1.9625682000000000e-01
1.8437500000000000e+00 1.9625699999999999e-01
1.8500000000000001e+00 1.9625533000000001e-01
1.8562500000000000e+00 1.9625639000000000e-01
1.8625000000000000e+00 1.9625571999999999e-01
1.8687499999999999e+00 1.9625698999999999e-01
1.8750000000000000e+00 1.9626051999999999e-01
1.8812500000000001e+00 1.9625931999999999e-01
1.8875000000000000e+00 1.9625965000000001e-01
1.8937500000000000e+00 1.9625857999999999e-01
1.8999999999999999e+00 1.9626145000000000e-01
1.9062500000000000e+00 1.9626239000000001e-01
1.9125000000000001e+00 1.9625941999999999e-01
1.9187500000000000e+00 1.9625891000000001e-01
1.9250000000000000e+00 1.9625894999999999e-01
1.9312499999999999e+00 1.9625829000000000e-01
1.9375000000000000e+00 1.9625728000000001e-01
1.9437500000000001e+00 1.9626251000000000e-01
1.9500000000000000e+00 1.9625925999999999e-01
1.9562500000000000e+00 1.9625672999999999e-01
1.9624999999999999e+00 1.9625405000000001e-01
1.9687500000000000e+00 1.9625535000000000e-01
1.9750000000000001e+00 1.9625423000000000e-01
1.9812500000000000e+00 1.9625522000000001e-01
1.9875000000000000e+00 1.9625733000000001e-01
1.9937499999999999e+00 1.9625759000000001e-01
2.0000000000000000e+00 1.9625893000000000e-01
2.0062500000000001e+00 1.9626293000000000e-01
2.0125000000000002e+00 1.9626182000000000e-01
2.0187499999999998e+00 1.9626061000000000e-01
2.0249999999999999e+00 1.9625938000000001e-01
2.0312500000000000e+00 1.9625977000000000e-01
2.0375000000000001e+00 1.9625804999999999e-01
2.0437500000000002e+00 1.9625656999999999e-01
2.0499999999999998e+00 1.9625861999999999e-01
2.0562499999999999e+00 1.9625736999999999e-01
2.0625000000000000e+00 1.9625808000000000e-01
2.0687500000000001e+00 1.9625699999999999e-01
2.0750000000000002e+00 1.9625326000000001e-01
2.0812499999999998e+00 1.9625375000000000e-01
2.0874999999999999e+00 1.9625244000000000e-01
2.0937500000000000e+00 1.9625343000000001e-01
2.1000000000000001e+00 1.9625401000000001e-01
2.1062500000000002e+00 1.9625717000000001e-01
2.1124999999999998e+00 1.9625733000000001e-01
2.1187499999999999e+00 1.9626220999999999e-01
2.1250000000000000e+00 1.9625830000000000e-01
2.1312500000000001e+00 1.9625719000000000e-01
2.1375000000000002e+00 1.9625698999999999e-01
2.1437499999999998e+00 1.9625756000000000e-01
2.1499999999999999e+00 1.9625897000000000e-01
2.1562500000000000e+00 1.9625834000000000e-01
2.1625000000000001e+00 1.9625906000000001e-01
2.1687500000000002e+00 1.9625822000000001e-01
2.1749999999999998e+00 1.9625909999999999e-01
2.1812499999999999e+00 1.9625693999999999e-01
2.1875000000000000e+00 1.9625195000000001e-01
2.1937500000000001e+00 1.9625354000000000e-01
2.2000000000000002e+00 1.9625369000000001e-01
2.2062499999999998e+00 1.9625355000000000e-01
2.2124999999999999e+00 1.9625432000000001e-01
2.2187500000000000e+00 1.9625486000000000e-01
2.2250000000000001e+00 1.9625344000000000e-01
2.2312500000000002e+00 1.9625506000000001e-01
2.2374999999999998e+00 1.9625683999999999e-01
2.2437499999999999e+00 1.9625777000000000e-01
2.2500000000000000e+00 1.9625683999999999e-01
2.2562500000000001e+00 1.9625722000000001e-01
2.2625000000000002e+00 1.9625823000000001e-01
2.2687499999999998e+00 1.9625770000000001e-01
2.2749999999999999e+00 1.9625996000000001e-01
2.2812500000000000e+00 1.9626349000000001e-01
2.2875000000000001e+00 1.9625772000000000e-01
2.2937500000000002e+00 1.9625553000000001e-01
2.2999999999999998e+00 1.9625579000000001e-01
2.3062499999999999e+00 1.9625576000000000e-01
2.3125000000000000e+00 1.9625614000000000e-01
2.3187500000000001e+00 1.9625419000000000e-01
2.3250000000000002e+00 1.9625524999999999e-01
2.3312499999999998e+00 1.9625640000000000e-01
2.3374999999999999e+00 1.9625395000000001e-01
2.3437500000000000e+00 1.9625517000000001e-01
2.3500000000000001e+00 1.9625326000000001e-01
2.3562500000000002e+00 1.9625197999999999e-01
2.3624999999999998e+00 1.9625343000000001e-01
2.3687499999999999e+00 1.9625390000000001e-01
2.3750000000000000e+00 1.9625603999999999e-01
2.3812500000000001e+00 1.9626029000000000e-01
2.3875000000000002e+00 1.9626117000000001e-01
2.3937499999999998e+00 1.9626008000000000e-01
2.3999999999999999e+00 1.9625755000000000e-01
2.4062500000000000e+00 1.9625714000000000e-01
2.4125000000000001e+00 1.9625782999999999e-01
2.4187500000000002e+00 1.9625761999999999e-01
2.4249999999999998e+00 1.9625640999999999e-01
2.4312499999999999e+00 1.9625711000000001e-01
2.4375000000000000e+00 1.9625849000000001e-01
2.4437500000000001e+00 1.9625867999999999e-01
2.4500000000000002e+00 1.9625412000000000e-01
2.4562499999999998e+00 1.9625595000000001e-01
2.4624999999999999e+00 1.9625229000000000e-01
2.4687500000000000e+00 1.9625348000000001e-01
2.4750000000000001e+00 1.9625466999999999e-01
2.4812500000000002e+00 1.9625598999999999e-01
2.4874999999999998e+00 1.9625540999999999e-01
2.4937499999999999e+00 1.9625889999999999e-01
2.5000000000000000e+00 1.9625688999999999e-01
2.5062500000000001e+00 1.9625947999999999e-01
2.5125000000000002e+00 1.9625724999999999e-01
2.5187499999999998e+00 1.9625756000000000e-01
2.5249999999999999e+00 1.9625902000000001e-01
2.5312500000000000e+00 1.9625898000000000e-01
2.5375000000000001e+00 1.9625793000000000e-01
2.5437500000000002e+00 1.9625954000000001e-01
2.5499999999999998e+00 1.9625978999999999e-01
2.5562499999999999e+00 1.9625693999999999e-01
2.5625000000000000e+00 1.9625919000000000e-01
2.5687500000000001e+00 1.9625745000000000e-01
2.5750000000000002e+00 1.9625604999999999e-01
2.5812499999999998e+00 1.9625442000000001e-01
2.5874999999999999e+00 1.9625442000000001e-01
2.5937500000000000e+00 1.9625409999999999e-01
2.6000000000000001e+00 1.9625661999999999e-01
2.6062500000000002e+00 1.9625740000000000e-01
2.6124999999999998e+00 1.9625846000000000e-01
2.6187499999999999e+00 1.9625777999999999e-01
2.6250000000000000e+00 1.9625835000000000e-01
2.6312500000000001e+00 1.9625772000000000e-01
2.6375000000000002e+00 1.9625782999999999e-01
2.6437499999999998e+00 1.9625746999999999e-01
2.6499999999999999e+00 1.9625785000000001e-01
2.6562500000000000e+00 1.9625999999999999e-01
2.6625000000000001e+00 1.9625812000000001e-01
2.6687500000000002e+00 1.9625714999999999e-01
2.6749999999999998e+00 1.9626009000000000e-01
2.6812499999999999e+00 1.9626051000000000e-01
2.6875000000000000e+00 1.9625725999999999e-01
2.6937500000000001e+00 1.9625756000000000e-01
2.7000000000000002e+00 1.9625756000000000e-01
2.7062499999999998e+00 1.9625735999999999e-01
2.7124999999999999e+00 1.9625567999999999e-01
2.7187500000000000e+00 1.9625540000000000e-01
2.7250000000000001e+00 1.9625513000000000e-01
2.7312500000000002e+00 1.9625591000000001e-01
2.7374999999999998e+00 1.9625699999999999e-01
2.7437499999999999e+00 1.9625965000000001e-01
2.7500000000000000e+00 1.9625897000000000e-01
2.7562500000000001e+00 1.9625966000000000e-01
2.7625000000000002e+00 1.9626081000000001e-01
2.7687499999999998e+00 1.9625934000000000e-01
2.7749999999999999e+00 1.9625867999999999e-01
2.7812500000000000e+00 1.9625697000000000e-01
2.7875000000000001e+00 1.9625549000000000e-01
2.7937500000000002e+00 1.9625714999999999e-01
2.7999999999999998e+00 1.9626003000000000e-01
2.8062499999999999e+00 1.9626029000000000e-01
2.8125000000000000e+00 1.9625856999999999e-01
2.8187500000000001e+00 1.9625930999999999e-01
2.8250000000000002e+00 1.9625971000000000e-01
2.8312499999999998e+00 1.9625608999999999e-01
2.8374999999999999e+00 1.9625511000000001e-01
2.8437500000000000e+00 1.9625382999999999e-01
2.8500000000000001e+00 1.9625609999999999e-01
2.8562500000000002e+00 1.9625577999999999e-01
2.8624999999999998e+00 1.9625674000000001e-01
2.8687499999999999e+00 1.9625866000000000e-01
2.8750000000000000e+00 1.9625914999999999e-01
2.8812500000000001e+00 1.9626139000000001e-01
2.8875000000000002e+00 1.9626125999999999e-01
2.8937499999999998e+00 1.9625880000000001e-01
2.8999999999999999e+00 1.9625857999999999e-01
2.9062500000000000e+00 1.9625780000000001e-01
2.9125000000000001e+00 1.9625661999999999e-01
2.9187500000000002e+00 1.9625743000000001e-01
2.9249999999999998e+00 1.9625751000000000e-01
2.9312499999999999e+00 1.9626004000000000e-01
2.9375000000000000e+00 1.9626054000000001e-01
2.9437500000000001e+00 1.9625919999999999e-01
2.9500000000000002e+00 1.9625819000000000e-01
2.9562499999999998e+00 1.9625600000000001e-01
2.9624999999999999e+00 1.9625560000000000e-01
2.9687500000000000e+00 1.9625577000000000e-01
2.9750000000000001e+00 1.9625628000000001e-01
2.9812500000000002e+00 1.9625586000000000e-01
2.9874999999999998e+00 1.9625612000000001e-01
2.9937499999999999e+00 1.9625695000000001e-01
3.0000000000000000e+00 1.9625899999999999e-01
