1.2500000000000001e-02 1.9588306999999999e-01
2.5000000000000001e-02 1.9577936000000001e-01
3.7499999999999999e-02 1.9574259999999999e-01
5.0000000000000003e-02 1.9573345000000000e-01
6.2500000000000000e-02 1.9573615000000000e-01
7.4999999999999997e-02 1.9574131000000000e-01
8.7499999999999994e-02 1.9574424000000001e-01
1.0000000000000001e-01 1.9574573000000001e-01
1.1250000000000000e-01 1.9574354999999999e-01
1.2500000000000000e-01 1.9574721000000000e-01
1.3750000000000001e-01 1.9576170000000001e-01
1.4999999999999999e-01 1.9575282999999999e-01
1.6250000000000001e-01 1.9575602000000000e-01
1.7499999999999999e-01 1.9575945000000000e-01
1.8750000000000000e-01 1.9576346999999999e-01
2.0000000000000001e-01 1.9576929000000001e-01
2.1249999999999999e-01 1.9578218000000000e-01
2.2500000000000001e-01 1.9577236000000001e-01
2.3749999999999999e-01 1.9577758000000001e-01
2.5000000000000000e-01 1.9579210999999999e-01
2.6250000000000001e-01 1.9578592000000000e-01
2.7500000000000002e-01 1.9579784000000000e-01
2.8749999999999998e-01 1.9580004000000001e-01
2.9999999999999999e-01 1.9580175000000000e-01
3.1250000000000000e-01 1.9580945000000000e-01
3.2500000000000001e-01 1.9580687999999999e-01
3.3750000000000002e-01 1.9580691000000000e-01
3.4999999999999998e-01 1.9581145999999999e-01
3.6249999999999999e-01 1.9582345000000001e-01
3.7500000000000000e-01 1.9581357999999999e-01
3.8750000000000001e-01 1.9579662000000000e-01
4.0000000000000002e-01 1.9578736999999999e-01
4.1249999999999998e-01 1.9577817000000000e-01
4.2499999999999999e-01 1.9577302999999999e-01
4.3750000000000000e-01 1.9575509999999999e-01
4.5000000000000001e-01 1.9575623000000000e-01
4.6250000000000002e-01 1.9574370999999999e-01
4.7499999999999998e-01 1.9573778999999999e-01
4.8749999999999999e-01 1.9574894000000001e-01
5.0000000000000000e-01 1.9576140000000000e-01
5.1249999999999996e-01 1.9573355000000001e-01
5.2500000000000002e-01 1.9572496000000000e-01
5.3749999999999998e-01 1.9573539000000001e-01
5.5000000000000004e-01 1.9573020999999999e-01
5.6250000000000000e-01 1.9574203000000001e-01
5.7499999999999996e-01 1.9572585000000001e-01
5.8750000000000002e-01 1.9573314999999999e-01
5.9999999999999998e-01 1.9574538000000000e-01
6.1250000000000004e-01 1.9573988000000000e-01
6.2500000000000000e-01 1.9577317999999999e-01
6.3749999999999996e-01 1.9576170000000001e-01
6.5000000000000002e-01 1.9576278999999999e-01
6.6249999999999998e-01 1.9577947000000001e-01
6.7500000000000004e-01 1.9579268999999999e-01
6.8750000000000000e-01 1.9580541000000001e-01
6.9999999999999996e-01 1.9581731999999999e-01
7.1250000000000002e-01 1.9581322000000001e-01
7.2499999999999998e-01 1.9580201000000000e-01
7.3750000000000004e-01 1.9581174000000001e-01
7.5000000000000000e-01 1.9580555999999999e-01
7.6249999999999996e-01 1.9581439000000000e-01
7.7500000000000002e-01 1.9578942999999999e-01
7.8749999999999998e-01 1.9578412000000001e-01
8.0000000000000004e-01 1.9577863000000001e-01
8.1250000000000000e-01 1.9577206999999999e-01
8.2499999999999996e-01 1.9579097000000001e-01
8.3750000000000002e-01 1.9580306000000000e-01
8.4999999999999998e-01 1.9583324999999999e-01
8.6250000000000004e-01 1.9579548999999999e-01
8.7500000000000000e-01 1.9578751999999999e-01
8.8749999999999996e-01 1.9582993000000001e-01
9.0000000000000002e-01 1.9584228000000001e-01
9.1249999999999998e-01 1.9583333999999999e-01
9.2500000000000004e-01 1.9582993000000001e-01
9.3750000000000000e-01 1.9582194000000000e-01
9.4999999999999996e-01 1.9582747000000000e-01
9.6250000000000002e-01 1.9586368000000001e-01
9.7499999999999998e-01 1.9590419000000001e-01
9.8750000000000004e-01 1.9586951999999999e-01
1.0000000000000000e+00 1.9588991000000000e-01
1.0125000000000000e+00 1.9587202000000001e-01
1.0249999999999999e+00 1.9584719000000000e-01
1.0375000000000001e+00 1.9583690000000001e-01
1.0500000000000000e+00 1.9583382999999999e-01
1.0625000000000000e+00 1.9584234000000000e-01
1.0750000000000000e+00 1.9573757000000000e-01
1.0874999999999999e+00 1.9573333000000001e-01
1.1000000000000001e+00 1.9577517999999999e-01
1.1125000000000000e+00 1.9581113999999999e-01
1.1250000000000000e+00 1.9585614000000001e-01
1.1375000000000000e+00 1.9587400999999999e-01
1.1499999999999999e+00 1.9588306999999999e-01
1.1625000000000001e+00 1.9588663000000001e-01
1.1750000000000000e+00 1.9588986000000000e-01
1.1875000000000000e+00 1.9583496000000000e-01
1.2000000000000000e+00 1.9581736000000000e-01
1.2124999999999999e+00 1.9582495000000000e-01
1.2250000000000001e+00 1.9582624000000001e-01
1.2375000000000000e+00 1.9580844000000000e-01
1.2500000000000000e+00 1.9578201000000001e-01
1.2625000000000000e+00 1.9578245000000000e-01
1.2749999999999999e+00 1.9556098000000000e-01
1.2875000000000001e+00 1.9559842999999999e-01
1.3000000000000000e+00 1.9565175000000001e-01
1.3125000000000000e+00 1.9575719000000000e-01
1.3250000000000000e+00 1.9576776000000001e-01
1.3374999999999999e+00 1.9580196999999999e-01
1.3500000000000001e+00 1.9581591000000001e-01
1.3625000000000000e+00 1.9582303000000001e-01
1.3750000000000000e+00 1.9580175999999999e-01
1.3875000000000000e+00 1.9571823999999999e-01
1.3999999999999999e+00 1.9575403000000000e-01
1.4125000000000001e+00 1.9579750000000001e-01
1.4250000000000000e+00 1.9581486000000001e-01
1.4375000000000000e+00 1.9586112999999999e-01
1.4500000000000000e+00 1.9574942000000001e-01
1.4624999999999999e+00 1.9573217000000001e-01
1.4750000000000001e+00 1.9576700999999999e-01
1.4875000000000000e+00 1.9583671999999999e-01
1.5000000000000000e+00 1.9589102999999999e-01
1.5125000000000000e+00 1.9591259000000000e-01
1.5249999999999999e+00 1.9593432000000000e-01
1.5375000000000001e+00 1.9594196000000000e-01
1.5500000000000000e+00 1.9592713000000000e-01
1.5625000000000000e+00 1.9587109000000000e-01
1.5750000000000000e+00 1.9571160000000001e-01
1.5874999999999999e+00 1.9574453000000000e-01
1.6000000000000001e+00 1.9581817000000001e-01
1.6125000000000000e+00 1.9586228000000000e-01
1.6250000000000000e+00 1.9587578999999999e-01
1.6375000000000000e+00 1.9587847999999999e-01
1.6499999999999999e+00 1.9588449999999999e-01
1.6625000000000001e+00 1.9585874000000000e-01
1.6750000000000000e+00 1.9576626999999999e-01
1.6875000000000000e+00 1.9582239000000001e-01
1.7000000000000000e+00 1.9587033000000001e-01
1.7124999999999999e+00 1.9591738000000000e-01
1.7250000000000001e+00 1.9597962999999999e-01
1.7375000000000000e+00 1.9602769000000000e-01
1.7500000000000000e+00 1.9593679000000000e-01
1.7625000000000000e+00 1.9591151000000001e-01
1.7749999999999999e+00 1.9587767000000000e-01
1.7875000000000001e+00 1.9587409000000000e-01
1.8000000000000000e+00 1.9587165000000001e-01
1.8125000000000000e+00 1.9588332000000000e-01
1.8250000000000000e+00 1.9587122000000001e-01
1.8374999999999999e+00 1.9583004000000001e-01
1.8500000000000001e+00 1.9569207000000000e-01
1.8625000000000000e+00 1.9562565000000001e-01
1.8750000000000000e+00 1.9570445000000000e-01
1.8875000000000000e+00 1.9587484999999999e-01
1.8999999999999999e+00 1.9588247000000000e-01
1.9125000000000001e+00 1.9592647999999999e-01
1.9250000000000000e+00 1.9595604999999999e-01
1.9375000000000000e+00 1.9595763999999999e-01
1.9500000000000000e+00 1.9595591000000001e-01
1.9624999999999999e+00 1.9584119999999999e-01
1.9750000000000001e+00 1.9581649000000001e-01
1.9875000000000000e+00 1.9589793000000000e-01
2.0000000000000000e+00 1.9594965000000000e-01
2.0125000000000002e+00 1.9592859000000001e-01
2.0249999999999999e+00 1.9592308999999999e-01
2.0375000000000001e+00 1.9588960999999999e-01
2.0499999999999998e+00 1.9587526999999999e-01
2.0625000000000000e+00 1.9576210999999999e-01
2.0750000000000002e+00 1.9567435999999999e-01
2.0874999999999999e+00 1.9570071000000000e-01
2.1000000000000001e+00 1.9579307000000001e-01
2.1124999999999998e+00 1.9584777000000000e-01
2.1250000000000000e+00 1.9585174999999999e-01
2.1375000000000002e+00 1.9587321999999999e-01
2.1499999999999999e+00 1.9585859999999999e-01
2.1625000000000001e+00 1.9586660000000000e-01
2.1749999999999998e+00 1.9589914999999999e-01
2.1875000000000000e+00 1.9579495999999999e-01
2.2000000000000002e+00 1.9582721000000000e-01
2.2124999999999999e+00 1.9589687000000000e-01
2.2250000000000001e+00 1.9592140999999999e-01
2.2374999999999998e+00 1.9591243999999999e-01
2.2500000000000000e+00 1.9590474999999999e-01
2.2625000000000002e+00 1.9588707999999999e-01
2.2749999999999999e+00 1.9590336999999999e-01
2.2875000000000001e+00 1.9583317000000000e-01
2.2999999999999998e+00 1.9573310999999999e-01
2.3125000000000000e+00 1.9573651000000000e-01
2.3250000000000002e+00 1.9580750999999999e-01
2.3374999999999999e+00 1.9586234000000000e-01
2.3500000000000001e+00 1.9583983999999999e-01
2.3624999999999998e+00 1.9584281000000001e-01
2.3750000000000000e+00 1.9584624000000000e-01
2.3875000000000002e+00 1.9584424000000000e-01
2.3999999999999999e+00 1.9586201000000000e-01
2.4125000000000001e+00 1.9581418000000000e-01
2.4249999999999998e+00 1.9577375999999999e-01
2.4375000000000000e+00 1.9583106000000000e-01
2.4500000000000002e+00 1.9588876999999999e-01
2.4624999999999999e+00 1.9589488999999999e-01
2.4750000000000001e+00 1.9590117000000001e-01
2.4874999999999998e+00 1.9589941999999999e-01
2.5000000000000000e+00 1.9588602999999999e-01
2.5125000000000002e+00 1.9590030999999999e-01
2.5249999999999999e+00 1.9581650000000000e-01
2.5375000000000001e+00 1.9582388000000001e-01
2.5499999999999998e+00 1.9581233000000001e-01
2.5625000000000000e+00 1.9581154000000001e-01
2.5750000000000002e+00 1.9586290000000001e-01
2.5874999999999999e+00 1.9586519999999999e-01
2.6000000000000001e+00 1.9586463000000001e-01
2.6124999999999998e+00 1.9586480000000001e-01
2.6250000000000000e+00 1.9585431000000000e-01
2.6375000000000002e+00 1.9584156000000000e-01
2.6499999999999999e+00 1.9586112000000000e-01
2.6625000000000001e+00 1.9580685000000000e-01
2.6749999999999998e+00 1.9576714000000001e-01
2.6875000000000000e+00 1.9581960000000001e-01
2.7000000000000002e+00 1.9585089999999999e-01
2.7124999999999999e+00 1.9585525000000001e-01
2.7250000000000001e+00 1.9587853000000000e-01
2.7374999999999998e+00 1.9588685000000000e-01
2.7500000000000000e+00 1.9587942999999999e-01
2.7625000000000002e+00 1.9586845999999999e-01
2.7749999999999999e+00 1.9588936000000001e-01
2.7875000000000001e+00 1.9578160000000000e-01
2.7999999999999998e+00 1.9581910000000000e-01
2.8125000000000000e+00 1.9586676000000000e-01
2.8250000000000002e+00 1.9587060000000001e-01
2.8374999999999999e+00 1.9587885999999999e-01
2.8500000000000001e+00 1.9587690999999999e-01
2.8624999999999998e+00 1.9588000000000000e-01
2.8750000000000000e+00 1.9587068999999999e-01
2.8875000000000002e+00 1.9586840999999999e-01
2.8999999999999999e+00 1.9584793000000000e-01
2.9125000000000001e+00 1.9587050000000000e-01
2.9249999999999998e+00 1.9577486999999999e-01
2.9375000000000000e+00 1.9581356000000000e-01
2.9500000000000002e+00 1.9584770000000001e-01
2.9624999999999999e+00 1.9583875000000001e-01
2.9750000000000001e+00 1.9585126999999999e-01
2.9874999999999998e+00 1.9587802000000001e-01
3.0000000000000000e+00 1.9587286000000001e-01
