4.3364770000000000e-03 0.0000000000000000e+00
9.3872399999999998e-03 0.0000000000000000e+00
1.4437999999999999e-02 0.0000000000000000e+00
1.9488769999999999e-02 0.0000000000000000e+00
2.4539530000000000e-02 0.0000000000000000e+00
2.9590290000000002e-02 0.0000000000000000e+00
3.4641050000000000e-02 0.0000000000000000e+00
3.9691820000000003e-02 0.0000000000000000e+00
4.4742579999999997e-02 0.0000000000000000e+00
4.9793339999999998e-02 0.0000000000000000e+00
5.4844100000000000e-02 0.0000000000000000e+00
5.9894870000000003e-02 0.0000000000000000e+00
6.4945630000000004e-02 0.0000000000000000e+00
6.9996390000000006e-02 0.0000000000000000e+00
7.5047160000000002e-02 0.0000000000000000e+00
8.0097920000000003e-02 0.0000000000000000e+00
8.5148680000000004e-02 0.0000000000000000e+00
9.0199440000000006e-02 0.0000000000000000e+00
9.5250210000000002e-02 0.0000000000000000e+00
1.0030100000000000e-01 0.0000000000000000e+00
1.0535170000000001e-01 0.0000000000000000e+00
1.1040250000000000e-01 0.0000000000000000e+00
1.1545329999999999e-01 0.0000000000000000e+00
1.2050400000000000e-01 0.0000000000000000e+00
1.2555479999999999e-01 0.0000000000000000e+00
1.3060550000000001e-01 0.0000000000000000e+00
1.3565630000000001e-01 0.0000000000000000e+00
1.4070710000000000e-01 0.0000000000000000e+00
1.4575779999999999e-01 0.0000000000000000e+00
1.5080859999999999e-01 0.0000000000000000e+00
1.5585940000000001e-01 0.0000000000000000e+00
1.6091010000000000e-01 0.0000000000000000e+00
1.6596089999999999e-01 0.0000000000000000e+00
1.7101160000000001e-01 0.0000000000000000e+00
1.7606240000000001e-01 0.0000000000000000e+00
1.8111320000000000e-01 0.0000000000000000e+00
1.8616389999999999e-01 0.0000000000000000e+00
1.9121469999999999e-01 0.0000000000000000e+00
1.9626550000000001e-01 0.0000000000000000e+00
2.0131620000000000e-01 0.0000000000000000e+00
2.0636699999999999e-01 0.0000000000000000e+00
2.1141769999999999e-01 0.0000000000000000e+00
2.1646850000000001e-01 0.0000000000000000e+00
2.2151930000000000e-01 0.0000000000000000e+00
2.2656999999999999e-01 0.0000000000000000e+00
2.3162079999999999e-01 0.0000000000000000e+00
2.3667160000000001e-01 0.0000000000000000e+00
2.4172230000000000e-01 0.0000000000000000e+00
2.4677310000000000e-01 0.0000000000000000e+00
2.5182389999999999e-01 0.0000000000000000e+00
2.5687460000000001e-01 0.0000000000000000e+00
2.6192539999999997e-01 0.0000000000000000e+00
2.6697609999999999e-01 0.0000000000000000e+00
2.7202690000000002e-01 0.0000000000000000e+00
2.7707769999999998e-01 0.0000000000000000e+00
2.8212840000000000e-01 0.0000000000000000e+00
2.8717920000000002e-01 0.0000000000000000e+00
2.9222999999999999e-01 0.0000000000000000e+00
2.9728070000000001e-01 0.0000000000000000e+00
3.0233149999999998e-01 0.0000000000000000e+00
3.0738219999999999e-01 0.0000000000000000e+00
3.1243300000000002e-01 0.0000000000000000e+00
3.1748379999999998e-01 0.0000000000000000e+00
3.2253450000000000e-01 0.0000000000000000e+00
3.2758530000000002e-01 0.0000000000000000e+00
3.3263609999999999e-01 0.0000000000000000e+00
3.3768680000000001e-01 0.0000000000000000e+00
3.4273759999999998e-01 0.0000000000000000e+00
3.4778829999999999e-01 0.0000000000000000e+00
3.5283910000000002e-01 0.0000000000000000e+00
3.5788989999999998e-01 0.0000000000000000e+00
3.6294060000000000e-01 0.0000000000000000e+00
3.6799140000000002e-01 0.0000000000000000e+00
3.7304219999999999e-01 0.0000000000000000e+00
3.7809290000000001e-01 0.0000000000000000e+00
3.8314369999999998e-01 0.0000000000000000e+00
3.8819440000000000e-01 0.0000000000000000e+00
3.9324520000000002e-01 0.0000000000000000e+00
3.9829599999999998e-01 0.0000000000000000e+00
4.0334670000000000e-01 0.0000000000000000e+00
4.0839750000000002e-01 0.0000000000000000e+00
4.1344829999999999e-01 0.0000000000000000e+00
4.1849900000000001e-01 0.0000000000000000e+00
4.2354979999999998e-01 0.0000000000000000e+00
4.2860050000000000e-01 0.0000000000000000e+00
4.3365130000000002e-01 0.0000000000000000e+00
4.3870209999999998e-01 0.0000000000000000e+00
4.4375280000000000e-01 0.0000000000000000e+00
4.4880360000000002e-01 0.0000000000000000e+00
4.5385439999999999e-01 0.0000000000000000e+00
4.5890510000000001e-01 0.0000000000000000e+00
4.6395589999999998e-01 0.0000000000000000e+00
4.6900660000000000e-01 0.0000000000000000e+00
4.7405740000000002e-01 0.0000000000000000e+00
4.7910819999999998e-01 0.0000000000000000e+00
4.8415890000000000e-01 0.0000000000000000e+00
4.8920970000000003e-01 0.0000000000000000e+00
4.9426049999999999e-01 0.0000000000000000e+00
4.9931120000000001e-01 0.0000000000000000e+00
5.0436199999999998e-01 0.0000000000000000e+00
5.0941270000000005e-01 0.0000000000000000e+00
5.1446349999999996e-01 0.0000000000000000e+00
5.1951429999999998e-01 0.0000000000000000e+00
5.2456499999999995e-01 0.0000000000000000e+00
5.2961579999999997e-01 0.0000000000000000e+00
5.3466659999999999e-01 0.0000000000000000e+00
5.3971729999999996e-01 0.0000000000000000e+00
5.4476809999999998e-01 0.0000000000000000e+00
5.4981890000000000e-01 0.0000000000000000e+00
5.5486959999999996e-01 0.0000000000000000e+00
5.5992039999999998e-01 0.0000000000000000e+00
5.6497109999999995e-01 0.0000000000000000e+00
5.7002189999999997e-01 0.0000000000000000e+00
5.7507269999999999e-01 0.0000000000000000e+00
5.8012339999999996e-01 0.0000000000000000e+00
5.8517419999999998e-01 0.0000000000000000e+00
5.9022500000000000e-01 0.0000000000000000e+00
5.9527569999999996e-01 0.0000000000000000e+00
6.0032649999999999e-01 0.0000000000000000e+00
6.0537719999999995e-01 0.0000000000000000e+00
6.1042799999999997e-01 0.0000000000000000e+00
6.1547879999999999e-01 0.0000000000000000e+00
6.2052949999999996e-01 0.0000000000000000e+00
6.2558029999999998e-01 0.0000000000000000e+00
6.3063110000000000e-01 0.0000000000000000e+00
6.3568179999999996e-01 0.0000000000000000e+00
6.4073259999999999e-01 0.0000000000000000e+00
6.4578329999999995e-01 0.0000000000000000e+00
6.5083409999999997e-01 0.0000000000000000e+00
6.5588489999999999e-01 0.0000000000000000e+00
6.6093559999999996e-01 0.0000000000000000e+00
6.6598639999999998e-01 0.0000000000000000e+00
6.7103720000000000e-01 0.0000000000000000e+00
6.7608789999999996e-01 0.0000000000000000e+00
6.8113869999999999e-01 0.0000000000000000e+00
6.8618939999999995e-01 0.0000000000000000e+00
6.9124019999999997e-01 0.0000000000000000e+00
6.9629099999999999e-01 0.0000000000000000e+00
7.0134169999999996e-01 0.0000000000000000e+00
7.0639249999999998e-01 0.0000000000000000e+00
7.1144330000000000e-01 0.0000000000000000e+00
7.1649399999999996e-01 0.0000000000000000e+00
7.2154479999999999e-01 0.0000000000000000e+00
7.2659549999999995e-01 0.0000000000000000e+00
7.3164629999999997e-01 0.0000000000000000e+00
7.3669709999999999e-01 0.0000000000000000e+00
7.4174779999999996e-01 0.0000000000000000e+00
7.4679859999999998e-01 0.0000000000000000e+00
7.5184940000000000e-01 0.0000000000000000e+00
7.5690009999999996e-01 0.0000000000000000e+00
7.6195089999999999e-01 0.0000000000000000e+00
7.6700159999999995e-01 0.0000000000000000e+00
7.7205239999999997e-01 0.0000000000000000e+00
7.7710319999999999e-01 0.0000000000000000e+00
7.8215389999999996e-01 0.0000000000000000e+00
7.8720469999999998e-01 0.0000000000000000e+00
7.9225550000000000e-01 0.0000000000000000e+00
7.9730619999999996e-01 0.0000000000000000e+00
8.0235699999999999e-01 0.0000000000000000e+00
8.0740769999999995e-01 0.0000000000000000e+00
8.1245849999999997e-01 0.0000000000000000e+00
8.1750929999999999e-01 0.0000000000000000e+00
8.2255999999999996e-01 0.0000000000000000e+00
8.2761079999999998e-01 0.0000000000000000e+00
8.3266160000000000e-01 0.0000000000000000e+00
8.3771229999999997e-01 0.0000000000000000e+00
8.4276309999999999e-01 0.0000000000000000e+00
8.4781390000000001e-01 0.0000000000000000e+00
8.5286459999999997e-01 0.0000000000000000e+00
8.5791539999999999e-01 0.0000000000000000e+00
8.6296609999999996e-01 0.0000000000000000e+00
8.6801689999999998e-01 0.0000000000000000e+00
8.7306770000000000e-01 0.0000000000000000e+00
8.7811839999999997e-01 0.0000000000000000e+00
8.8316919999999999e-01 0.0000000000000000e+00
8.8822000000000001e-01 0.0000000000000000e+00
8.9327069999999997e-01 0.0000000000000000e+00
8.9832150000000000e-01 0.0000000000000000e+00
9.0337219999999996e-01 0.0000000000000000e+00
9.0842299999999998e-01 0.0000000000000000e+00
9.1347380000000000e-01 0.0000000000000000e+00
9.1852449999999997e-01 0.0000000000000000e+00
9.2357529999999999e-01 0.0000000000000000e+00
9.2862610000000001e-01 0.0000000000000000e+00
9.3367679999999997e-01 0.0000000000000000e+00
9.3872760000000000e-01 0.0000000000000000e+00
9.4377829999999996e-01 0.0000000000000000e+00
9.4882909999999998e-01 0.0000000000000000e+00
9.5387990000000000e-01 0.0000000000000000e+00
9.5893059999999997e-01 0.0000000000000000e+00
9.6398139999999999e-01 0.0000000000000000e+00
9.6903220000000001e-01 0.0000000000000000e+00
9.7408289999999997e-01 0.0000000000000000e+00
9.7913370000000000e-01 0.0000000000000000e+00
9.8418439999999996e-01 0.0000000000000000e+00
9.8923519999999998e-01 0.0000000000000000e+00
9.9428600000000000e-01 0.0000000000000000e+00
9.9933669999999997e-01 0.0000000000000000e+00
1.0043869999999999e+00 0.0000000000000000e+00
1.0094380000000001e+00 0.0000000000000000e+00
1.0144890000000000e+00 0.0000000000000000e+00
1.0195399999999999e+00 0.0000000000000000e+00
1.0245910000000000e+00 0.0000000000000000e+00
1.0296410000000000e+00 0.0000000000000000e+00
1.0346919999999999e+00 0.0000000000000000e+00
1.0397430000000001e+00 0.0000000000000000e+00
1.0447940000000000e+00 0.0000000000000000e+00
1.0498440000000000e+00 0.0000000000000000e+00
1.0548949999999999e+00 0.0000000000000000e+00
1.0599460000000001e+00 0.0000000000000000e+00
1.0649970000000000e+00 0.0000000000000000e+00
1.0700470000000000e+00 0.0000000000000000e+00
1.0750980000000001e+00 0.0000000000000000e+00
1.0801490000000000e+00 0.0000000000000000e+00
1.0851999999999999e+00 0.0000000000000000e+00
1.0902499999999999e+00 0.0000000000000000e+00
1.0953010000000001e+00 0.0000000000000000e+00
1.1003520000000000e+00 0.0000000000000000e+00
1.1054029999999999e+00 0.0000000000000000e+00
1.1104540000000001e+00 0.0000000000000000e+00
1.1155040000000001e+00 0.0000000000000000e+00
1.1205550000000000e+00 0.0000000000000000e+00
1.1256060000000001e+00 0.0000000000000000e+00
1.1306570000000000e+00 0.0000000000000000e+00
1.1357070000000000e+00 0.0000000000000000e+00
1.1407579999999999e+00 0.0000000000000000e+00
1.1458090000000001e+00 0.0000000000000000e+00
1.1508600000000000e+00 0.0000000000000000e+00
1.1559100000000000e+00 0.0000000000000000e+00
1.1609609999999999e+00 0.0000000000000000e+00
1.1660120000000000e+00 0.0000000000000000e+00
1.1710630000000000e+00 0.0000000000000000e+00
1.1761130000000000e+00 0.0000000000000000e+00
1.1811640000000001e+00 0.0000000000000000e+00
1.1862150000000000e+00 0.0000000000000000e+00
1.1912659999999999e+00 0.0000000000000000e+00
1.1963159999999999e+00 0.0000000000000000e+00
1.2013670000000001e+00 0.0000000000000000e+00
1.2064180000000000e+00 0.0000000000000000e+00
1.2114689999999999e+00 0.0000000000000000e+00
1.2165200000000000e+00 0.0000000000000000e+00
1.2215700000000000e+00 0.0000000000000000e+00
1.2266210000000000e+00 0.0000000000000000e+00
1.2316720000000001e+00 0.0000000000000000e+00
1.2367230000000000e+00 0.0000000000000000e+00
1.2417730000000000e+00 0.0000000000000000e+00
1.2468239999999999e+00 0.0000000000000000e+00
1.2518750000000001e+00 0.0000000000000000e+00
1.2569260000000000e+00 0.0000000000000000e+00
1.2619760000000000e+00 0.0000000000000000e+00
1.2670269999999999e+00 0.0000000000000000e+00
1.2720780000000000e+00 0.0000000000000000e+00
1.2771290000000000e+00 0.0000000000000000e+00
1.2821790000000000e+00 0.0000000000000000e+00
1.2872300000000001e+00 0.0000000000000000e+00
1.2922810000000000e+00 0.0000000000000000e+00
1.2973319999999999e+00 0.0000000000000000e+00
1.3023819999999999e+00 0.0000000000000000e+00
1.3074330000000001e+00 0.0000000000000000e+00
1.3124840000000000e+00 0.0000000000000000e+00
1.3175349999999999e+00 0.0000000000000000e+00
1.3225860000000000e+00 0.0000000000000000e+00
1.3276360000000000e+00 0.0000000000000000e+00
1.3326870000000000e+00 0.0000000000000000e+00
1.3377380000000001e+00 0.0000000000000000e+00
1.3427890000000000e+00 0.0000000000000000e+00
1.3478390000000000e+00 0.0000000000000000e+00
1.3528899999999999e+00 0.0000000000000000e+00
1.3579410000000001e+00 0.0000000000000000e+00
1.3629920000000000e+00 0.0000000000000000e+00
1.3680420000000000e+00 0.0000000000000000e+00
1.3730929999999999e+00 0.0000000000000000e+00
1.3781440000000000e+00 0.0000000000000000e+00
1.3831950000000000e+00 0.0000000000000000e+00
1.3882450000000000e+00 0.0000000000000000e+00
1.3932960000000001e+00 0.0000000000000000e+00
1.3983470000000000e+00 0.0000000000000000e+00
1.4033979999999999e+00 0.0000000000000000e+00
1.4084490000000001e+00 0.0000000000000000e+00
1.4134990000000001e+00 0.0000000000000000e+00
1.4185500000000000e+00 0.0000000000000000e+00
1.4236009999999999e+00 0.0000000000000000e+00
1.4286520000000000e+00 0.0000000000000000e+00
1.4337020000000000e+00 0.0000000000000000e+00
1.4387529999999999e+00 0.0000000000000000e+00
1.4438040000000001e+00 0.0000000000000000e+00
1.4488550000000000e+00 0.0000000000000000e+00
1.4539050000000000e+00 0.0000000000000000e+00
1.4589559999999999e+00 0.0000000000000000e+00
1.4640070000000001e+00 0.0000000000000000e+00
1.4690580000000000e+00 0.0000000000000000e+00
1.4741080000000000e+00 0.0000000000000000e+00
1.4791589999999999e+00 0.0000000000000000e+00
1.4842100000000000e+00 0.0000000000000000e+00
1.4892609999999999e+00 0.0000000000000000e+00
1.4943109999999999e+00 0.0000000000000000e+00
1.4993620000000001e+00 0.0000000000000000e+00
1.5044130000000000e+00 0.0000000000000000e+00
1.5094639999999999e+00 0.0000000000000000e+00
1.5145150000000001e+00 0.0000000000000000e+00
1.5195650000000001e+00 0.0000000000000000e+00
1.5246160000000000e+00 0.0000000000000000e+00
1.5296670000000001e+00 0.0000000000000000e+00
1.5347180000000000e+00 0.0000000000000000e+00
1.5397680000000000e+00 0.0000000000000000e+00
1.5448189999999999e+00 0.0000000000000000e+00
1.5498700000000001e+00 0.0000000000000000e+00
1.5549210000000000e+00 0.0000000000000000e+00
1.5599710000000000e+00 0.0000000000000000e+00
1.5650219999999999e+00 0.0000000000000000e+00
1.5700730000000001e+00 0.0000000000000000e+00
1.5751240000000000e+00 0.0000000000000000e+00
1.5801740000000000e+00 0.0000000000000000e+00
1.5852250000000001e+00 0.0000000000000000e+00
1.5902760000000000e+00 0.0000000000000000e+00
1.5953269999999999e+00 0.0000000000000000e+00
1.6003769999999999e+00 0.0000000000000000e+00
1.6054280000000001e+00 0.0000000000000000e+00
1.6104790000000000e+00 0.0000000000000000e+00
1.6155299999999999e+00 0.0000000000000000e+00
1.6205810000000000e+00 0.0000000000000000e+00
1.6256310000000000e+00 0.0000000000000000e+00
1.6306820000000000e+00 0.0000000000000000e+00
1.6357330000000001e+00 0.0000000000000000e+00
1.6407840000000000e+00 0.0000000000000000e+00
1.6458340000000000e+00 0.0000000000000000e+00
1.6508849999999999e+00 0.0000000000000000e+00
1.6559360000000001e+00 0.0000000000000000e+00
1.6609870000000000e+00 0.0000000000000000e+00
1.6660370000000000e+00 0.0000000000000000e+00
1.6710879999999999e+00 0.0000000000000000e+00
1.6761390000000000e+00 0.0000000000000000e+00
1.6811900000000000e+00 0.0000000000000000e+00
1.6862400000000000e+00 0.0000000000000000e+00
1.6912910000000001e+00 0.0000000000000000e+00
1.6963420000000000e+00 0.0000000000000000e+00
1.7013929999999999e+00 0.0000000000000000e+00
1.7064440000000001e+00 0.0000000000000000e+00
1.7114940000000001e+00 0.0000000000000000e+00
1.7165450000000000e+00 0.0000000000000000e+00
1.7215959999999999e+00 0.0000000000000000e+00
1.7266470000000000e+00 0.0000000000000000e+00
1.7316970000000000e+00 0.0000000000000000e+00
1.7367480000000000e+00 0.0000000000000000e+00
1.7417990000000001e+00 0.0000000000000000e+00
1.7468500000000000e+00 0.0000000000000000e+00
1.7519000000000000e+00 0.0000000000000000e+00
1.7569509999999999e+00 0.0000000000000000e+00
1.7620020000000001e+00 0.0000000000000000e+00
1.7670530000000000e+00 0.0000000000000000e+00
1.7721030000000000e+00 0.0000000000000000e+00
1.7771539999999999e+00 0.0000000000000000e+00
1.7822050000000000e+00 0.0000000000000000e+00
1.7872560000000000e+00 0.0000000000000000e+00
1.7923060000000000e+00 0.0000000000000000e+00
1.7973570000000001e+00 0.0000000000000000e+00
1.8024080000000000e+00 0.0000000000000000e+00
1.8074589999999999e+00 0.0000000000000000e+00
1.8125100000000001e+00 0.0000000000000000e+00
1.8175600000000001e+00 0.0000000000000000e+00
1.8226110000000000e+00 0.0000000000000000e+00
1.8276619999999999e+00 0.0000000000000000e+00
1.8327130000000000e+00 0.0000000000000000e+00
1.8377630000000000e+00 0.0000000000000000e+00
1.8428140000000000e+00 0.0000000000000000e+00
1.8478650000000001e+00 0.0000000000000000e+00
1.8529160000000000e+00 0.0000000000000000e+00
1.8579660000000000e+00 0.0000000000000000e+00
1.8630169999999999e+00 0.0000000000000000e+00
1.8680680000000001e+00 0.0000000000000000e+00
1.8731190000000000e+00 0.0000000000000000e+00
1.8781690000000000e+00 0.0000000000000000e+00
1.8832199999999999e+00 0.0000000000000000e+00
1.8882710000000000e+00 0.0000000000000000e+00
1.8933219999999999e+00 0.0000000000000000e+00
1.8983719999999999e+00 0.0000000000000000e+00
1.9034230000000001e+00 0.0000000000000000e+00
1.9084740000000000e+00 0.0000000000000000e+00
1.9135249999999999e+00 0.0000000000000000e+00
1.9185760000000001e+00 0.0000000000000000e+00
1.9236260000000001e+00 0.0000000000000000e+00
1.9286770000000000e+00 0.0000000000000000e+00
1.9337279999999999e+00 0.0000000000000000e+00
1.9387790000000000e+00 0.0000000000000000e+00
1.9438290000000000e+00 0.0000000000000000e+00
1.9488799999999999e+00 0.0000000000000000e+00
1.9539310000000001e+00 0.0000000000000000e+00
1.9589820000000000e+00 0.0000000000000000e+00
1.9640320000000000e+00 0.0000000000000000e+00
1.9690829999999999e+00 0.0000000000000000e+00
1.9741340000000001e+00 0.0000000000000000e+00
1.9791850000000000e+00 0.0000000000000000e+00
1.9842350000000000e+00 0.0000000000000000e+00
1.9892860000000001e+00 0.0000000000000000e+00
1.9943370000000000e+00 0.0000000000000000e+00
1.9993879999999999e+00 0.0000000000000000e+00
2.0044390000000001e+00 0.0000000000000000e+00
2.0094889999999999e+00 0.0000000000000000e+00
2.0145400000000002e+00 0.0000000000000000e+00
2.0195910000000001e+00 0.0000000000000000e+00
2.0246420000000001e+00 0.0000000000000000e+00
2.0296919999999998e+00 0.0000000000000000e+00
2.0347430000000002e+00 0.0000000000000000e+00
2.0397940000000001e+00 0.0000000000000000e+00
2.0448450000000000e+00 0.0000000000000000e+00
2.0498949999999998e+00 0.0000000000000000e+00
2.0549460000000002e+00 0.0000000000000000e+00
2.0599970000000001e+00 0.0000000000000000e+00
2.0650480000000000e+00 0.0000000000000000e+00
2.0700980000000002e+00 0.0000000000000000e+00
2.0751490000000001e+00 0.0000000000000000e+00
2.0802000000000000e+00 0.0000000000000000e+00
2.0852510000000000e+00 0.0000000000000000e+00
2.0903010000000002e+00 0.0000000000000000e+00
2.0953520000000001e+00 0.0000000000000000e+00
2.1004030000000000e+00 0.0000000000000000e+00
2.1054539999999999e+00 0.0000000000000000e+00
2.1105049999999999e+00 0.0000000000000000e+00
2.1155550000000001e+00 0.0000000000000000e+00
2.1206060000000000e+00 0.0000000000000000e+00
2.1256569999999999e+00 0.0000000000000000e+00
2.1307079999999998e+00 0.0000000000000000e+00
2.1357580000000000e+00 0.0000000000000000e+00
2.1408090000000000e+00 0.0000000000000000e+00
2.1458599999999999e+00 0.0000000000000000e+00
2.1509109999999998e+00 0.0000000000000000e+00
2.1559610000000000e+00 0.0000000000000000e+00
2.1610119999999999e+00 0.0000000000000000e+00
2.1660629999999998e+00 0.0000000000000000e+00
2.1711140000000002e+00 0.0000000000000000e+00
2.1761640000000000e+00 0.0000000000000000e+00
2.1812149999999999e+00 0.0000000000000000e+00
2.1862659999999998e+00 0.0000000000000000e+00
2.1913170000000002e+00 0.0000000000000000e+00
2.1963670000000000e+00 0.0000000000000000e+00
2.2014179999999999e+00 0.0000000000000000e+00
2.2064689999999998e+00 0.0000000000000000e+00
2.2115200000000002e+00 0.0000000000000000e+00
2.2165710000000001e+00 0.0000000000000000e+00
2.2216209999999998e+00 0.0000000000000000e+00
2.2266720000000002e+00 0.0000000000000000e+00
2.2317230000000001e+00 0.0000000000000000e+00
2.2367740000000000e+00 0.0000000000000000e+00
2.2418239999999998e+00 0.0000000000000000e+00
2.2468750000000002e+00 0.0000000000000000e+00
2.2519260000000001e+00 0.0000000000000000e+00
2.2569770000000000e+00 0.0000000000000000e+00
2.2620269999999998e+00 0.0000000000000000e+00
2.2670780000000001e+00 0.0000000000000000e+00
2.2721290000000001e+00 0.0000000000000000e+00
2.2771800000000000e+00 0.0000000000000000e+00
2.2822300000000002e+00 0.0000000000000000e+00
2.2872810000000001e+00 0.0000000000000000e+00
2.2923320000000000e+00 0.0000000000000000e+00
2.2973830000000000e+00 0.0000000000000000e+00
2.3024339999999999e+00 0.0000000000000000e+00
2.3074840000000001e+00 0.0000000000000000e+00
2.3125350000000000e+00 0.0000000000000000e+00
2.3175859999999999e+00 0.0000000000000000e+00
2.3226369999999998e+00 0.0000000000000000e+00
2.3276870000000001e+00 0.0000000000000000e+00
2.3327380000000000e+00 0.0000000000000000e+00
2.3377889999999999e+00 0.0000000000000000e+00
2.3428399999999998e+00 0.0000000000000000e+00
2.3478900000000000e+00 0.0000000000000000e+00
2.3529409999999999e+00 0.0000000000000000e+00
2.3579919999999999e+00 0.0000000000000000e+00
2.3630429999999998e+00 0.0000000000000000e+00
2.3680930000000000e+00 0.0000000000000000e+00
2.3731439999999999e+00 0.0000000000000000e+00
2.3781949999999998e+00 0.0000000000000000e+00
2.3832460000000002e+00 0.0000000000000000e+00
2.3882960000000000e+00 0.0000000000000000e+00
2.3933469999999999e+00 0.0000000000000000e+00
2.3983979999999998e+00 0.0000000000000000e+00
2.4034490000000002e+00 0.0000000000000000e+00
2.4085000000000001e+00 0.0000000000000000e+00
2.4135499999999999e+00 0.0000000000000000e+00
2.4186009999999998e+00 0.0000000000000000e+00
2.4236520000000001e+00 0.0000000000000000e+00
2.4287030000000001e+00 0.0000000000000000e+00
2.4337529999999998e+00 0.0000000000000000e+00
2.4388040000000002e+00 0.0000000000000000e+00
2.4438550000000001e+00 0.0000000000000000e+00
2.4489060000000000e+00 0.0000000000000000e+00
2.4539559999999998e+00 0.0000000000000000e+00
2.4590070000000002e+00 0.0000000000000000e+00
2.4640580000000001e+00 0.0000000000000000e+00
2.4691090000000000e+00 0.0000000000000000e+00
2.4741590000000002e+00 0.0000000000000000e+00
2.4792100000000001e+00 0.0000000000000000e+00
2.4842610000000001e+00 0.0000000000000000e+00
2.4893120000000000e+00 0.0000000000000000e+00
2.4943620000000002e+00 0.0000000000000000e+00
2.4994130000000001e+00 0.0000000000000000e+00
2.5044640000000000e+00 0.0000000000000000e+00
2.5095149999999999e+00 0.0000000000000000e+00
2.5145659999999999e+00 0.0000000000000000e+00
2.5196160000000001e+00 0.0000000000000000e+00
2.5246670000000000e+00 0.0000000000000000e+00
2.5297179999999999e+00 0.0000000000000000e+00
2.5347689999999998e+00 0.0000000000000000e+00
2.5398190000000000e+00 0.0000000000000000e+00
2.5448700000000000e+00 0.0000000000000000e+00
2.5499209999999999e+00 0.0000000000000000e+00
2.5549719999999998e+00 0.0000000000000000e+00
2.5600220000000000e+00 0.0000000000000000e+00
2.5650729999999999e+00 0.0000000000000000e+00
2.5701239999999999e+00 0.0000000000000000e+00
2.5751750000000002e+00 0.0000000000000000e+00
2.5802250000000000e+00 0.0000000000000000e+00
2.5852759999999999e+00 0.0000000000000000e+00
2.5903269999999998e+00 0.0000000000000000e+00
2.5953780000000002e+00 0.0000000000000000e+00
2.6004290000000001e+00 0.0000000000000000e+00
2.6054789999999999e+00 0.0000000000000000e+00
2.6105299999999998e+00 0.0000000000000000e+00
2.6155810000000002e+00 0.0000000000000000e+00
2.6206320000000001e+00 0.0000000000000000e+00
2.6256819999999998e+00 0.0000000000000000e+00
2.6307330000000002e+00 0.0000000000000000e+00
2.6357840000000001e+00 0.0000000000000000e+00
2.6408350000000000e+00 0.0000000000000000e+00
2.6458849999999998e+00 0.0000000000000000e+00
2.6509360000000002e+00 0.0000000000000000e+00
2.6559870000000001e+00 0.0000000000000000e+00
2.6610380000000000e+00 0.0000000000000000e+00
2.6660879999999998e+00 0.0000000000000000e+00
2.6711390000000002e+00 0.0000000000000000e+00
2.6761900000000001e+00 0.0000000000000000e+00
2.6812410000000000e+00 0.0000000000000000e+00
2.6862910000000002e+00 0.0000000000000000e+00
2.6913420000000001e+00 0.0000000000000000e+00
2.6963930000000000e+00 0.0000000000000000e+00
2.7014440000000000e+00 0.0000000000000000e+00
2.7064949999999999e+00 0.0000000000000000e+00
2.7115450000000001e+00 0.0000000000000000e+00
2.7165960000000000e+00 0.0000000000000000e+00
2.7216469999999999e+00 0.0000000000000000e+00
2.7266979999999998e+00 0.0000000000000000e+00
2.7317480000000001e+00 0.0000000000000000e+00
2.7367990000000000e+00 0.0000000000000000e+00
2.7418499999999999e+00 0.0000000000000000e+00
2.7469009999999998e+00 0.0000000000000000e+00
2.7519510000000000e+00 0.0000000000000000e+00
2.7570020000000000e+00 0.0000000000000000e+00
2.7620529999999999e+00 0.0000000000000000e+00
2.7671039999999998e+00 0.0000000000000000e+00
2.7721540000000000e+00 0.0000000000000000e+00
2.7772049999999999e+00 0.0000000000000000e+00
2.7822559999999998e+00 0.0000000000000000e+00
2.7873070000000002e+00 0.0000000000000000e+00
2.7923570000000000e+00 0.0000000000000000e+00
2.7974079999999999e+00 0.0000000000000000e+00
2.8024589999999998e+00 0.0000000000000000e+00
2.8075100000000002e+00 0.0000000000000000e+00
2.8125610000000001e+00 0.0000000000000000e+00
2.8176109999999999e+00 0.0000000000000000e+00
2.8226619999999998e+00 0.0000000000000000e+00
2.8277130000000001e+00 0.0000000000000000e+00
2.8327640000000001e+00 0.0000000000000000e+00
2.8378139999999998e+00 0.0000000000000000e+00
2.8428650000000002e+00 0.0000000000000000e+00
2.8479160000000001e+00 0.0000000000000000e+00
2.8529670000000000e+00 0.0000000000000000e+00
2.8580169999999998e+00 0.0000000000000000e+00
2.8630680000000002e+00 0.0000000000000000e+00
2.8681190000000001e+00 0.0000000000000000e+00
2.8731700000000000e+00 0.0000000000000000e+00
2.8782199999999998e+00 0.0000000000000000e+00
2.8832710000000001e+00 0.0000000000000000e+00
2.8883220000000001e+00 0.0000000000000000e+00
2.8933730000000000e+00 0.0000000000000000e+00
2.8984239999999999e+00 0.0000000000000000e+00
2.9034740000000001e+00 0.0000000000000000e+00
2.9085250000000000e+00 0.0000000000000000e+00
2.9135759999999999e+00 0.0000000000000000e+00
2.9186269999999999e+00 0.0000000000000000e+00
2.9236770000000001e+00 0.0000000000000000e+00
2.9287280000000000e+00 0.0000000000000000e+00
2.9337789999999999e+00 0.0000000000000000e+00
2.9388299999999998e+00 0.0000000000000000e+00
2.9438800000000001e+00 0.0000000000000000e+00
2.9489310000000000e+00 0.0000000000000000e+00
2.9539819999999999e+00 0.0000000000000000e+00
2.9590329999999998e+00 0.0000000000000000e+00
2.9640830000000000e+00 0.0000000000000000e+00
2.9691339999999999e+00 0.0000000000000000e+00
2.9741849999999999e+00 0.0000000000000000e+00
2.9792360000000002e+00 0.0000000000000000e+00
2.9842860000000000e+00 0.0000000000000000e+00
2.9893369999999999e+00 0.0000000000000000e+00
2.9943879999999998e+00 0.0000000000000000e+00
2.9994390000000002e+00 0.0000000000000000e+00
3.0044900000000001e+00 0.0000000000000000e+00
3.0095399999999999e+00 0.0000000000000000e+00
3.0145909999999998e+00 0.0000000000000000e+00
3.0196420000000002e+00 0.0000000000000000e+00
3.0246930000000001e+00 0.0000000000000000e+00
3.0297429999999999e+00 0.0000000000000000e+00
3.0347940000000002e+00 0.0000000000000000e+00
3.0398450000000001e+00 0.0000000000000000e+00
3.0448960000000000e+00 0.0000000000000000e+00
3.0499459999999998e+00 0.0000000000000000e+00
3.0549970000000002e+00 0.0000000000000000e+00
3.0600480000000001e+00 0.0000000000000000e+00
3.0650990000000000e+00 0.0000000000000000e+00
3.0701489999999998e+00 0.0000000000000000e+00
3.0752000000000002e+00 0.0000000000000000e+00
3.0802510000000001e+00 0.0000000000000000e+00
3.0853020000000000e+00 0.0000000000000000e+00
3.0903529999999999e+00 0.0000000000000000e+00
3.0954030000000001e+00 0.0000000000000000e+00
3.1004540000000000e+00 0.0000000000000000e+00
3.1055050000000000e+00 0.0000000000000000e+00
3.1105559999999999e+00 0.0000000000000000e+00
3.1156060000000001e+00 0.0000000000000000e+00
3.1206570000000000e+00 0.0000000000000000e+00
3.1257079999999999e+00 0.0000000000000000e+00
3.1307589999999998e+00 0.0000000000000000e+00
3.1358090000000001e+00 0.0000000000000000e+00
3.1408600000000000e+00 0.0000000000000000e+00
3.1459109999999999e+00 0.0000000000000000e+00
3.1509619999999998e+00 0.0000000000000000e+00
3.1560120000000000e+00 0.0000000000000000e+00
3.1610630000000000e+00 0.0000000000000000e+00
3.1661139999999999e+00 0.0000000000000000e+00
3.1711649999999998e+00 0.0000000000000000e+00
3.1762150000000000e+00 0.0000000000000000e+00
3.1812659999999999e+00 0.0000000000000000e+00
3.1863169999999998e+00 0.0000000000000000e+00
3.1913680000000002e+00 0.0000000000000000e+00
3.1964190000000001e+00 0.0000000000000000e+00
3.2014689999999999e+00 0.0000000000000000e+00
3.2065199999999998e+00 0.0000000000000000e+00
3.2115710000000002e+00 0.0000000000000000e+00
3.2166220000000001e+00 0.0000000000000000e+00
3.2216719999999999e+00 0.0000000000000000e+00
3.2267229999999998e+00 0.0000000000000000e+00
3.2317740000000001e+00 0.0000000000000000e+00
3.2368250000000001e+00 0.0000000000000000e+00
3.2418749999999998e+00 0.0000000000000000e+00
3.2469260000000002e+00 0.0000000000000000e+00
3.2519770000000001e+00 0.0000000000000000e+00
3.2570280000000000e+00 0.0000000000000000e+00
3.2620779999999998e+00 0.0000000000000000e+00
3.2671290000000002e+00 0.0000000000000000e+00
3.2721800000000001e+00 0.0000000000000000e+00
3.2772310000000000e+00 0.0000000000000000e+00
3.2822809999999998e+00 0.0000000000000000e+00
3.2873320000000001e+00 0.0000000000000000e+00
3.2923830000000001e+00 0.0000000000000000e+00
3.2974340000000000e+00 0.0000000000000000e+00
3.3024849999999999e+00 0.0000000000000000e+00
3.3075350000000001e+00 0.0000000000000000e+00
3.3125860000000000e+00 0.0000000000000000e+00
3.3176369999999999e+00 0.0000000000000000e+00
3.3226879999999999e+00 0.0000000000000000e+00
3.3277380000000001e+00 0.0000000000000000e+00
3.3327890000000000e+00 0.0000000000000000e+00
3.3378399999999999e+00 0.0000000000000000e+00
3.3428909999999998e+00 0.0000000000000000e+00
3.3479410000000001e+00 0.0000000000000000e+00
3.3529920000000000e+00 0.0000000000000000e+00
3.3580429999999999e+00 0.0000000000000000e+00
3.3630939999999998e+00 0.0000000000000000e+00
3.3681440000000000e+00 0.0000000000000000e+00
3.3731949999999999e+00 0.0000000000000000e+00
3.3782459999999999e+00 0.0000000000000000e+00
3.3832970000000002e+00 0.0000000000000000e+00
3.3883480000000001e+00 0.0000000000000000e+00
3.3933979999999999e+00 0.0000000000000000e+00
3.3984489999999998e+00 0.0000000000000000e+00
3.4035000000000002e+00 0.0000000000000000e+00
3.4085510000000001e+00 0.0000000000000000e+00
3.4136009999999999e+00 0.0000000000000000e+00
3.4186519999999998e+00 0.0000000000000000e+00
3.4237030000000002e+00 0.0000000000000000e+00
3.4287540000000001e+00 0.0000000000000000e+00
3.4338039999999999e+00 0.0000000000000000e+00
3.4388550000000002e+00 0.0000000000000000e+00
3.4439060000000001e+00 0.0000000000000000e+00
3.4489570000000001e+00 0.0000000000000000e+00
3.4540069999999998e+00 0.0000000000000000e+00
3.4590580000000002e+00 0.0000000000000000e+00
3.4641090000000001e+00 0.0000000000000000e+00
3.4691600000000000e+00 0.0000000000000000e+00
3.4742099999999998e+00 0.0000000000000000e+00
3.4792610000000002e+00 0.0000000000000000e+00
3.4843120000000001e+00 0.0000000000000000e+00
3.4893630000000000e+00 0.0000000000000000e+00
3.4944139999999999e+00 0.0000000000000000e+00
3.4994640000000001e+00 0.0000000000000000e+00
3.5045150000000000e+00 0.0000000000000000e+00
3.5095660000000000e+00 0.0000000000000000e+00
3.5146169999999999e+00 0.0000000000000000e+00
3.5196670000000001e+00 0.0000000000000000e+00
3.5247180000000000e+00 0.0000000000000000e+00
3.5297689999999999e+00 0.0000000000000000e+00
3.5348199999999999e+00 0.0000000000000000e+00
3.5398700000000001e+00 0.0000000000000000e+00
3.5449210000000000e+00 0.0000000000000000e+00
3.5499719999999999e+00 0.0000000000000000e+00
3.5550229999999998e+00 0.0000000000000000e+00
3.5600730000000000e+00 0.0000000000000000e+00
3.5651240000000000e+00 0.0000000000000000e+00
3.5701749999999999e+00 0.0000000000000000e+00
3.5752259999999998e+00 0.0000000000000000e+00
3.5802760000000000e+00 0.0000000000000000e+00
3.5853269999999999e+00 0.0000000000000000e+00
3.5903779999999998e+00 0.0000000000000000e+00
3.5954290000000002e+00 0.0000000000000000e+00
3.6004800000000001e+00 0.0000000000000000e+00
3.6055299999999999e+00 0.0000000000000000e+00
3.6105809999999998e+00 0.0000000000000000e+00
3.6156320000000002e+00 0.0000000000000000e+00
3.6206830000000001e+00 0.0000000000000000e+00
3.6257329999999999e+00 0.0000000000000000e+00
3.6307839999999998e+00 0.0000000000000000e+00
3.6358350000000002e+00 0.0000000000000000e+00
3.6408860000000001e+00 0.0000000000000000e+00
3.6459359999999998e+00 0.0000000000000000e+00
3.6509870000000002e+00 0.0000000000000000e+00
3.6560380000000001e+00 0.0000000000000000e+00
3.6610890000000000e+00 0.0000000000000000e+00
3.6661389999999998e+00 0.0000000000000000e+00
3.6711900000000002e+00 0.0000000000000000e+00
3.6762410000000001e+00 0.0000000000000000e+00
3.6812920000000000e+00 0.0000000000000000e+00
3.6863429999999999e+00 0.0000000000000000e+00
3.6913930000000001e+00 0.0000000000000000e+00
3.6964440000000001e+00 0.0000000000000000e+00
3.7014950000000000e+00 0.0000000000000000e+00
3.7065459999999999e+00 0.0000000000000000e+00
3.7115960000000001e+00 0.0000000000000000e+00
3.7166470000000000e+00 0.0000000000000000e+00
3.7216980000000000e+00 0.0000000000000000e+00
3.7267489999999999e+00 0.0000000000000000e+00
3.7317990000000001e+00 0.0000000000000000e+00
3.7368500000000000e+00 0.0000000000000000e+00
3.7419009999999999e+00 0.0000000000000000e+00
3.7469519999999998e+00 0.0000000000000000e+00
3.7520020000000001e+00 0.0000000000000000e+00
3.7570530000000000e+00 0.0000000000000000e+00
3.7621039999999999e+00 0.0000000000000000e+00
3.7671549999999998e+00 0.0000000000000000e+00
3.7722050000000000e+00 0.0000000000000000e+00
3.7772559999999999e+00 0.0000000000000000e+00
3.7823069999999999e+00 0.0000000000000000e+00
3.7873579999999998e+00 0.0000000000000000e+00
3.7924090000000001e+00 0.0000000000000000e+00
3.7974589999999999e+00 0.0000000000000000e+00
3.8025099999999998e+00 0.0000000000000000e+00
3.8075610000000002e+00 0.0000000000000000e+00
3.8126120000000001e+00 0.0000000000000000e+00
3.8176619999999999e+00 0.0000000000000000e+00
3.8227129999999998e+00 0.0000000000000000e+00
3.8277640000000002e+00 0.0000000000000000e+00
3.8328150000000001e+00 0.0000000000000000e+00
3.8378649999999999e+00 0.0000000000000000e+00
3.8429160000000002e+00 0.0000000000000000e+00
3.8479670000000001e+00 0.0000000000000000e+00
3.8530180000000001e+00 0.0000000000000000e+00
3.8580679999999998e+00 0.0000000000000000e+00
3.8631190000000002e+00 0.0000000000000000e+00
3.8681700000000001e+00 0.0000000000000000e+00
3.8732210000000000e+00 0.0000000000000000e+00
3.8782709999999998e+00 0.0000000000000000e+00
3.8833220000000002e+00 0.0000000000000000e+00
3.8883730000000001e+00 0.0000000000000000e+00
3.8934240000000000e+00 0.0000000000000000e+00
3.8984749999999999e+00 0.0000000000000000e+00
3.9035250000000001e+00 0.0000000000000000e+00
3.9085760000000001e+00 0.0000000000000000e+00
3.9136270000000000e+00 0.0000000000000000e+00
3.9186779999999999e+00 0.0000000000000000e+00
3.9237280000000001e+00 0.0000000000000000e+00
3.9287790000000000e+00 0.0000000000000000e+00
3.9338299999999999e+00 0.0000000000000000e+00
3.9388809999999999e+00 0.0000000000000000e+00
3.9439310000000001e+00 0.0000000000000000e+00
3.9489820000000000e+00 0.0000000000000000e+00
3.9540329999999999e+00 0.0000000000000000e+00
3.9590839999999998e+00 0.0000000000000000e+00
3.9641340000000000e+00 0.0000000000000000e+00
3.9691850000000000e+00 0.0000000000000000e+00
3.9742359999999999e+00 0.0000000000000000e+00
3.9792869999999998e+00 0.0000000000000000e+00
3.9843380000000002e+00 0.0000000000000000e+00
3.9893879999999999e+00 0.0000000000000000e+00
3.9944389999999999e+00 0.0000000000000000e+00
3.9994900000000002e+00 0.0000000000000000e+00
4.0045409999999997e+00 0.0000000000000000e+00
4.0095910000000003e+00 0.0000000000000000e+00
4.0146420000000003e+00 0.0000000000000000e+00
4.0196930000000002e+00 0.0000000000000000e+00
4.0247440000000001e+00 0.0000000000000000e+00
4.0297939999999999e+00 0.0000000000000000e+00
4.0348449999999998e+00 0.0000000000000000e+00
4.0398959999999997e+00 0.0000000000000000e+00
