2.1682390000000002e-03 0.0000000000000000e+00
4.6936199999999999e-03 0.0000000000000000e+00
7.2190010000000001e-03 0.0000000000000000e+00
9.7443830000000006e-03 0.0000000000000000e+00
1.2269759999999999e-02 0.0000000000000000e+00
1.4795150000000000e-02 0.0000000000000000e+00
1.7320530000000001e-02 0.0000000000000000e+00
1.9845910000000001e-02 0.0000000000000000e+00
2.2371289999999999e-02 0.0000000000000000e+00
2.4896669999999999e-02 0.0000000000000000e+00
2.7422050000000000e-02 0.0000000000000000e+00
2.9947430000000001e-02 0.0000000000000000e+00
3.2472809999999998e-02 0.0000000000000000e+00
3.4998200000000000e-02 0.0000000000000000e+00
3.7523580000000001e-02 0.0000000000000000e+00
4.0048960000000002e-02 0.0000000000000000e+00
4.2574340000000002e-02 0.0000000000000000e+00
4.5099720000000003e-02 0.0000000000000000e+00
4.7625099999999997e-02 0.0000000000000000e+00
5.0150479999999997e-02 0.0000000000000000e+00
5.2675870000000000e-02 0.0000000000000000e+00
5.5201250000000000e-02 0.0000000000000000e+00
5.7726630000000001e-02 0.0000000000000000e+00
6.0252010000000002e-02 0.0000000000000000e+00
6.2777390000000002e-02 0.0000000000000000e+00
6.5302769999999996e-02 0.0000000000000000e+00
6.7828150000000004e-02 0.0000000000000000e+00
7.0353540000000006e-02 0.0000000000000000e+00
7.2878920000000000e-02 0.0000000000000000e+00
7.5404299999999994e-02 0.0000000000000000e+00
7.7929680000000001e-02 0.0000000000000000e+00
8.0455059999999995e-02 0.0000000000000000e+00
8.2980440000000003e-02 0.0000000000000000e+00
8.5505819999999996e-02 0.0000000000000000e+00
8.8031200000000004e-02 0.0000000000000000e+00
9.0556590000000006e-02 0.0000000000000000e+00
9.3081970000000000e-02 0.0000000000000000e+00
9.5607349999999994e-02 0.0000000000000000e+00
9.8132730000000001e-02 0.0000000000000000e+00
1.0065810000000000e-01 0.0000000000000000e+00
1.0318350000000000e-01 0.0000000000000000e+00
1.0570889999999999e-01 0.0000000000000000e+00
1.0823430000000001e-01 0.0000000000000000e+00
1.1075960000000000e-01 0.0000000000000000e+00
1.1328500000000000e-01 0.0000000000000000e+00
1.1581039999999999e-01 0.0000000000000000e+00
1.1833580000000000e-01 0.0000000000000000e+00
1.2086120000000000e-01 0.0000000000000000e+00
1.2338650000000000e-01 0.0000000000000000e+00
1.2591189999999999e-01 0.0000000000000000e+00
1.2843730000000000e-01 0.0000000000000000e+00
1.3096269999999999e-01 0.0000000000000000e+00
1.3348810000000000e-01 0.0000000000000000e+00
1.3601350000000001e-01 0.0000000000000000e+00
1.3853879999999999e-01 0.0000000000000000e+00
1.4106420000000000e-01 0.0000000000000000e+00
1.4358960000000001e-01 0.0000000000000000e+00
1.4611499999999999e-01 0.0000000000000000e+00
1.4864040000000001e-01 0.0000000000000000e+00
1.5116569999999999e-01 0.0000000000000000e+00
1.5369110000000000e-01 0.0000000000000000e+00
1.5621650000000001e-01 0.0000000000000000e+00
1.5874189999999999e-01 0.0000000000000000e+00
1.6126730000000000e-01 0.0000000000000000e+00
1.6379260000000001e-01 0.0000000000000000e+00
1.6631799999999999e-01 0.0000000000000000e+00
1.6884340000000000e-01 0.0000000000000000e+00
1.7136879999999999e-01 0.0000000000000000e+00
1.7389420000000000e-01 0.0000000000000000e+00
1.7641960000000001e-01 0.0000000000000000e+00
1.7894489999999999e-01 0.0000000000000000e+00
1.8147030000000000e-01 0.0000000000000000e+00
1.8399570000000001e-01 0.0000000000000000e+00
1.8652110000000000e-01 0.0000000000000000e+00
1.8904650000000001e-01 0.0000000000000000e+00
1.9157179999999999e-01 0.0000000000000000e+00
1.9409720000000000e-01 0.0000000000000000e+00
1.9662260000000001e-01 0.0000000000000000e+00
1.9914799999999999e-01 0.0000000000000000e+00
2.0167340000000000e-01 0.0000000000000000e+00
2.0419870000000001e-01 0.0000000000000000e+00
2.0672409999999999e-01 0.0000000000000000e+00
2.0924950000000000e-01 0.0000000000000000e+00
2.1177489999999999e-01 0.0000000000000000e+00
2.1430030000000000e-01 0.0000000000000000e+00
2.1682570000000001e-01 0.0000000000000000e+00
2.1935099999999999e-01 0.0000000000000000e+00
2.2187640000000000e-01 0.0000000000000000e+00
2.2440180000000001e-01 0.0000000000000000e+00
2.2692720000000000e-01 0.0000000000000000e+00
2.2945260000000001e-01 0.0000000000000000e+00
2.3197789999999999e-01 0.0000000000000000e+00
2.3450330000000000e-01 0.0000000000000000e+00
2.3702870000000001e-01 0.0000000000000000e+00
2.3955409999999999e-01 0.0000000000000000e+00
2.4207950000000000e-01 0.0000000000000000e+00
2.4460480000000001e-01 0.0000000000000000e+00
2.4713019999999999e-01 0.0000000000000000e+00
2.4965560000000001e-01 0.0000000000000000e+00
2.5218099999999999e-01 0.0000000000000000e+00
2.5470640000000000e-01 0.0000000000000000e+00
2.5723180000000001e-01 0.0000000000000000e+00
2.5975710000000002e-01 0.0000000000000000e+00
2.6228249999999997e-01 0.0000000000000000e+00
2.6480789999999998e-01 0.0000000000000000e+00
2.6733330000000000e-01 0.0000000000000000e+00
2.6985870000000001e-01 0.0000000000000000e+00
2.7238400000000001e-01 0.0000000000000000e+00
2.7490940000000003e-01 0.0000000000000000e+00
2.7743479999999998e-01 0.0000000000000000e+00
2.7996019999999999e-01 0.0000000000000000e+00
2.8248560000000000e-01 0.0000000000000000e+00
2.8501100000000001e-01 0.0000000000000000e+00
2.8753630000000002e-01 0.0000000000000000e+00
2.9006169999999998e-01 0.0000000000000000e+00
2.9258709999999999e-01 0.0000000000000000e+00
2.9511250000000000e-01 0.0000000000000000e+00
2.9763790000000001e-01 0.0000000000000000e+00
3.0016320000000002e-01 0.0000000000000000e+00
3.0268859999999997e-01 0.0000000000000000e+00
3.0521399999999999e-01 0.0000000000000000e+00
3.0773940000000000e-01 0.0000000000000000e+00
3.1026480000000001e-01 0.0000000000000000e+00
3.1279010000000002e-01 0.0000000000000000e+00
3.1531550000000003e-01 0.0000000000000000e+00
3.1784089999999998e-01 0.0000000000000000e+00
3.2036629999999999e-01 0.0000000000000000e+00
3.2289170000000000e-01 0.0000000000000000e+00
3.2541710000000001e-01 0.0000000000000000e+00
3.2794240000000002e-01 0.0000000000000000e+00
3.3046779999999998e-01 0.0000000000000000e+00
3.3299319999999999e-01 0.0000000000000000e+00
3.3551860000000000e-01 0.0000000000000000e+00
3.3804400000000001e-01 0.0000000000000000e+00
3.4056930000000002e-01 0.0000000000000000e+00
3.4309469999999997e-01 0.0000000000000000e+00
3.4562009999999999e-01 0.0000000000000000e+00
3.4814550000000000e-01 0.0000000000000000e+00
3.5067090000000001e-01 0.0000000000000000e+00
3.5319620000000002e-01 0.0000000000000000e+00
3.5572160000000003e-01 0.0000000000000000e+00
3.5824699999999998e-01 0.0000000000000000e+00
3.6077239999999999e-01 0.0000000000000000e+00
3.6329780000000000e-01 0.0000000000000000e+00
3.6582320000000002e-01 0.0000000000000000e+00
3.6834850000000002e-01 0.0000000000000000e+00
3.7087389999999998e-01 0.0000000000000000e+00
3.7339929999999999e-01 0.0000000000000000e+00
3.7592470000000000e-01 0.0000000000000000e+00
3.7845010000000001e-01 0.0000000000000000e+00
3.8097540000000002e-01 0.0000000000000000e+00
3.8350079999999998e-01 0.0000000000000000e+00
3.8602619999999999e-01 0.0000000000000000e+00
3.8855160000000000e-01 0.0000000000000000e+00
3.9107700000000001e-01 0.0000000000000000e+00
3.9360230000000002e-01 0.0000000000000000e+00
3.9612770000000003e-01 0.0000000000000000e+00
3.9865309999999998e-01 0.0000000000000000e+00
4.0117849999999999e-01 0.0000000000000000e+00
4.0370390000000000e-01 0.0000000000000000e+00
4.0622930000000002e-01 0.0000000000000000e+00
4.0875460000000002e-01 0.0000000000000000e+00
4.1127999999999998e-01 0.0000000000000000e+00
4.1380539999999999e-01 0.0000000000000000e+00
4.1633080000000000e-01 0.0000000000000000e+00
4.1885620000000001e-01 0.0000000000000000e+00
4.2138150000000002e-01 0.0000000000000000e+00
4.2390689999999998e-01 0.0000000000000000e+00
4.2643229999999999e-01 0.0000000000000000e+00
4.2895770000000000e-01 0.0000000000000000e+00
4.3148310000000001e-01 0.0000000000000000e+00
4.3400850000000002e-01 0.0000000000000000e+00
4.3653380000000003e-01 0.0000000000000000e+00
4.3905919999999998e-01 0.0000000000000000e+00
4.4158459999999999e-01 0.0000000000000000e+00
4.4411000000000000e-01 0.0000000000000000e+00
4.4663540000000002e-01 0.0000000000000000e+00
4.4916070000000002e-01 0.0000000000000000e+00
4.5168609999999998e-01 0.0000000000000000e+00
4.5421149999999999e-01 0.0000000000000000e+00
4.5673690000000000e-01 0.0000000000000000e+00
4.5926230000000001e-01 0.0000000000000000e+00
4.6178760000000002e-01 0.0000000000000000e+00
4.6431299999999998e-01 0.0000000000000000e+00
4.6683839999999999e-01 0.0000000000000000e+00
4.6936380000000000e-01 0.0000000000000000e+00
4.7188920000000001e-01 0.0000000000000000e+00
4.7441460000000002e-01 0.0000000000000000e+00
4.7693990000000003e-01 0.0000000000000000e+00
4.7946529999999998e-01 0.0000000000000000e+00
4.8199069999999999e-01 0.0000000000000000e+00
4.8451610000000001e-01 0.0000000000000000e+00
4.8704150000000002e-01 0.0000000000000000e+00
4.8956680000000002e-01 0.0000000000000000e+00
4.9209219999999998e-01 0.0000000000000000e+00
4.9461759999999999e-01 0.0000000000000000e+00
4.9714300000000000e-01 0.0000000000000000e+00
4.9966840000000001e-01 0.0000000000000000e+00
5.0219369999999997e-01 0.0000000000000000e+00
5.0471909999999998e-01 0.0000000000000000e+00
5.0724449999999999e-01 0.0000000000000000e+00
5.0976990000000000e-01 0.0000000000000000e+00
5.1229530000000001e-01 0.0000000000000000e+00
5.1482070000000002e-01 0.0000000000000000e+00
5.1734599999999997e-01 0.0000000000000000e+00
5.1987139999999998e-01 0.0000000000000000e+00
5.2239679999999999e-01 0.0000000000000000e+00
5.2492220000000001e-01 0.0000000000000000e+00
5.2744760000000002e-01 0.0000000000000000e+00
5.2997289999999997e-01 0.0000000000000000e+00
5.3249829999999998e-01 0.0000000000000000e+00
5.3502369999999999e-01 0.0000000000000000e+00
5.3754910000000000e-01 0.0000000000000000e+00
5.4007450000000001e-01 0.0000000000000000e+00
5.4259979999999997e-01 0.0000000000000000e+00
5.4512519999999998e-01 0.0000000000000000e+00
5.4765059999999999e-01 0.0000000000000000e+00
5.5017600000000000e-01 0.0000000000000000e+00
5.5270140000000001e-01 0.0000000000000000e+00
5.5522680000000002e-01 0.0000000000000000e+00
5.5775209999999997e-01 0.0000000000000000e+00
5.6027749999999998e-01 0.0000000000000000e+00
5.6280289999999999e-01 0.0000000000000000e+00
5.6532830000000001e-01 0.0000000000000000e+00
5.6785370000000002e-01 0.0000000000000000e+00
5.7037899999999997e-01 0.0000000000000000e+00
5.7290439999999998e-01 0.0000000000000000e+00
5.7542979999999999e-01 0.0000000000000000e+00
5.7795520000000000e-01 0.0000000000000000e+00
5.8048060000000001e-01 0.0000000000000000e+00
5.8300600000000002e-01 0.0000000000000000e+00
5.8553129999999998e-01 0.0000000000000000e+00
5.8805669999999999e-01 0.0000000000000000e+00
5.9058210000000000e-01 0.0000000000000000e+00
5.9310750000000001e-01 0.0000000000000000e+00
5.9563290000000002e-01 0.0000000000000000e+00
5.9815819999999997e-01 0.0000000000000000e+00
6.0068359999999998e-01 0.0000000000000000e+00
6.0320900000000000e-01 0.0000000000000000e+00
6.0573440000000001e-01 0.0000000000000000e+00
6.0825980000000002e-01 0.0000000000000000e+00
6.1078509999999997e-01 0.0000000000000000e+00
6.1331049999999998e-01 0.0000000000000000e+00
6.1583589999999999e-01 0.0000000000000000e+00
6.1836130000000000e-01 0.0000000000000000e+00
6.2088670000000001e-01 0.0000000000000000e+00
6.2341210000000002e-01 0.0000000000000000e+00
6.2593739999999998e-01 0.0000000000000000e+00
6.2846279999999999e-01 0.0000000000000000e+00
6.3098820000000000e-01 0.0000000000000000e+00
6.3351360000000001e-01 0.0000000000000000e+00
6.3603900000000002e-01 0.0000000000000000e+00
6.3856429999999997e-01 0.0000000000000000e+00
6.4108969999999998e-01 0.0000000000000000e+00
6.4361510000000000e-01 0.0000000000000000e+00
6.4614050000000001e-01 0.0000000000000000e+00
6.4866590000000002e-01 0.0000000000000000e+00
6.5119119999999997e-01 0.0000000000000000e+00
6.5371659999999998e-01 0.0000000000000000e+00
6.5624199999999999e-01 0.0000000000000000e+00
6.5876740000000000e-01 0.0000000000000000e+00
6.6129280000000001e-01 0.0000000000000000e+00
6.6381820000000002e-01 0.0000000000000000e+00
6.6634349999999998e-01 0.0000000000000000e+00
6.6886889999999999e-01 0.0000000000000000e+00
6.7139430000000000e-01 0.0000000000000000e+00
6.7391970000000001e-01 0.0000000000000000e+00
6.7644510000000002e-01 0.0000000000000000e+00
6.7897039999999997e-01 0.0000000000000000e+00
6.8149579999999998e-01 0.0000000000000000e+00
6.8402120000000000e-01 0.0000000000000000e+00
6.8654660000000001e-01 0.0000000000000000e+00
6.8907200000000002e-01 0.0000000000000000e+00
6.9159740000000003e-01 0.0000000000000000e+00
6.9412269999999998e-01 0.0000000000000000e+00
6.9664809999999999e-01 0.0000000000000000e+00
6.9917350000000000e-01 0.0000000000000000e+00
7.0169890000000001e-01 0.0000000000000000e+00
7.0422430000000003e-01 0.0000000000000000e+00
7.0674959999999998e-01 0.0000000000000000e+00
7.0927499999999999e-01 0.0000000000000000e+00
7.1180040000000000e-01 0.0000000000000000e+00
7.1432580000000001e-01 0.0000000000000000e+00
7.1685120000000002e-01 0.0000000000000000e+00
7.1937649999999997e-01 0.0000000000000000e+00
7.2190189999999999e-01 0.0000000000000000e+00
7.2442730000000000e-01 0.0000000000000000e+00
7.2695270000000001e-01 0.0000000000000000e+00
7.2947810000000002e-01 0.0000000000000000e+00
7.3200350000000003e-01 0.0000000000000000e+00
7.3452879999999998e-01 0.0000000000000000e+00
7.3705419999999999e-01 0.0000000000000000e+00
7.3957960000000000e-01 0.0000000000000000e+00
7.4210500000000001e-01 0.0000000000000000e+00
7.4463040000000003e-01 0.0000000000000000e+00
7.4715569999999998e-01 0.0000000000000000e+00
7.4968109999999999e-01 0.0000000000000000e+00
7.5220650000000000e-01 0.0000000000000000e+00
7.5473190000000001e-01 0.0000000000000000e+00
7.5725730000000002e-01 0.0000000000000000e+00
7.5978259999999997e-01 0.0000000000000000e+00
7.6230799999999999e-01 0.0000000000000000e+00
7.6483340000000000e-01 0.0000000000000000e+00
7.6735880000000001e-01 0.0000000000000000e+00
7.6988420000000002e-01 0.0000000000000000e+00
7.7240960000000003e-01 0.0000000000000000e+00
7.7493489999999998e-01 0.0000000000000000e+00
7.7746029999999999e-01 0.0000000000000000e+00
7.7998570000000000e-01 0.0000000000000000e+00
7.8251110000000001e-01 0.0000000000000000e+00
7.8503650000000003e-01 0.0000000000000000e+00
7.8756179999999998e-01 0.0000000000000000e+00
7.9008719999999999e-01 0.0000000000000000e+00
7.9261260000000000e-01 0.0000000000000000e+00
7.9513800000000001e-01 0.0000000000000000e+00
7.9766340000000002e-01 0.0000000000000000e+00
8.0018869999999997e-01 0.0000000000000000e+00
8.0271409999999999e-01 0.0000000000000000e+00
8.0523950000000000e-01 0.0000000000000000e+00
8.0776490000000001e-01 0.0000000000000000e+00
8.1029030000000002e-01 0.0000000000000000e+00
8.1281570000000003e-01 0.0000000000000000e+00
8.1534099999999998e-01 0.0000000000000000e+00
8.1786639999999999e-01 0.0000000000000000e+00
8.2039180000000000e-01 0.0000000000000000e+00
8.2291720000000002e-01 0.0000000000000000e+00
8.2544260000000003e-01 0.0000000000000000e+00
8.2796789999999998e-01 0.0000000000000000e+00
8.3049329999999999e-01 0.0000000000000000e+00
8.3301870000000000e-01 0.0000000000000000e+00
8.3554410000000001e-01 0.0000000000000000e+00
8.3806950000000002e-01 0.0000000000000000e+00
8.4059490000000003e-01 0.0000000000000000e+00
8.4312019999999999e-01 0.0000000000000000e+00
8.4564560000000000e-01 0.0000000000000000e+00
8.4817100000000001e-01 0.0000000000000000e+00
8.5069640000000002e-01 0.0000000000000000e+00
8.5322180000000003e-01 0.0000000000000000e+00
8.5574709999999998e-01 0.0000000000000000e+00
8.5827249999999999e-01 0.0000000000000000e+00
8.6079790000000000e-01 0.0000000000000000e+00
8.6332330000000002e-01 0.0000000000000000e+00
8.6584870000000003e-01 0.0000000000000000e+00
8.6837399999999998e-01 0.0000000000000000e+00
8.7089939999999999e-01 0.0000000000000000e+00
8.7342480000000000e-01 0.0000000000000000e+00
8.7595020000000001e-01 0.0000000000000000e+00
8.7847560000000002e-01 0.0000000000000000e+00
8.8100100000000003e-01 0.0000000000000000e+00
8.8352629999999999e-01 0.0000000000000000e+00
8.8605170000000000e-01 0.0000000000000000e+00
8.8857710000000001e-01 0.0000000000000000e+00
8.9110250000000002e-01 0.0000000000000000e+00
8.9362790000000003e-01 0.0000000000000000e+00
8.9615319999999998e-01 0.0000000000000000e+00
8.9867859999999999e-01 0.0000000000000000e+00
9.0120400000000001e-01 0.0000000000000000e+00
9.0372940000000002e-01 0.0000000000000000e+00
9.0625480000000003e-01 0.0000000000000000e+00
9.0878009999999998e-01 0.0000000000000000e+00
9.1130549999999999e-01 0.0000000000000000e+00
9.1383090000000000e-01 0.0000000000000000e+00
9.1635630000000001e-01 0.0000000000000000e+00
9.1888170000000002e-01 0.0000000000000000e+00
9.2140710000000003e-01 0.0000000000000000e+00
9.2393239999999999e-01 0.0000000000000000e+00
9.2645780000000000e-01 0.0000000000000000e+00
9.2898320000000001e-01 0.0000000000000000e+00
9.3150860000000002e-01 0.0000000000000000e+00
9.3403400000000003e-01 0.0000000000000000e+00
9.3655929999999998e-01 0.0000000000000000e+00
9.3908469999999999e-01 0.0000000000000000e+00
9.4161010000000001e-01 0.0000000000000000e+00
9.4413550000000002e-01 0.0000000000000000e+00
9.4666090000000003e-01 0.0000000000000000e+00
9.4918619999999998e-01 0.0000000000000000e+00
9.5171159999999999e-01 0.0000000000000000e+00
9.5423700000000000e-01 0.0000000000000000e+00
9.5676240000000001e-01 0.0000000000000000e+00
9.5928780000000002e-01 0.0000000000000000e+00
9.6181320000000003e-01 0.0000000000000000e+00
9.6433849999999999e-01 0.0000000000000000e+00
9.6686390000000000e-01 0.0000000000000000e+00
9.6938930000000001e-01 0.0000000000000000e+00
9.7191470000000002e-01 0.0000000000000000e+00
9.7444010000000003e-01 0.0000000000000000e+00
9.7696539999999998e-01 0.0000000000000000e+00
9.7949079999999999e-01 0.0000000000000000e+00
9.8201620000000001e-01 0.0000000000000000e+00
9.8454160000000002e-01 0.0000000000000000e+00
9.8706700000000003e-01 0.0000000000000000e+00
9.8959240000000004e-01 0.0000000000000000e+00
9.9211769999999999e-01 0.0000000000000000e+00
9.9464310000000000e-01 0.0000000000000000e+00
9.9716850000000001e-01 0.0000000000000000e+00
9.9969390000000002e-01 0.0000000000000000e+00
1.0022190000000000e+00 0.0000000000000000e+00
1.0047450000000000e+00 0.0000000000000000e+00
1.0072700000000001e+00 0.0000000000000000e+00
1.0097950000000000e+00 0.0000000000000000e+00
1.0123210000000000e+00 0.0000000000000000e+00
1.0148459999999999e+00 0.0000000000000000e+00
1.0173719999999999e+00 0.0000000000000000e+00
1.0198970000000001e+00 0.0000000000000000e+00
1.0224219999999999e+00 0.0000000000000000e+00
1.0249480000000000e+00 0.0000000000000000e+00
1.0274730000000001e+00 0.0000000000000000e+00
1.0299980000000000e+00 0.0000000000000000e+00
1.0325240000000000e+00 0.0000000000000000e+00
1.0350490000000001e+00 0.0000000000000000e+00
1.0375749999999999e+00 0.0000000000000000e+00
1.0401000000000000e+00 0.0000000000000000e+00
1.0426249999999999e+00 0.0000000000000000e+00
1.0451509999999999e+00 0.0000000000000000e+00
1.0476760000000001e+00 0.0000000000000000e+00
1.0502020000000001e+00 0.0000000000000000e+00
1.0527270000000000e+00 0.0000000000000000e+00
1.0552520000000001e+00 0.0000000000000000e+00
1.0577780000000001e+00 0.0000000000000000e+00
1.0603030000000000e+00 0.0000000000000000e+00
1.0628280000000001e+00 0.0000000000000000e+00
1.0653539999999999e+00 0.0000000000000000e+00
1.0678790000000000e+00 0.0000000000000000e+00
1.0704050000000001e+00 0.0000000000000000e+00
1.0729299999999999e+00 0.0000000000000000e+00
1.0754550000000000e+00 0.0000000000000000e+00
1.0779810000000001e+00 0.0000000000000000e+00
1.0805060000000000e+00 0.0000000000000000e+00
1.0830310000000001e+00 0.0000000000000000e+00
1.0855570000000001e+00 0.0000000000000000e+00
1.0880820000000000e+00 0.0000000000000000e+00
1.0906080000000000e+00 0.0000000000000000e+00
1.0931329999999999e+00 0.0000000000000000e+00
1.0956580000000000e+00 0.0000000000000000e+00
1.0981840000000000e+00 0.0000000000000000e+00
1.1007089999999999e+00 0.0000000000000000e+00
1.1032350000000000e+00 0.0000000000000000e+00
1.1057600000000001e+00 0.0000000000000000e+00
1.1082850000000000e+00 0.0000000000000000e+00
1.1108110000000000e+00 0.0000000000000000e+00
1.1133360000000001e+00 0.0000000000000000e+00
1.1158610000000000e+00 0.0000000000000000e+00
1.1183870000000000e+00 0.0000000000000000e+00
1.1209119999999999e+00 0.0000000000000000e+00
1.1234379999999999e+00 0.0000000000000000e+00
1.1259630000000000e+00 0.0000000000000000e+00
1.1284879999999999e+00 0.0000000000000000e+00
1.1310140000000000e+00 0.0000000000000000e+00
1.1335390000000001e+00 0.0000000000000000e+00
1.1360640000000000e+00 0.0000000000000000e+00
1.1385900000000000e+00 0.0000000000000000e+00
1.1411150000000001e+00 0.0000000000000000e+00
1.1436409999999999e+00 0.0000000000000000e+00
1.1461660000000000e+00 0.0000000000000000e+00
1.1486909999999999e+00 0.0000000000000000e+00
1.1512169999999999e+00 0.0000000000000000e+00
1.1537420000000000e+00 0.0000000000000000e+00
1.1562680000000001e+00 0.0000000000000000e+00
1.1587930000000000e+00 0.0000000000000000e+00
1.1613180000000001e+00 0.0000000000000000e+00
1.1638440000000001e+00 0.0000000000000000e+00
1.1663690000000000e+00 0.0000000000000000e+00
1.1688940000000001e+00 0.0000000000000000e+00
1.1714199999999999e+00 0.0000000000000000e+00
1.1739450000000000e+00 0.0000000000000000e+00
1.1764710000000000e+00 0.0000000000000000e+00
1.1789959999999999e+00 0.0000000000000000e+00
1.1815210000000000e+00 0.0000000000000000e+00
1.1840470000000001e+00 0.0000000000000000e+00
1.1865720000000000e+00 0.0000000000000000e+00
1.1890970000000001e+00 0.0000000000000000e+00
1.1916230000000001e+00 0.0000000000000000e+00
1.1941480000000000e+00 0.0000000000000000e+00
1.1966740000000000e+00 0.0000000000000000e+00
1.1991989999999999e+00 0.0000000000000000e+00
1.2017240000000000e+00 0.0000000000000000e+00
1.2042500000000000e+00 0.0000000000000000e+00
1.2067749999999999e+00 0.0000000000000000e+00
1.2093010000000000e+00 0.0000000000000000e+00
1.2118260000000001e+00 0.0000000000000000e+00
1.2143510000000000e+00 0.0000000000000000e+00
1.2168770000000000e+00 0.0000000000000000e+00
1.2194020000000001e+00 0.0000000000000000e+00
1.2219270000000000e+00 0.0000000000000000e+00
1.2244530000000000e+00 0.0000000000000000e+00
1.2269779999999999e+00 0.0000000000000000e+00
1.2295039999999999e+00 0.0000000000000000e+00
1.2320290000000000e+00 0.0000000000000000e+00
1.2345539999999999e+00 0.0000000000000000e+00
1.2370800000000000e+00 0.0000000000000000e+00
1.2396050000000001e+00 0.0000000000000000e+00
1.2421300000000000e+00 0.0000000000000000e+00
1.2446560000000000e+00 0.0000000000000000e+00
1.2471810000000001e+00 0.0000000000000000e+00
1.2497069999999999e+00 0.0000000000000000e+00
1.2522320000000000e+00 0.0000000000000000e+00
1.2547569999999999e+00 0.0000000000000000e+00
1.2572829999999999e+00 0.0000000000000000e+00
1.2598080000000000e+00 0.0000000000000000e+00
1.2623340000000001e+00 0.0000000000000000e+00
1.2648590000000000e+00 0.0000000000000000e+00
1.2673840000000001e+00 0.0000000000000000e+00
1.2699100000000001e+00 0.0000000000000000e+00
1.2724350000000000e+00 0.0000000000000000e+00
1.2749600000000001e+00 0.0000000000000000e+00
1.2774859999999999e+00 0.0000000000000000e+00
1.2800110000000000e+00 0.0000000000000000e+00
1.2825370000000000e+00 0.0000000000000000e+00
1.2850619999999999e+00 0.0000000000000000e+00
1.2875870000000000e+00 0.0000000000000000e+00
1.2901130000000001e+00 0.0000000000000000e+00
1.2926380000000000e+00 0.0000000000000000e+00
1.2951630000000001e+00 0.0000000000000000e+00
1.2976890000000001e+00 0.0000000000000000e+00
1.3002140000000000e+00 0.0000000000000000e+00
1.3027400000000000e+00 0.0000000000000000e+00
1.3052649999999999e+00 0.0000000000000000e+00
1.3077900000000000e+00 0.0000000000000000e+00
1.3103160000000000e+00 0.0000000000000000e+00
1.3128409999999999e+00 0.0000000000000000e+00
1.3153670000000000e+00 0.0000000000000000e+00
1.3178920000000001e+00 0.0000000000000000e+00
1.3204170000000000e+00 0.0000000000000000e+00
1.3229430000000000e+00 0.0000000000000000e+00
1.3254680000000001e+00 0.0000000000000000e+00
1.3279930000000000e+00 0.0000000000000000e+00
1.3305190000000000e+00 0.0000000000000000e+00
1.3330439999999999e+00 0.0000000000000000e+00
1.3355699999999999e+00 0.0000000000000000e+00
1.3380950000000000e+00 0.0000000000000000e+00
1.3406199999999999e+00 0.0000000000000000e+00
1.3431460000000000e+00 0.0000000000000000e+00
1.3456710000000001e+00 0.0000000000000000e+00
1.3481970000000001e+00 0.0000000000000000e+00
1.3507220000000000e+00 0.0000000000000000e+00
1.3532470000000001e+00 0.0000000000000000e+00
1.3557729999999999e+00 0.0000000000000000e+00
1.3582980000000000e+00 0.0000000000000000e+00
1.3608229999999999e+00 0.0000000000000000e+00
1.3633489999999999e+00 0.0000000000000000e+00
1.3658740000000000e+00 0.0000000000000000e+00
1.3684000000000001e+00 0.0000000000000000e+00
1.3709249999999999e+00 0.0000000000000000e+00
1.3734500000000001e+00 0.0000000000000000e+00
1.3759760000000001e+00 0.0000000000000000e+00
1.3785010000000000e+00 0.0000000000000000e+00
1.3810260000000001e+00 0.0000000000000000e+00
1.3835519999999999e+00 0.0000000000000000e+00
1.3860770000000000e+00 0.0000000000000000e+00
1.3886030000000000e+00 0.0000000000000000e+00
1.3911279999999999e+00 0.0000000000000000e+00
1.3936530000000000e+00 0.0000000000000000e+00
1.3961790000000001e+00 0.0000000000000000e+00
1.3987039999999999e+00 0.0000000000000000e+00
1.4012300000000000e+00 0.0000000000000000e+00
1.4037550000000001e+00 0.0000000000000000e+00
1.4062800000000000e+00 0.0000000000000000e+00
1.4088060000000000e+00 0.0000000000000000e+00
1.4113309999999999e+00 0.0000000000000000e+00
1.4138560000000000e+00 0.0000000000000000e+00
1.4163820000000000e+00 0.0000000000000000e+00
1.4189069999999999e+00 0.0000000000000000e+00
1.4214329999999999e+00 0.0000000000000000e+00
1.4239580000000001e+00 0.0000000000000000e+00
1.4264829999999999e+00 0.0000000000000000e+00
1.4290090000000000e+00 0.0000000000000000e+00
1.4315340000000001e+00 0.0000000000000000e+00
1.4340590000000000e+00 0.0000000000000000e+00
1.4365850000000000e+00 0.0000000000000000e+00
1.4391099999999999e+00 0.0000000000000000e+00
1.4416359999999999e+00 0.0000000000000000e+00
1.4441610000000000e+00 0.0000000000000000e+00
1.4466859999999999e+00 0.0000000000000000e+00
1.4492119999999999e+00 0.0000000000000000e+00
1.4517370000000001e+00 0.0000000000000000e+00
1.4542630000000001e+00 0.0000000000000000e+00
1.4567880000000000e+00 0.0000000000000000e+00
1.4593130000000001e+00 0.0000000000000000e+00
1.4618390000000001e+00 0.0000000000000000e+00
1.4643640000000000e+00 0.0000000000000000e+00
1.4668890000000001e+00 0.0000000000000000e+00
1.4694149999999999e+00 0.0000000000000000e+00
1.4719400000000000e+00 0.0000000000000000e+00
1.4744660000000001e+00 0.0000000000000000e+00
1.4769909999999999e+00 0.0000000000000000e+00
1.4795160000000001e+00 0.0000000000000000e+00
1.4820420000000001e+00 0.0000000000000000e+00
1.4845670000000000e+00 0.0000000000000000e+00
1.4870920000000001e+00 0.0000000000000000e+00
1.4896180000000001e+00 0.0000000000000000e+00
1.4921430000000000e+00 0.0000000000000000e+00
1.4946690000000000e+00 0.0000000000000000e+00
1.4971939999999999e+00 0.0000000000000000e+00
1.4997190000000000e+00 0.0000000000000000e+00
1.5022450000000001e+00 0.0000000000000000e+00
1.5047699999999999e+00 0.0000000000000000e+00
1.5072960000000000e+00 0.0000000000000000e+00
1.5098210000000001e+00 0.0000000000000000e+00
1.5123460000000000e+00 0.0000000000000000e+00
1.5148720000000000e+00 0.0000000000000000e+00
1.5173970000000001e+00 0.0000000000000000e+00
1.5199220000000000e+00 0.0000000000000000e+00
1.5224480000000000e+00 0.0000000000000000e+00
1.5249729999999999e+00 0.0000000000000000e+00
1.5274989999999999e+00 0.0000000000000000e+00
1.5300240000000001e+00 0.0000000000000000e+00
1.5325489999999999e+00 0.0000000000000000e+00
1.5350750000000000e+00 0.0000000000000000e+00
1.5376000000000001e+00 0.0000000000000000e+00
1.5401250000000000e+00 0.0000000000000000e+00
1.5426510000000000e+00 0.0000000000000000e+00
1.5451760000000001e+00 0.0000000000000000e+00
1.5477019999999999e+00 0.0000000000000000e+00
1.5502270000000000e+00 0.0000000000000000e+00
1.5527519999999999e+00 0.0000000000000000e+00
1.5552779999999999e+00 0.0000000000000000e+00
1.5578030000000000e+00 0.0000000000000000e+00
1.5603290000000001e+00 0.0000000000000000e+00
1.5628540000000000e+00 0.0000000000000000e+00
1.5653790000000001e+00 0.0000000000000000e+00
1.5679050000000001e+00 0.0000000000000000e+00
1.5704300000000000e+00 0.0000000000000000e+00
1.5729550000000001e+00 0.0000000000000000e+00
1.5754809999999999e+00 0.0000000000000000e+00
1.5780060000000000e+00 0.0000000000000000e+00
1.5805320000000000e+00 0.0000000000000000e+00
1.5830569999999999e+00 0.0000000000000000e+00
1.5855820000000000e+00 0.0000000000000000e+00
1.5881080000000001e+00 0.0000000000000000e+00
1.5906330000000000e+00 0.0000000000000000e+00
1.5931580000000001e+00 0.0000000000000000e+00
1.5956840000000001e+00 0.0000000000000000e+00
1.5982090000000000e+00 0.0000000000000000e+00
1.6007350000000000e+00 0.0000000000000000e+00
1.6032599999999999e+00 0.0000000000000000e+00
1.6057850000000000e+00 0.0000000000000000e+00
1.6083110000000000e+00 0.0000000000000000e+00
1.6108359999999999e+00 0.0000000000000000e+00
1.6133620000000000e+00 0.0000000000000000e+00
1.6158870000000001e+00 0.0000000000000000e+00
1.6184120000000000e+00 0.0000000000000000e+00
1.6209380000000000e+00 0.0000000000000000e+00
1.6234630000000001e+00 0.0000000000000000e+00
1.6259880000000000e+00 0.0000000000000000e+00
1.6285140000000000e+00 0.0000000000000000e+00
1.6310389999999999e+00 0.0000000000000000e+00
1.6335649999999999e+00 0.0000000000000000e+00
1.6360900000000000e+00 0.0000000000000000e+00
1.6386149999999999e+00 0.0000000000000000e+00
1.6411410000000000e+00 0.0000000000000000e+00
1.6436660000000001e+00 0.0000000000000000e+00
1.6461920000000001e+00 0.0000000000000000e+00
1.6487170000000000e+00 0.0000000000000000e+00
1.6512420000000001e+00 0.0000000000000000e+00
1.6537679999999999e+00 0.0000000000000000e+00
1.6562930000000000e+00 0.0000000000000000e+00
1.6588179999999999e+00 0.0000000000000000e+00
1.6613439999999999e+00 0.0000000000000000e+00
1.6638690000000000e+00 0.0000000000000000e+00
1.6663950000000001e+00 0.0000000000000000e+00
1.6689200000000000e+00 0.0000000000000000e+00
1.6714450000000001e+00 0.0000000000000000e+00
1.6739710000000001e+00 0.0000000000000000e+00
1.6764960000000000e+00 0.0000000000000000e+00
1.6790210000000001e+00 0.0000000000000000e+00
1.6815469999999999e+00 0.0000000000000000e+00
1.6840720000000000e+00 0.0000000000000000e+00
1.6865980000000000e+00 0.0000000000000000e+00
1.6891229999999999e+00 0.0000000000000000e+00
1.6916480000000000e+00 0.0000000000000000e+00
1.6941740000000001e+00 0.0000000000000000e+00
1.6966990000000000e+00 0.0000000000000000e+00
1.6992250000000000e+00 0.0000000000000000e+00
1.7017500000000001e+00 0.0000000000000000e+00
1.7042750000000000e+00 0.0000000000000000e+00
1.7068010000000000e+00 0.0000000000000000e+00
1.7093259999999999e+00 0.0000000000000000e+00
1.7118510000000000e+00 0.0000000000000000e+00
1.7143770000000000e+00 0.0000000000000000e+00
1.7169019999999999e+00 0.0000000000000000e+00
1.7194280000000000e+00 0.0000000000000000e+00
1.7219530000000001e+00 0.0000000000000000e+00
1.7244780000000000e+00 0.0000000000000000e+00
1.7270040000000000e+00 0.0000000000000000e+00
1.7295290000000001e+00 0.0000000000000000e+00
1.7320540000000000e+00 0.0000000000000000e+00
1.7345800000000000e+00 0.0000000000000000e+00
1.7371049999999999e+00 0.0000000000000000e+00
1.7396309999999999e+00 0.0000000000000000e+00
1.7421560000000000e+00 0.0000000000000000e+00
1.7446809999999999e+00 0.0000000000000000e+00
1.7472070000000000e+00 0.0000000000000000e+00
1.7497320000000001e+00 0.0000000000000000e+00
1.7522580000000001e+00 0.0000000000000000e+00
1.7547830000000000e+00 0.0000000000000000e+00
1.7573080000000001e+00 0.0000000000000000e+00
1.7598339999999999e+00 0.0000000000000000e+00
1.7623590000000000e+00 0.0000000000000000e+00
1.7648839999999999e+00 0.0000000000000000e+00
1.7674099999999999e+00 0.0000000000000000e+00
1.7699350000000000e+00 0.0000000000000000e+00
1.7724610000000001e+00 0.0000000000000000e+00
1.7749860000000000e+00 0.0000000000000000e+00
1.7775110000000001e+00 0.0000000000000000e+00
1.7800370000000001e+00 0.0000000000000000e+00
1.7825620000000000e+00 0.0000000000000000e+00
1.7850870000000001e+00 0.0000000000000000e+00
1.7876129999999999e+00 0.0000000000000000e+00
1.7901380000000000e+00 0.0000000000000000e+00
1.7926640000000000e+00 0.0000000000000000e+00
1.7951889999999999e+00 0.0000000000000000e+00
1.7977140000000000e+00 0.0000000000000000e+00
1.8002400000000001e+00 0.0000000000000000e+00
1.8027650000000000e+00 0.0000000000000000e+00
1.8052910000000000e+00 0.0000000000000000e+00
1.8078160000000001e+00 0.0000000000000000e+00
1.8103410000000000e+00 0.0000000000000000e+00
1.8128670000000000e+00 0.0000000000000000e+00
1.8153919999999999e+00 0.0000000000000000e+00
1.8179170000000000e+00 0.0000000000000000e+00
1.8204430000000000e+00 0.0000000000000000e+00
1.8229679999999999e+00 0.0000000000000000e+00
1.8254940000000000e+00 0.0000000000000000e+00
1.8280190000000001e+00 0.0000000000000000e+00
1.8305439999999999e+00 0.0000000000000000e+00
1.8330700000000000e+00 0.0000000000000000e+00
1.8355950000000001e+00 0.0000000000000000e+00
1.8381200000000000e+00 0.0000000000000000e+00
1.8406460000000000e+00 0.0000000000000000e+00
1.8431709999999999e+00 0.0000000000000000e+00
1.8456969999999999e+00 0.0000000000000000e+00
1.8482220000000000e+00 0.0000000000000000e+00
1.8507469999999999e+00 0.0000000000000000e+00
1.8532729999999999e+00 0.0000000000000000e+00
1.8557980000000001e+00 0.0000000000000000e+00
1.8583240000000001e+00 0.0000000000000000e+00
1.8608490000000000e+00 0.0000000000000000e+00
1.8633740000000001e+00 0.0000000000000000e+00
1.8658999999999999e+00 0.0000000000000000e+00
1.8684250000000000e+00 0.0000000000000000e+00
1.8709499999999999e+00 0.0000000000000000e+00
1.8734759999999999e+00 0.0000000000000000e+00
1.8760010000000000e+00 0.0000000000000000e+00
1.8785270000000001e+00 0.0000000000000000e+00
1.8810519999999999e+00 0.0000000000000000e+00
1.8835770000000001e+00 0.0000000000000000e+00
1.8861030000000001e+00 0.0000000000000000e+00
1.8886280000000000e+00 0.0000000000000000e+00
1.8911530000000001e+00 0.0000000000000000e+00
1.8936789999999999e+00 0.0000000000000000e+00
1.8962040000000000e+00 0.0000000000000000e+00
1.8987300000000000e+00 0.0000000000000000e+00
1.9012549999999999e+00 0.0000000000000000e+00
1.9037800000000000e+00 0.0000000000000000e+00
1.9063060000000001e+00 0.0000000000000000e+00
1.9088309999999999e+00 0.0000000000000000e+00
1.9113570000000000e+00 0.0000000000000000e+00
1.9138820000000001e+00 0.0000000000000000e+00
1.9164070000000000e+00 0.0000000000000000e+00
1.9189330000000000e+00 0.0000000000000000e+00
1.9214580000000001e+00 0.0000000000000000e+00
1.9239830000000000e+00 0.0000000000000000e+00
1.9265090000000000e+00 0.0000000000000000e+00
1.9290339999999999e+00 0.0000000000000000e+00
1.9315599999999999e+00 0.0000000000000000e+00
1.9340850000000001e+00 0.0000000000000000e+00
1.9366099999999999e+00 0.0000000000000000e+00
1.9391360000000000e+00 0.0000000000000000e+00
1.9416610000000001e+00 0.0000000000000000e+00
1.9441870000000001e+00 0.0000000000000000e+00
1.9467120000000000e+00 0.0000000000000000e+00
1.9492370000000001e+00 0.0000000000000000e+00
1.9517629999999999e+00 0.0000000000000000e+00
1.9542880000000000e+00 0.0000000000000000e+00
1.9568129999999999e+00 0.0000000000000000e+00
1.9593389999999999e+00 0.0000000000000000e+00
1.9618640000000001e+00 0.0000000000000000e+00
1.9643900000000001e+00 0.0000000000000000e+00
1.9669150000000000e+00 0.0000000000000000e+00
1.9694400000000001e+00 0.0000000000000000e+00
1.9719660000000001e+00 0.0000000000000000e+00
1.9744910000000000e+00 0.0000000000000000e+00
1.9770160000000001e+00 0.0000000000000000e+00
1.9795419999999999e+00 0.0000000000000000e+00
1.9820670000000000e+00 0.0000000000000000e+00
1.9845930000000001e+00 0.0000000000000000e+00
1.9871179999999999e+00 0.0000000000000000e+00
1.9896430000000001e+00 0.0000000000000000e+00
1.9921690000000001e+00 0.0000000000000000e+00
1.9946940000000000e+00 0.0000000000000000e+00
1.9972200000000000e+00 0.0000000000000000e+00
1.9997450000000001e+00 0.0000000000000000e+00
2.0022700000000002e+00 0.0000000000000000e+00
2.0047959999999998e+00 0.0000000000000000e+00
2.0073210000000001e+00 0.0000000000000000e+00
2.0098460000000000e+00 0.0000000000000000e+00
2.0123720000000000e+00 0.0000000000000000e+00
2.0148969999999999e+00 0.0000000000000000e+00
2.0174230000000000e+00 0.0000000000000000e+00
2.0199479999999999e+00 0.0000000000000000e+00
2.0224730000000002e+00 0.0000000000000000e+00
2.0249990000000002e+00 0.0000000000000000e+00
2.0275240000000001e+00 0.0000000000000000e+00
2.0300490000000000e+00 0.0000000000000000e+00
2.0325750000000000e+00 0.0000000000000000e+00
2.0350999999999999e+00 0.0000000000000000e+00
2.0376259999999999e+00 0.0000000000000000e+00
2.0401509999999998e+00 0.0000000000000000e+00
2.0426760000000002e+00 0.0000000000000000e+00
2.0452020000000002e+00 0.0000000000000000e+00
2.0477270000000001e+00 0.0000000000000000e+00
2.0502530000000001e+00 0.0000000000000000e+00
2.0527780000000000e+00 0.0000000000000000e+00
2.0553029999999999e+00 0.0000000000000000e+00
2.0578289999999999e+00 0.0000000000000000e+00
2.0603539999999998e+00 0.0000000000000000e+00
2.0628790000000001e+00 0.0000000000000000e+00
2.0654050000000002e+00 0.0000000000000000e+00
2.0679300000000000e+00 0.0000000000000000e+00
2.0704560000000001e+00 0.0000000000000000e+00
2.0729810000000000e+00 0.0000000000000000e+00
2.0755059999999999e+00 0.0000000000000000e+00
2.0780319999999999e+00 0.0000000000000000e+00
2.0805570000000002e+00 0.0000000000000000e+00
2.0830820000000001e+00 0.0000000000000000e+00
2.0856080000000001e+00 0.0000000000000000e+00
2.0881330000000000e+00 0.0000000000000000e+00
2.0906590000000000e+00 0.0000000000000000e+00
2.0931839999999999e+00 0.0000000000000000e+00
2.0957089999999998e+00 0.0000000000000000e+00
2.0982349999999999e+00 0.0000000000000000e+00
2.1007600000000002e+00 0.0000000000000000e+00
2.1032860000000002e+00 0.0000000000000000e+00
2.1058110000000001e+00 0.0000000000000000e+00
2.1083360000000000e+00 0.0000000000000000e+00
2.1108620000000000e+00 0.0000000000000000e+00
2.1133869999999999e+00 0.0000000000000000e+00
2.1159119999999998e+00 0.0000000000000000e+00
2.1184379999999998e+00 0.0000000000000000e+00
2.1209630000000002e+00 0.0000000000000000e+00
2.1234890000000002e+00 0.0000000000000000e+00
2.1260140000000001e+00 0.0000000000000000e+00
2.1285390000000000e+00 0.0000000000000000e+00
2.1310650000000000e+00 0.0000000000000000e+00
2.1335899999999999e+00 0.0000000000000000e+00
2.1361150000000002e+00 0.0000000000000000e+00
2.1386409999999998e+00 0.0000000000000000e+00
2.1411660000000001e+00 0.0000000000000000e+00
2.1436920000000002e+00 0.0000000000000000e+00
2.1462170000000000e+00 0.0000000000000000e+00
2.1487419999999999e+00 0.0000000000000000e+00
2.1512680000000000e+00 0.0000000000000000e+00
2.1537929999999998e+00 0.0000000000000000e+00
2.1563189999999999e+00 0.0000000000000000e+00
2.1588440000000002e+00 0.0000000000000000e+00
2.1613690000000001e+00 0.0000000000000000e+00
2.1638950000000001e+00 0.0000000000000000e+00
2.1664200000000000e+00 0.0000000000000000e+00
2.1689449999999999e+00 0.0000000000000000e+00
2.1714709999999999e+00 0.0000000000000000e+00
2.1739959999999998e+00 0.0000000000000000e+00
2.1765219999999998e+00 0.0000000000000000e+00
2.1790470000000002e+00 0.0000000000000000e+00
2.1815720000000001e+00 0.0000000000000000e+00
2.1840980000000001e+00 0.0000000000000000e+00
2.1866230000000000e+00 0.0000000000000000e+00
2.1891479999999999e+00 0.0000000000000000e+00
2.1916739999999999e+00 0.0000000000000000e+00
2.1941989999999998e+00 0.0000000000000000e+00
2.1967249999999998e+00 0.0000000000000000e+00
2.1992500000000001e+00 0.0000000000000000e+00
2.2017750000000000e+00 0.0000000000000000e+00
2.2043010000000001e+00 0.0000000000000000e+00
2.2068260000000000e+00 0.0000000000000000e+00
2.2093520000000000e+00 0.0000000000000000e+00
2.2118769999999999e+00 0.0000000000000000e+00
2.2144020000000002e+00 0.0000000000000000e+00
2.2169279999999998e+00 0.0000000000000000e+00
2.2194530000000001e+00 0.0000000000000000e+00
2.2219780000000000e+00 0.0000000000000000e+00
2.2245040000000000e+00 0.0000000000000000e+00
2.2270289999999999e+00 0.0000000000000000e+00
2.2295550000000000e+00 0.0000000000000000e+00
2.2320799999999998e+00 0.0000000000000000e+00
2.2346050000000002e+00 0.0000000000000000e+00
2.2371310000000002e+00 0.0000000000000000e+00
2.2396560000000001e+00 0.0000000000000000e+00
2.2421820000000001e+00 0.0000000000000000e+00
2.2447070000000000e+00 0.0000000000000000e+00
2.2472319999999999e+00 0.0000000000000000e+00
2.2497579999999999e+00 0.0000000000000000e+00
2.2522829999999998e+00 0.0000000000000000e+00
2.2548080000000001e+00 0.0000000000000000e+00
2.2573340000000002e+00 0.0000000000000000e+00
2.2598590000000001e+00 0.0000000000000000e+00
2.2623850000000001e+00 0.0000000000000000e+00
2.2649100000000000e+00 0.0000000000000000e+00
2.2674349999999999e+00 0.0000000000000000e+00
2.2699609999999999e+00 0.0000000000000000e+00
2.2724859999999998e+00 0.0000000000000000e+00
2.2750110000000001e+00 0.0000000000000000e+00
2.2775370000000001e+00 0.0000000000000000e+00
2.2800620000000000e+00 0.0000000000000000e+00
2.2825880000000001e+00 0.0000000000000000e+00
2.2851129999999999e+00 0.0000000000000000e+00
2.2876379999999998e+00 0.0000000000000000e+00
2.2901639999999999e+00 0.0000000000000000e+00
2.2926890000000002e+00 0.0000000000000000e+00
2.2952149999999998e+00 0.0000000000000000e+00
2.2977400000000001e+00 0.0000000000000000e+00
2.3002650000000000e+00 0.0000000000000000e+00
2.3027910000000000e+00 0.0000000000000000e+00
2.3053159999999999e+00 0.0000000000000000e+00
2.3078409999999998e+00 0.0000000000000000e+00
2.3103669999999998e+00 0.0000000000000000e+00
2.3128920000000002e+00 0.0000000000000000e+00
2.3154180000000002e+00 0.0000000000000000e+00
2.3179430000000001e+00 0.0000000000000000e+00
2.3204680000000000e+00 0.0000000000000000e+00
2.3229940000000000e+00 0.0000000000000000e+00
2.3255189999999999e+00 0.0000000000000000e+00
2.3280439999999998e+00 0.0000000000000000e+00
2.3305699999999998e+00 0.0000000000000000e+00
2.3330950000000001e+00 0.0000000000000000e+00
2.3356210000000002e+00 0.0000000000000000e+00
2.3381460000000001e+00 0.0000000000000000e+00
2.3406709999999999e+00 0.0000000000000000e+00
2.3431970000000000e+00 0.0000000000000000e+00
2.3457219999999999e+00 0.0000000000000000e+00
2.3482479999999999e+00 0.0000000000000000e+00
2.3507729999999998e+00 0.0000000000000000e+00
2.3532980000000001e+00 0.0000000000000000e+00
2.3558240000000001e+00 0.0000000000000000e+00
2.3583490000000000e+00 0.0000000000000000e+00
2.3608739999999999e+00 0.0000000000000000e+00
2.3633999999999999e+00 0.0000000000000000e+00
2.3659249999999998e+00 0.0000000000000000e+00
2.3684509999999999e+00 0.0000000000000000e+00
2.3709760000000002e+00 0.0000000000000000e+00
2.3735010000000001e+00 0.0000000000000000e+00
2.3760270000000001e+00 0.0000000000000000e+00
2.3785520000000000e+00 0.0000000000000000e+00
2.3810769999999999e+00 0.0000000000000000e+00
2.3836029999999999e+00 0.0000000000000000e+00
2.3861279999999998e+00 0.0000000000000000e+00
2.3886539999999998e+00 0.0000000000000000e+00
2.3911790000000002e+00 0.0000000000000000e+00
2.3937040000000001e+00 0.0000000000000000e+00
2.3962300000000001e+00 0.0000000000000000e+00
2.3987550000000000e+00 0.0000000000000000e+00
2.4012810000000000e+00 0.0000000000000000e+00
2.4038059999999999e+00 0.0000000000000000e+00
2.4063310000000002e+00 0.0000000000000000e+00
2.4088569999999998e+00 0.0000000000000000e+00
2.4113820000000001e+00 0.0000000000000000e+00
2.4139070000000000e+00 0.0000000000000000e+00
2.4164330000000001e+00 0.0000000000000000e+00
2.4189579999999999e+00 0.0000000000000000e+00
2.4214840000000000e+00 0.0000000000000000e+00
2.4240089999999999e+00 0.0000000000000000e+00
2.4265340000000002e+00 0.0000000000000000e+00
2.4290600000000002e+00 0.0000000000000000e+00
2.4315850000000001e+00 0.0000000000000000e+00
2.4341100000000000e+00 0.0000000000000000e+00
2.4366360000000000e+00 0.0000000000000000e+00
2.4391609999999999e+00 0.0000000000000000e+00
2.4416869999999999e+00 0.0000000000000000e+00
2.4442119999999998e+00 0.0000000000000000e+00
2.4467370000000002e+00 0.0000000000000000e+00
2.4492630000000002e+00 0.0000000000000000e+00
2.4517880000000001e+00 0.0000000000000000e+00
2.4543140000000001e+00 0.0000000000000000e+00
2.4568390000000000e+00 0.0000000000000000e+00
2.4593639999999999e+00 0.0000000000000000e+00
2.4618899999999999e+00 0.0000000000000000e+00
2.4644149999999998e+00 0.0000000000000000e+00
2.4669400000000001e+00 0.0000000000000000e+00
2.4694660000000002e+00 0.0000000000000000e+00
2.4719910000000000e+00 0.0000000000000000e+00
2.4745170000000001e+00 0.0000000000000000e+00
2.4770420000000000e+00 0.0000000000000000e+00
2.4795669999999999e+00 0.0000000000000000e+00
2.4820929999999999e+00 0.0000000000000000e+00
2.4846180000000002e+00 0.0000000000000000e+00
2.4871430000000001e+00 0.0000000000000000e+00
2.4896690000000001e+00 0.0000000000000000e+00
2.4921940000000000e+00 0.0000000000000000e+00
2.4947200000000000e+00 0.0000000000000000e+00
2.4972449999999999e+00 0.0000000000000000e+00
2.4997699999999998e+00 0.0000000000000000e+00
2.5022959999999999e+00 0.0000000000000000e+00
2.5048210000000002e+00 0.0000000000000000e+00
2.5073470000000002e+00 0.0000000000000000e+00
2.5098720000000001e+00 0.0000000000000000e+00
2.5123970000000000e+00 0.0000000000000000e+00
2.5149230000000000e+00 0.0000000000000000e+00
2.5174479999999999e+00 0.0000000000000000e+00
2.5199729999999998e+00 0.0000000000000000e+00
2.5224989999999998e+00 0.0000000000000000e+00
2.5250240000000002e+00 0.0000000000000000e+00
2.5275500000000002e+00 0.0000000000000000e+00
2.5300750000000001e+00 0.0000000000000000e+00
2.5326000000000000e+00 0.0000000000000000e+00
2.5351260000000000e+00 0.0000000000000000e+00
2.5376509999999999e+00 0.0000000000000000e+00
2.5401769999999999e+00 0.0000000000000000e+00
2.5427019999999998e+00 0.0000000000000000e+00
2.5452270000000001e+00 0.0000000000000000e+00
2.5477530000000002e+00 0.0000000000000000e+00
2.5502780000000000e+00 0.0000000000000000e+00
2.5528029999999999e+00 0.0000000000000000e+00
2.5553290000000000e+00 0.0000000000000000e+00
2.5578539999999998e+00 0.0000000000000000e+00
2.5603799999999999e+00 0.0000000000000000e+00
2.5629050000000002e+00 0.0000000000000000e+00
2.5654300000000001e+00 0.0000000000000000e+00
2.5679560000000001e+00 0.0000000000000000e+00
2.5704810000000000e+00 0.0000000000000000e+00
2.5730059999999999e+00 0.0000000000000000e+00
2.5755319999999999e+00 0.0000000000000000e+00
2.5780569999999998e+00 0.0000000000000000e+00
2.5805829999999998e+00 0.0000000000000000e+00
2.5831080000000002e+00 0.0000000000000000e+00
2.5856330000000001e+00 0.0000000000000000e+00
2.5881590000000001e+00 0.0000000000000000e+00
2.5906840000000000e+00 0.0000000000000000e+00
2.5932100000000000e+00 0.0000000000000000e+00
2.5957349999999999e+00 0.0000000000000000e+00
2.5982599999999998e+00 0.0000000000000000e+00
2.6007859999999998e+00 0.0000000000000000e+00
2.6033110000000002e+00 0.0000000000000000e+00
2.6058360000000000e+00 0.0000000000000000e+00
2.6083620000000001e+00 0.0000000000000000e+00
2.6108870000000000e+00 0.0000000000000000e+00
2.6134130000000000e+00 0.0000000000000000e+00
2.6159379999999999e+00 0.0000000000000000e+00
2.6184630000000002e+00 0.0000000000000000e+00
2.6209889999999998e+00 0.0000000000000000e+00
2.6235140000000001e+00 0.0000000000000000e+00
2.6260390000000000e+00 0.0000000000000000e+00
2.6285650000000000e+00 0.0000000000000000e+00
2.6310899999999999e+00 0.0000000000000000e+00
2.6336160000000000e+00 0.0000000000000000e+00
2.6361409999999998e+00 0.0000000000000000e+00
2.6386660000000002e+00 0.0000000000000000e+00
2.6411920000000002e+00 0.0000000000000000e+00
2.6437170000000001e+00 0.0000000000000000e+00
2.6462430000000001e+00 0.0000000000000000e+00
2.6487680000000000e+00 0.0000000000000000e+00
2.6512929999999999e+00 0.0000000000000000e+00
2.6538189999999999e+00 0.0000000000000000e+00
2.6563439999999998e+00 0.0000000000000000e+00
2.6588690000000001e+00 0.0000000000000000e+00
2.6613950000000002e+00 0.0000000000000000e+00
2.6639200000000001e+00 0.0000000000000000e+00
2.6664460000000001e+00 0.0000000000000000e+00
2.6689710000000000e+00 0.0000000000000000e+00
2.6714959999999999e+00 0.0000000000000000e+00
2.6740219999999999e+00 0.0000000000000000e+00
2.6765469999999998e+00 0.0000000000000000e+00
2.6790720000000001e+00 0.0000000000000000e+00
2.6815980000000001e+00 0.0000000000000000e+00
2.6841230000000000e+00 0.0000000000000000e+00
2.6866490000000001e+00 0.0000000000000000e+00
2.6891740000000000e+00 0.0000000000000000e+00
2.6916989999999998e+00 0.0000000000000000e+00
2.6942249999999999e+00 0.0000000000000000e+00
2.6967500000000002e+00 0.0000000000000000e+00
2.6992759999999998e+00 0.0000000000000000e+00
2.7018010000000001e+00 0.0000000000000000e+00
2.7043260000000000e+00 0.0000000000000000e+00
2.7068520000000000e+00 0.0000000000000000e+00
2.7093769999999999e+00 0.0000000000000000e+00
2.7119019999999998e+00 0.0000000000000000e+00
2.7144279999999998e+00 0.0000000000000000e+00
2.7169530000000002e+00 0.0000000000000000e+00
2.7194790000000002e+00 0.0000000000000000e+00
2.7220040000000001e+00 0.0000000000000000e+00
2.7245290000000000e+00 0.0000000000000000e+00
2.7270550000000000e+00 0.0000000000000000e+00
2.7295799999999999e+00 0.0000000000000000e+00
2.7321049999999998e+00 0.0000000000000000e+00
2.7346309999999998e+00 0.0000000000000000e+00
2.7371560000000001e+00 0.0000000000000000e+00
2.7396820000000002e+00 0.0000000000000000e+00
2.7422070000000001e+00 0.0000000000000000e+00
2.7447319999999999e+00 0.0000000000000000e+00
2.7472580000000000e+00 0.0000000000000000e+00
2.7497829999999999e+00 0.0000000000000000e+00
2.7523089999999999e+00 0.0000000000000000e+00
2.7548339999999998e+00 0.0000000000000000e+00
2.7573590000000001e+00 0.0000000000000000e+00
2.7598850000000001e+00 0.0000000000000000e+00
2.7624100000000000e+00 0.0000000000000000e+00
2.7649349999999999e+00 0.0000000000000000e+00
2.7674609999999999e+00 0.0000000000000000e+00
2.7699859999999998e+00 0.0000000000000000e+00
2.7725119999999999e+00 0.0000000000000000e+00
2.7750370000000002e+00 0.0000000000000000e+00
2.7775620000000001e+00 0.0000000000000000e+00
2.7800880000000001e+00 0.0000000000000000e+00
2.7826130000000000e+00 0.0000000000000000e+00
2.7851379999999999e+00 0.0000000000000000e+00
2.7876639999999999e+00 0.0000000000000000e+00
2.7901889999999998e+00 0.0000000000000000e+00
2.7927149999999998e+00 0.0000000000000000e+00
2.7952400000000002e+00 0.0000000000000000e+00
2.7977650000000001e+00 0.0000000000000000e+00
2.8002910000000001e+00 0.0000000000000000e+00
2.8028160000000000e+00 0.0000000000000000e+00
2.8053420000000000e+00 0.0000000000000000e+00
2.8078669999999999e+00 0.0000000000000000e+00
2.8103919999999998e+00 0.0000000000000000e+00
2.8129179999999998e+00 0.0000000000000000e+00
2.8154430000000001e+00 0.0000000000000000e+00
2.8179680000000000e+00 0.0000000000000000e+00
2.8204940000000001e+00 0.0000000000000000e+00
2.8230189999999999e+00 0.0000000000000000e+00
2.8255450000000000e+00 0.0000000000000000e+00
2.8280699999999999e+00 0.0000000000000000e+00
2.8305950000000002e+00 0.0000000000000000e+00
2.8331209999999998e+00 0.0000000000000000e+00
2.8356460000000001e+00 0.0000000000000000e+00
2.8381720000000001e+00 0.0000000000000000e+00
2.8406970000000000e+00 0.0000000000000000e+00
2.8432219999999999e+00 0.0000000000000000e+00
2.8457479999999999e+00 0.0000000000000000e+00
2.8482729999999998e+00 0.0000000000000000e+00
2.8507980000000002e+00 0.0000000000000000e+00
2.8533240000000002e+00 0.0000000000000000e+00
2.8558490000000001e+00 0.0000000000000000e+00
2.8583750000000001e+00 0.0000000000000000e+00
2.8609000000000000e+00 0.0000000000000000e+00
2.8634249999999999e+00 0.0000000000000000e+00
2.8659509999999999e+00 0.0000000000000000e+00
2.8684759999999998e+00 0.0000000000000000e+00
2.8710010000000001e+00 0.0000000000000000e+00
2.8735270000000002e+00 0.0000000000000000e+00
2.8760520000000001e+00 0.0000000000000000e+00
2.8785780000000001e+00 0.0000000000000000e+00
2.8811030000000000e+00 0.0000000000000000e+00
2.8836279999999999e+00 0.0000000000000000e+00
2.8861539999999999e+00 0.0000000000000000e+00
2.8886790000000002e+00 0.0000000000000000e+00
2.8912049999999998e+00 0.0000000000000000e+00
2.8937300000000001e+00 0.0000000000000000e+00
2.8962550000000000e+00 0.0000000000000000e+00
2.8987810000000001e+00 0.0000000000000000e+00
2.9013059999999999e+00 0.0000000000000000e+00
2.9038309999999998e+00 0.0000000000000000e+00
2.9063569999999999e+00 0.0000000000000000e+00
2.9088820000000002e+00 0.0000000000000000e+00
2.9114080000000002e+00 0.0000000000000000e+00
2.9139330000000001e+00 0.0000000000000000e+00
2.9164580000000000e+00 0.0000000000000000e+00
2.9189840000000000e+00 0.0000000000000000e+00
2.9215089999999999e+00 0.0000000000000000e+00
2.9240339999999998e+00 0.0000000000000000e+00
2.9265599999999998e+00 0.0000000000000000e+00
2.9290850000000002e+00 0.0000000000000000e+00
2.9316110000000002e+00 0.0000000000000000e+00
2.9341360000000001e+00 0.0000000000000000e+00
2.9366610000000000e+00 0.0000000000000000e+00
2.9391870000000000e+00 0.0000000000000000e+00
2.9417119999999999e+00 0.0000000000000000e+00
2.9442379999999999e+00 0.0000000000000000e+00
2.9467629999999998e+00 0.0000000000000000e+00
2.9492880000000001e+00 0.0000000000000000e+00
2.9518140000000002e+00 0.0000000000000000e+00
2.9543390000000000e+00 0.0000000000000000e+00
2.9568639999999999e+00 0.0000000000000000e+00
2.9593900000000000e+00 0.0000000000000000e+00
2.9619149999999999e+00 0.0000000000000000e+00
2.9644409999999999e+00 0.0000000000000000e+00
2.9669660000000002e+00 0.0000000000000000e+00
2.9694910000000001e+00 0.0000000000000000e+00
2.9720170000000001e+00 0.0000000000000000e+00
2.9745420000000000e+00 0.0000000000000000e+00
2.9770669999999999e+00 0.0000000000000000e+00
2.9795929999999999e+00 0.0000000000000000e+00
2.9821179999999998e+00 0.0000000000000000e+00
2.9846439999999999e+00 0.0000000000000000e+00
2.9871690000000002e+00 0.0000000000000000e+00
2.9896940000000001e+00 0.0000000000000000e+00
2.9922200000000001e+00 0.0000000000000000e+00
2.9947450000000000e+00 0.0000000000000000e+00
2.9972710000000000e+00 0.0000000000000000e+00
2.9997959999999999e+00 0.0000000000000000e+00
3.0023209999999998e+00 0.0000000000000000e+00
3.0048469999999998e+00 0.0000000000000000e+00
3.0073720000000002e+00 0.0000000000000000e+00
3.0098970000000000e+00 0.0000000000000000e+00
3.0124230000000001e+00 0.0000000000000000e+00
3.0149480000000000e+00 0.0000000000000000e+00
3.0174740000000000e+00 0.0000000000000000e+00
3.0199989999999999e+00 0.0000000000000000e+00
3.0225240000000002e+00 0.0000000000000000e+00
3.0250499999999998e+00 0.0000000000000000e+00
3.0275750000000001e+00 0.0000000000000000e+00
3.0301000000000000e+00 0.0000000000000000e+00
3.0326260000000000e+00 0.0000000000000000e+00
3.0351509999999999e+00 0.0000000000000000e+00
3.0376770000000000e+00 0.0000000000000000e+00
3.0402019999999998e+00 0.0000000000000000e+00
3.0427270000000002e+00 0.0000000000000000e+00
3.0452530000000002e+00 0.0000000000000000e+00
3.0477780000000001e+00 0.0000000000000000e+00
3.0503040000000001e+00 0.0000000000000000e+00
3.0528290000000000e+00 0.0000000000000000e+00
3.0553539999999999e+00 0.0000000000000000e+00
3.0578799999999999e+00 0.0000000000000000e+00
3.0604049999999998e+00 0.0000000000000000e+00
3.0629300000000002e+00 0.0000000000000000e+00
3.0654560000000002e+00 0.0000000000000000e+00
3.0679810000000001e+00 0.0000000000000000e+00
3.0705070000000001e+00 0.0000000000000000e+00
3.0730320000000000e+00 0.0000000000000000e+00
3.0755569999999999e+00 0.0000000000000000e+00
3.0780829999999999e+00 0.0000000000000000e+00
3.0806079999999998e+00 0.0000000000000000e+00
3.0831330000000001e+00 0.0000000000000000e+00
3.0856590000000002e+00 0.0000000000000000e+00
3.0881840000000000e+00 0.0000000000000000e+00
3.0907100000000001e+00 0.0000000000000000e+00
3.0932350000000000e+00 0.0000000000000000e+00
3.0957599999999998e+00 0.0000000000000000e+00
3.0982859999999999e+00 0.0000000000000000e+00
3.1008110000000002e+00 0.0000000000000000e+00
3.1033369999999998e+00 0.0000000000000000e+00
3.1058620000000001e+00 0.0000000000000000e+00
3.1083870000000000e+00 0.0000000000000000e+00
3.1109130000000000e+00 0.0000000000000000e+00
3.1134379999999999e+00 0.0000000000000000e+00
3.1159629999999998e+00 0.0000000000000000e+00
3.1184889999999998e+00 0.0000000000000000e+00
3.1210140000000002e+00 0.0000000000000000e+00
3.1235400000000002e+00 0.0000000000000000e+00
3.1260650000000001e+00 0.0000000000000000e+00
3.1285900000000000e+00 0.0000000000000000e+00
3.1311160000000000e+00 0.0000000000000000e+00
3.1336409999999999e+00 0.0000000000000000e+00
3.1361669999999999e+00 0.0000000000000000e+00
3.1386919999999998e+00 0.0000000000000000e+00
3.1412170000000001e+00 0.0000000000000000e+00
3.1437430000000002e+00 0.0000000000000000e+00
3.1462680000000001e+00 0.0000000000000000e+00
3.1487930000000000e+00 0.0000000000000000e+00
3.1513190000000000e+00 0.0000000000000000e+00
3.1538439999999999e+00 0.0000000000000000e+00
3.1563699999999999e+00 0.0000000000000000e+00
3.1588949999999998e+00 0.0000000000000000e+00
3.1614200000000001e+00 0.0000000000000000e+00
3.1639460000000001e+00 0.0000000000000000e+00
3.1664710000000000e+00 0.0000000000000000e+00
3.1689959999999999e+00 0.0000000000000000e+00
3.1715220000000000e+00 0.0000000000000000e+00
3.1740469999999998e+00 0.0000000000000000e+00
3.1765729999999999e+00 0.0000000000000000e+00
3.1790980000000002e+00 0.0000000000000000e+00
3.1816230000000001e+00 0.0000000000000000e+00
3.1841490000000001e+00 0.0000000000000000e+00
3.1866740000000000e+00 0.0000000000000000e+00
3.1892000000000000e+00 0.0000000000000000e+00
3.1917249999999999e+00 0.0000000000000000e+00
3.1942499999999998e+00 0.0000000000000000e+00
3.1967759999999998e+00 0.0000000000000000e+00
3.1993010000000002e+00 0.0000000000000000e+00
3.2018260000000001e+00 0.0000000000000000e+00
3.2043520000000001e+00 0.0000000000000000e+00
3.2068770000000000e+00 0.0000000000000000e+00
3.2094030000000000e+00 0.0000000000000000e+00
3.2119279999999999e+00 0.0000000000000000e+00
3.2144529999999998e+00 0.0000000000000000e+00
3.2169789999999998e+00 0.0000000000000000e+00
3.2195040000000001e+00 0.0000000000000000e+00
3.2220290000000000e+00 0.0000000000000000e+00
3.2245550000000001e+00 0.0000000000000000e+00
3.2270799999999999e+00 0.0000000000000000e+00
3.2296060000000000e+00 0.0000000000000000e+00
3.2321309999999999e+00 0.0000000000000000e+00
3.2346560000000002e+00 0.0000000000000000e+00
3.2371819999999998e+00 0.0000000000000000e+00
3.2397070000000001e+00 0.0000000000000000e+00
3.2422330000000001e+00 0.0000000000000000e+00
3.2447580000000000e+00 0.0000000000000000e+00
3.2472829999999999e+00 0.0000000000000000e+00
3.2498089999999999e+00 0.0000000000000000e+00
3.2523339999999998e+00 0.0000000000000000e+00
3.2548590000000002e+00 0.0000000000000000e+00
3.2573850000000002e+00 0.0000000000000000e+00
3.2599100000000001e+00 0.0000000000000000e+00
3.2624360000000001e+00 0.0000000000000000e+00
3.2649610000000000e+00 0.0000000000000000e+00
3.2674859999999999e+00 0.0000000000000000e+00
3.2700119999999999e+00 0.0000000000000000e+00
3.2725369999999998e+00 0.0000000000000000e+00
3.2750620000000001e+00 0.0000000000000000e+00
3.2775880000000002e+00 0.0000000000000000e+00
3.2801130000000001e+00 0.0000000000000000e+00
3.2826390000000001e+00 0.0000000000000000e+00
3.2851640000000000e+00 0.0000000000000000e+00
3.2876889999999999e+00 0.0000000000000000e+00
3.2902149999999999e+00 0.0000000000000000e+00
3.2927399999999998e+00 0.0000000000000000e+00
3.2952659999999998e+00 0.0000000000000000e+00
3.2977910000000001e+00 0.0000000000000000e+00
3.3003160000000000e+00 0.0000000000000000e+00
3.3028420000000001e+00 0.0000000000000000e+00
3.3053669999999999e+00 0.0000000000000000e+00
3.3078919999999998e+00 0.0000000000000000e+00
3.3104179999999999e+00 0.0000000000000000e+00
3.3129430000000002e+00 0.0000000000000000e+00
3.3154690000000002e+00 0.0000000000000000e+00
3.3179940000000001e+00 0.0000000000000000e+00
3.3205190000000000e+00 0.0000000000000000e+00
3.3230450000000000e+00 0.0000000000000000e+00
3.3255699999999999e+00 0.0000000000000000e+00
3.3280949999999998e+00 0.0000000000000000e+00
3.3306209999999998e+00 0.0000000000000000e+00
3.3331460000000002e+00 0.0000000000000000e+00
3.3356720000000002e+00 0.0000000000000000e+00
3.3381970000000001e+00 0.0000000000000000e+00
3.3407220000000000e+00 0.0000000000000000e+00
3.3432480000000000e+00 0.0000000000000000e+00
3.3457729999999999e+00 0.0000000000000000e+00
3.3482989999999999e+00 0.0000000000000000e+00
3.3508239999999998e+00 0.0000000000000000e+00
3.3533490000000001e+00 0.0000000000000000e+00
3.3558750000000002e+00 0.0000000000000000e+00
3.3584000000000001e+00 0.0000000000000000e+00
3.3609249999999999e+00 0.0000000000000000e+00
3.3634510000000000e+00 0.0000000000000000e+00
3.3659759999999999e+00 0.0000000000000000e+00
3.3685019999999999e+00 0.0000000000000000e+00
3.3710270000000002e+00 0.0000000000000000e+00
3.3735520000000001e+00 0.0000000000000000e+00
3.3760780000000001e+00 0.0000000000000000e+00
3.3786030000000000e+00 0.0000000000000000e+00
3.3811290000000001e+00 0.0000000000000000e+00
3.3836539999999999e+00 0.0000000000000000e+00
3.3861789999999998e+00 0.0000000000000000e+00
3.3887049999999999e+00 0.0000000000000000e+00
3.3912300000000002e+00 0.0000000000000000e+00
3.3937550000000001e+00 0.0000000000000000e+00
3.3962810000000001e+00 0.0000000000000000e+00
3.3988060000000000e+00 0.0000000000000000e+00
3.4013320000000000e+00 0.0000000000000000e+00
3.4038569999999999e+00 0.0000000000000000e+00
3.4063819999999998e+00 0.0000000000000000e+00
3.4089079999999998e+00 0.0000000000000000e+00
3.4114330000000002e+00 0.0000000000000000e+00
3.4139580000000000e+00 0.0000000000000000e+00
3.4164840000000001e+00 0.0000000000000000e+00
3.4190090000000000e+00 0.0000000000000000e+00
3.4215350000000000e+00 0.0000000000000000e+00
3.4240599999999999e+00 0.0000000000000000e+00
3.4265850000000002e+00 0.0000000000000000e+00
3.4291109999999998e+00 0.0000000000000000e+00
3.4316360000000001e+00 0.0000000000000000e+00
3.4341620000000002e+00 0.0000000000000000e+00
3.4366870000000000e+00 0.0000000000000000e+00
3.4392119999999999e+00 0.0000000000000000e+00
3.4417380000000000e+00 0.0000000000000000e+00
3.4442629999999999e+00 0.0000000000000000e+00
3.4467880000000002e+00 0.0000000000000000e+00
3.4493140000000002e+00 0.0000000000000000e+00
3.4518390000000001e+00 0.0000000000000000e+00
3.4543650000000001e+00 0.0000000000000000e+00
3.4568900000000000e+00 0.0000000000000000e+00
3.4594149999999999e+00 0.0000000000000000e+00
3.4619409999999999e+00 0.0000000000000000e+00
3.4644659999999998e+00 0.0000000000000000e+00
3.4669910000000002e+00 0.0000000000000000e+00
3.4695170000000002e+00 0.0000000000000000e+00
3.4720420000000001e+00 0.0000000000000000e+00
3.4745680000000001e+00 0.0000000000000000e+00
3.4770930000000000e+00 0.0000000000000000e+00
3.4796179999999999e+00 0.0000000000000000e+00
3.4821439999999999e+00 0.0000000000000000e+00
3.4846689999999998e+00 0.0000000000000000e+00
3.4871949999999998e+00 0.0000000000000000e+00
3.4897200000000002e+00 0.0000000000000000e+00
3.4922450000000000e+00 0.0000000000000000e+00
3.4947710000000001e+00 0.0000000000000000e+00
3.4972960000000000e+00 0.0000000000000000e+00
3.4998209999999998e+00 0.0000000000000000e+00
3.5023469999999999e+00 0.0000000000000000e+00
3.5048720000000002e+00 0.0000000000000000e+00
3.5073979999999998e+00 0.0000000000000000e+00
3.5099230000000001e+00 0.0000000000000000e+00
3.5124480000000000e+00 0.0000000000000000e+00
3.5149740000000000e+00 0.0000000000000000e+00
3.5174989999999999e+00 0.0000000000000000e+00
3.5200239999999998e+00 0.0000000000000000e+00
3.5225499999999998e+00 0.0000000000000000e+00
3.5250750000000002e+00 0.0000000000000000e+00
3.5276010000000002e+00 0.0000000000000000e+00
3.5301260000000001e+00 0.0000000000000000e+00
3.5326510000000000e+00 0.0000000000000000e+00
3.5351770000000000e+00 0.0000000000000000e+00
3.5377019999999999e+00 0.0000000000000000e+00
3.5402279999999999e+00 0.0000000000000000e+00
3.5427529999999998e+00 0.0000000000000000e+00
3.5452780000000002e+00 0.0000000000000000e+00
3.5478040000000002e+00 0.0000000000000000e+00
3.5503290000000001e+00 0.0000000000000000e+00
3.5528540000000000e+00 0.0000000000000000e+00
3.5553800000000000e+00 0.0000000000000000e+00
3.5579049999999999e+00 0.0000000000000000e+00
3.5604309999999999e+00 0.0000000000000000e+00
3.5629559999999998e+00 0.0000000000000000e+00
3.5654810000000001e+00 0.0000000000000000e+00
3.5680070000000002e+00 0.0000000000000000e+00
3.5705320000000000e+00 0.0000000000000000e+00
3.5730569999999999e+00 0.0000000000000000e+00
3.5755830000000000e+00 0.0000000000000000e+00
3.5781079999999998e+00 0.0000000000000000e+00
3.5806339999999999e+00 0.0000000000000000e+00
3.5831590000000002e+00 0.0000000000000000e+00
3.5856840000000001e+00 0.0000000000000000e+00
3.5882100000000001e+00 0.0000000000000000e+00
3.5907350000000000e+00 0.0000000000000000e+00
3.5932610000000000e+00 0.0000000000000000e+00
3.5957859999999999e+00 0.0000000000000000e+00
3.5983109999999998e+00 0.0000000000000000e+00
3.6008369999999998e+00 0.0000000000000000e+00
3.6033620000000002e+00 0.0000000000000000e+00
3.6058870000000001e+00 0.0000000000000000e+00
3.6084130000000001e+00 0.0000000000000000e+00
3.6109380000000000e+00 0.0000000000000000e+00
3.6134640000000000e+00 0.0000000000000000e+00
3.6159889999999999e+00 0.0000000000000000e+00
3.6185139999999998e+00 0.0000000000000000e+00
3.6210399999999998e+00 0.0000000000000000e+00
3.6235650000000001e+00 0.0000000000000000e+00
3.6260900000000000e+00 0.0000000000000000e+00
3.6286160000000001e+00 0.0000000000000000e+00
3.6311410000000000e+00 0.0000000000000000e+00
3.6336670000000000e+00 0.0000000000000000e+00
3.6361919999999999e+00 0.0000000000000000e+00
3.6387170000000002e+00 0.0000000000000000e+00
3.6412429999999998e+00 0.0000000000000000e+00
3.6437680000000001e+00 0.0000000000000000e+00
3.6462940000000001e+00 0.0000000000000000e+00
3.6488190000000000e+00 0.0000000000000000e+00
3.6513439999999999e+00 0.0000000000000000e+00
3.6538700000000000e+00 0.0000000000000000e+00
3.6563949999999998e+00 0.0000000000000000e+00
3.6589200000000002e+00 0.0000000000000000e+00
3.6614460000000002e+00 0.0000000000000000e+00
3.6639710000000001e+00 0.0000000000000000e+00
3.6664970000000001e+00 0.0000000000000000e+00
3.6690220000000000e+00 0.0000000000000000e+00
3.6715469999999999e+00 0.0000000000000000e+00
3.6740729999999999e+00 0.0000000000000000e+00
3.6765979999999998e+00 0.0000000000000000e+00
3.6791239999999998e+00 0.0000000000000000e+00
3.6816490000000002e+00 0.0000000000000000e+00
3.6841740000000001e+00 0.0000000000000000e+00
3.6867000000000001e+00 0.0000000000000000e+00
3.6892250000000000e+00 0.0000000000000000e+00
3.6917499999999999e+00 0.0000000000000000e+00
3.6942759999999999e+00 0.0000000000000000e+00
3.6968009999999998e+00 0.0000000000000000e+00
3.6993269999999998e+00 0.0000000000000000e+00
3.7018520000000001e+00 0.0000000000000000e+00
3.7043770000000000e+00 0.0000000000000000e+00
3.7069030000000001e+00 0.0000000000000000e+00
3.7094279999999999e+00 0.0000000000000000e+00
3.7119529999999998e+00 0.0000000000000000e+00
3.7144789999999999e+00 0.0000000000000000e+00
3.7170040000000002e+00 0.0000000000000000e+00
3.7195299999999998e+00 0.0000000000000000e+00
3.7220550000000001e+00 0.0000000000000000e+00
3.7245800000000000e+00 0.0000000000000000e+00
3.7271060000000000e+00 0.0000000000000000e+00
3.7296309999999999e+00 0.0000000000000000e+00
3.7321569999999999e+00 0.0000000000000000e+00
3.7346819999999998e+00 0.0000000000000000e+00
3.7372070000000002e+00 0.0000000000000000e+00
3.7397330000000002e+00 0.0000000000000000e+00
3.7422580000000001e+00 0.0000000000000000e+00
3.7447830000000000e+00 0.0000000000000000e+00
3.7473090000000000e+00 0.0000000000000000e+00
3.7498339999999999e+00 0.0000000000000000e+00
3.7523599999999999e+00 0.0000000000000000e+00
3.7548849999999998e+00 0.0000000000000000e+00
3.7574100000000001e+00 0.0000000000000000e+00
3.7599360000000002e+00 0.0000000000000000e+00
3.7624610000000001e+00 0.0000000000000000e+00
3.7649859999999999e+00 0.0000000000000000e+00
3.7675120000000000e+00 0.0000000000000000e+00
3.7700369999999999e+00 0.0000000000000000e+00
3.7725629999999999e+00 0.0000000000000000e+00
3.7750880000000002e+00 0.0000000000000000e+00
3.7776130000000001e+00 0.0000000000000000e+00
3.7801390000000001e+00 0.0000000000000000e+00
3.7826640000000000e+00 0.0000000000000000e+00
3.7851900000000001e+00 0.0000000000000000e+00
3.7877149999999999e+00 0.0000000000000000e+00
3.7902399999999998e+00 0.0000000000000000e+00
3.7927659999999999e+00 0.0000000000000000e+00
3.7952910000000002e+00 0.0000000000000000e+00
3.7978160000000001e+00 0.0000000000000000e+00
3.8003420000000001e+00 0.0000000000000000e+00
3.8028670000000000e+00 0.0000000000000000e+00
3.8053930000000000e+00 0.0000000000000000e+00
3.8079179999999999e+00 0.0000000000000000e+00
3.8104429999999998e+00 0.0000000000000000e+00
3.8129689999999998e+00 0.0000000000000000e+00
3.8154940000000002e+00 0.0000000000000000e+00
3.8180190000000001e+00 0.0000000000000000e+00
3.8205450000000001e+00 0.0000000000000000e+00
3.8230700000000000e+00 0.0000000000000000e+00
3.8255960000000000e+00 0.0000000000000000e+00
3.8281209999999999e+00 0.0000000000000000e+00
3.8306460000000002e+00 0.0000000000000000e+00
3.8331719999999998e+00 0.0000000000000000e+00
3.8356970000000001e+00 0.0000000000000000e+00
3.8382230000000002e+00 0.0000000000000000e+00
3.8407480000000001e+00 0.0000000000000000e+00
3.8432729999999999e+00 0.0000000000000000e+00
3.8457990000000000e+00 0.0000000000000000e+00
3.8483239999999999e+00 0.0000000000000000e+00
3.8508490000000002e+00 0.0000000000000000e+00
3.8533750000000002e+00 0.0000000000000000e+00
3.8559000000000001e+00 0.0000000000000000e+00
3.8584260000000001e+00 0.0000000000000000e+00
3.8609510000000000e+00 0.0000000000000000e+00
3.8634759999999999e+00 0.0000000000000000e+00
3.8660019999999999e+00 0.0000000000000000e+00
3.8685269999999998e+00 0.0000000000000000e+00
3.8710520000000002e+00 0.0000000000000000e+00
3.8735780000000002e+00 0.0000000000000000e+00
3.8761030000000001e+00 0.0000000000000000e+00
3.8786290000000001e+00 0.0000000000000000e+00
3.8811540000000000e+00 0.0000000000000000e+00
3.8836789999999999e+00 0.0000000000000000e+00
3.8862049999999999e+00 0.0000000000000000e+00
3.8887299999999998e+00 0.0000000000000000e+00
3.8912559999999998e+00 0.0000000000000000e+00
3.8937810000000002e+00 0.0000000000000000e+00
3.8963060000000000e+00 0.0000000000000000e+00
3.8988320000000001e+00 0.0000000000000000e+00
3.9013570000000000e+00 0.0000000000000000e+00
3.9038819999999999e+00 0.0000000000000000e+00
3.9064079999999999e+00 0.0000000000000000e+00
3.9089330000000002e+00 0.0000000000000000e+00
3.9114589999999998e+00 0.0000000000000000e+00
3.9139840000000001e+00 0.0000000000000000e+00
3.9165090000000000e+00 0.0000000000000000e+00
3.9190350000000000e+00 0.0000000000000000e+00
3.9215599999999999e+00 0.0000000000000000e+00
3.9240849999999998e+00 0.0000000000000000e+00
3.9266109999999999e+00 0.0000000000000000e+00
3.9291360000000002e+00 0.0000000000000000e+00
3.9316620000000002e+00 0.0000000000000000e+00
3.9341870000000001e+00 0.0000000000000000e+00
3.9367120000000000e+00 0.0000000000000000e+00
3.9392380000000000e+00 0.0000000000000000e+00
3.9417629999999999e+00 0.0000000000000000e+00
3.9442889999999999e+00 0.0000000000000000e+00
3.9468139999999998e+00 0.0000000000000000e+00
3.9493390000000002e+00 0.0000000000000000e+00
3.9518650000000002e+00 0.0000000000000000e+00
3.9543900000000001e+00 0.0000000000000000e+00
3.9569150000000000e+00 0.0000000000000000e+00
3.9594410000000000e+00 0.0000000000000000e+00
3.9619659999999999e+00 0.0000000000000000e+00
3.9644919999999999e+00 0.0000000000000000e+00
3.9670169999999998e+00 0.0000000000000000e+00
3.9695420000000001e+00 0.0000000000000000e+00
3.9720680000000002e+00 0.0000000000000000e+00
3.9745930000000000e+00 0.0000000000000000e+00
3.9771190000000001e+00 0.0000000000000000e+00
3.9796440000000000e+00 0.0000000000000000e+00
3.9821689999999998e+00 0.0000000000000000e+00
3.9846949999999999e+00 0.0000000000000000e+00
3.9872200000000002e+00 0.0000000000000000e+00
3.9897450000000001e+00 0.0000000000000000e+00
3.9922710000000001e+00 0.0000000000000000e+00
3.9947960000000000e+00 0.0000000000000000e+00
3.9973220000000000e+00 0.0000000000000000e+00
3.9998469999999999e+00 0.0000000000000000e+00
4.0023720000000003e+00 0.0000000000000000e+00
4.0048979999999998e+00 0.0000000000000000e+00
4.0074230000000002e+00 0.0000000000000000e+00
4.0099479999999996e+00 0.0000000000000000e+00
4.0124740000000001e+00 0.0000000000000000e+00
4.0149990000000004e+00 0.0000000000000000e+00
4.0175250000000000e+00 0.0000000000000000e+00
4.0200500000000003e+00 0.0000000000000000e+00
4.0225749999999998e+00 0.0000000000000000e+00
4.0251010000000003e+00 0.0000000000000000e+00
4.0276259999999997e+00 0.0000000000000000e+00
4.0301520000000002e+00 0.0000000000000000e+00
4.0326769999999996e+00 0.0000000000000000e+00
4.0352020000000000e+00 0.0000000000000000e+00
4.0377280000000004e+00 0.0000000000000000e+00
4.0402529999999999e+00 0.0000000000000000e+00
