0.289714 1.166535 0.285232 1.175130
0.285232 1.175130 0.280599 1.183520
0.280599 1.183520 0.275998 1.191406
0.275998 1.191406 0.270833 1.199780
0.270833 1.199780 0.265674 1.207682
0.265674 1.207682 0.260417 1.215295
0.260417 1.215295 0.255039 1.222656
0.255039 1.222656 0.249349 1.230015
0.249349 1.230015 0.243490 1.237152
0.243490 1.237152 0.237467 1.244141
0.237467 1.244141 0.231120 1.251187
0.231120 1.251187 0.224919 1.257812
0.224919 1.257812 0.218558 1.264323
0.218558 1.264323 0.211878 1.270833
0.211878 1.270833 0.205078 1.277120
0.205078 1.277120 0.198129 1.283203
0.198129 1.283203 0.191047 1.289062
0.191047 1.289062 0.183594 1.294876
0.183594 1.294876 0.176432 1.300138
0.176432 1.300138 0.168620 1.305535
0.168620 1.305535 0.160807 1.310592
0.160807 1.310592 0.152344 1.315707
0.152344 1.315707 0.144155 1.320312
0.144155 1.320312 0.135420 1.324870
0.135420 1.324870 0.126953 1.328953
0.126953 1.328953 0.117839 1.332997
0.117839 1.332997 0.108724 1.336691
0.108724 1.336691 0.098958 1.340274
0.098958 1.340274 0.089193 1.343484
0.089193 1.343484 0.079343 1.346354
0.079343 1.346354 0.069010 1.348980
0.069010 1.348980 0.057943 1.351367
0.057943 1.351367 0.046875 1.353325
0.046875 1.353325 0.035807 1.354859
0.035807 1.354859 0.023438 1.356085
0.023438 1.356085 0.011719 1.356772
0.011719 1.356772 -0.001302 1.356999
-0.001302 1.356999 -0.013672 1.356689
-0.013672 1.356689 -0.026042 1.355870
-0.026042 1.355870 -0.037760 1.354619
-0.037760 1.354619 -0.049479 1.352903
-0.049479 1.352903 -0.060220 1.350911
-0.060220 1.350911 -0.070964 1.348513
-0.070964 1.348513 -0.081380 1.345790
-0.081380 1.345790 -0.091146 1.342871
-0.091146 1.342871 -0.100911 1.339588
-0.100911 1.339588 -0.110653 1.335938
-0.110653 1.335938 -0.119792 1.332161
-0.119792 1.332161 -0.128725 1.328125
-0.128725 1.328125 -0.137370 1.323883
-0.137370 1.323883 -0.145833 1.319395
-0.145833 1.319395 -0.154297 1.314559
-0.154297 1.314559 -0.162109 1.309773
-0.162109 1.309773 -0.169922 1.304660
-0.169922 1.304660 -0.177734 1.299204
-0.177734 1.299204 -0.185242 1.293620
-0.185242 1.293620 -0.192657 1.287760
-0.192657 1.287760 -0.199650 1.281901
-0.199650 1.281901 -0.206380 1.275942
-0.206380 1.275942 -0.213242 1.269531
-0.213242 1.269531 -0.219854 1.263021
-0.219854 1.263021 -0.226157 1.256510
-0.226157 1.256510 -0.232422 1.249763
-0.232422 1.249763 -0.238611 1.242839
-0.238611 1.242839 -0.244722 1.235677
-0.244722 1.235677 -0.250539 1.228516
-0.250539 1.228516 -0.256012 1.221354
-0.256012 1.221354 -0.261651 1.213542
-0.261651 1.213542 -0.266927 1.205800
-0.266927 1.205800 -0.272008 1.197917
-0.272008 1.197917 -0.276775 1.190104
-0.276775 1.190104 -0.281660 1.181641
-0.281660 1.181641 -0.286272 1.173177
-0.286272 1.173177 -0.290631 1.164713
-0.290631 1.164713 -0.294922 1.155884
-0.294922 1.155884 -0.298932 1.147135
-0.298932 1.147135 -0.302863 1.138021
-0.302863 1.138021 -0.306641 1.128686
-0.306641 1.128686 -0.310253 1.119141
-0.310253 1.119141 -0.313699 1.109375
-0.313699 1.109375 -0.316901 1.099609
-0.316901 1.099609 -0.319863 1.089844
-0.319863 1.089844 -0.322769 1.079427
-0.322769 1.079427 -0.325416 1.069010
-0.325416 1.069010 -0.327807 1.058594
-0.327807 1.058594 -0.330074 1.047526
-0.330074 1.047526 -0.332031 1.036597
-0.332031 1.036597 -0.333744 1.025391
-0.333744 1.025391 -0.335212 1.013672
-0.335212 1.013672 -0.336336 1.001953
-0.336336 1.001953 -0.337142 0.989583
-0.337142 0.989583 -0.337539 0.977214
-0.337539 0.977214 -0.337522 0.964193
-0.337522 0.964193 -0.337172 0.951823
-0.337172 0.951823 -0.336577 0.939453
-0.336577 0.939453 -0.335827 0.925879
-0.335827 0.925879 -0.335168 0.913467
-0.335168 0.913467 -0.334830 0.906204
-0.334830 0.906204 -0.334465 0.898033
-0.334465 0.898033 -0.334157 0.891095
-0.334157 0.891095 -0.333858 0.884278
-0.333858 0.884278 -0.333578 0.877808
-0.333578 0.877808 -0.333280 0.871440
-0.333280 0.871440 -0.332994 0.864803
-0.332994 0.864803 -0.332728 0.858561
-0.332728 0.858561 -0.332488 0.852327
-0.332488 0.852327 -0.332270 0.846112
-0.332270 0.846112 -0.332033 0.839578
-0.332033 0.839578 -0.331829 0.833376
-0.331829 0.833376 -0.331626 0.826854
-0.331626 0.826854 -0.331422 0.820660
-0.331422 0.820660 -0.331212 0.814468
-0.331212 0.814468 -0.330988 0.807952
-0.330988 0.807952 -0.330768 0.801762
-0.330768 0.801762 -0.330528 0.795573
-0.330528 0.795573 -0.330272 0.789059
-0.330272 0.789059 -0.329991 0.782871
-0.329991 0.782871 -0.329677 0.776684
-0.329677 0.776684 -0.329293 0.770496
-0.329293 0.770496 -0.328842 0.764489
-0.328842 0.764489 -0.328284 0.758447
-0.328284 0.758447 -0.327650 0.752585
-0.327650 0.752585 -0.326989 0.746738
-0.326989 0.746738 -0.326368 0.740904
-0.326368 0.740904 -0.325785 0.734719
-0.325785 0.734719 -0.325303 0.728853
-0.325303 0.728853 -0.324844 0.722664
-0.324844 0.722664 -0.324418 0.716474
-0.324418 0.716474 -0.324029 0.710522
-0.324029 0.710522 -0.323627 0.704423
-0.323627 0.704423 -0.323210 0.698235
-0.323210 0.698235 -0.322771 0.692048
-0.322771 0.692048 -0.322319 0.686186
-0.322319 0.686186 -0.321794 0.679999
-0.321794 0.679999 -0.321230 0.674137
-0.321230 0.674137 -0.320563 0.668275
-0.320563 0.668275 -0.319775 0.662738
-0.319775 0.662738 -0.318658 0.657201
-0.318658 0.657201 -0.317031 0.652580
-0.317031 0.652580 -0.313281 0.650024
-0.313281 0.650024 -0.310249 0.653522
-0.310249 0.653522 -0.308489 0.658178
-0.308489 0.658178 -0.307266 0.663715
-0.307266 0.663715 -0.306502 0.669577
-0.306502 0.669577 -0.306111 0.675439
-0.306111 0.675439 -0.306028 0.681952
-0.306028 0.681952 -0.306256 0.688140
-0.306256 0.688140 -0.306764 0.694327
-0.306764 0.694327 -0.307498 0.700135
-0.307498 0.700135 -0.308443 0.705726
-0.308443 0.705726 -0.309561 0.711024
-0.309561 0.711024 -0.310936 0.716444
-0.310936 0.716444 -0.312388 0.721361
-0.312388 0.721361 -0.314018 0.726247
-0.314018 0.726247 -0.315780 0.731043
-0.315780 0.731043 -0.317597 0.735697
-0.317597 0.735697 -0.319402 0.740256
-0.319402 0.740256 -0.321102 0.744794
-0.321102 0.744794 -0.322655 0.749685
-0.322655 0.749685 -0.323903 0.755190
-0.323903 0.755190 -0.324691 0.761052
-0.324691 0.761052 -0.325148 0.766914
-0.325148 0.766914 -0.325482 0.773101
-0.325482 0.773101 -0.325755 0.779289
-0.325755 0.779289 -0.326016 0.785802
-0.326016 0.785802 -0.326239 0.791991
-0.326239 0.791991 -0.326436 0.798179
-0.326436 0.798179 -0.326614 0.804694
-0.326614 0.804694 -0.326760 0.811209
-0.326760 0.811209 -0.326885 0.817401
-0.326885 0.817401 -0.327012 0.823919
-0.327012 0.823919 -0.327124 0.830254
-0.327124 0.830254 -0.327233 0.836640
-0.327233 0.836640 -0.327356 0.843169
-0.327356 0.843169 -0.327479 0.849383
-0.327479 0.849383 -0.327613 0.855932
-0.327613 0.855932 -0.327759 0.862503
-0.327759 0.862503 -0.327890 0.868785
-0.327890 0.868785 -0.328016 0.875422
-0.328016 0.875422 -0.328142 0.882240
-0.328142 0.882240 -0.328248 0.888923
-0.328248 0.888923 -0.328351 0.896329
-0.328351 0.896329 -0.328402 0.903605
-0.328402 0.903605 -0.328385 0.910221
-0.328385 0.910221 -0.328290 0.914801
-0.328290 0.914801 -0.327265 0.927653
-0.327265 0.927653 -0.324509 0.938802
-0.324509 0.938802 -0.320402 0.947917
-0.320402 0.947917 -0.315104 0.955441
-0.315104 0.955441 -0.308594 0.961983
-0.308594 0.961983 -0.301432 0.967512
-0.301432 0.967512 -0.293001 0.972656
-0.293001 0.972656 -0.284505 0.976774
-0.284505 0.976774 -0.274959 0.980469
-0.274959 0.980469 -0.264974 0.983536
-0.264974 0.983536 -0.254557 0.986080
-0.254557 0.986080 -0.243490 0.988230
-0.243490 0.988230 -0.232422 0.989947
-0.232422 0.989947 -0.220703 0.991415
-0.220703 0.991415 -0.208984 0.992617
-0.208984 0.992617 -0.197266 0.993625
-0.197266 0.993625 -0.184896 0.994540
-0.184896 0.994540 -0.172526 0.995346
-0.172526 0.995346 -0.160156 0.996074
-0.160156 0.996074 -0.147786 0.996743
-0.147786 0.996743 -0.135417 0.997366
-0.135417 0.997366 -0.123047 0.997947
-0.123047 0.997947 -0.110677 0.998487
-0.110677 0.998487 -0.098307 0.998985
-0.098307 0.998985 -0.085938 0.999438
-0.085938 0.999438 -0.072917 0.999860
-0.072917 0.999860 -0.060547 1.000206
-0.060547 1.000206 -0.047526 1.000507
-0.047526 1.000507 -0.035156 1.000730
-0.035156 1.000730 -0.022135 1.000895
-0.022135 1.000895 -0.009115 1.000985
-0.009115 1.000985 0.003906 1.001000
0.003906 1.001000 0.016927 1.000940
0.016927 1.000940 0.029948 1.000805
0.029948 1.000805 0.042318 1.000609
0.042318 1.000609 0.055339 1.000334
0.055339 1.000334 0.068152 1.000000
0.068152 1.000000 0.080729 0.999614
0.080729 0.999614 0.093099 0.999182
0.093099 0.999182 0.105577 0.998698
0.105577 0.998698 0.118490 0.998151
0.118490 0.998151 0.130859 0.997585
0.130859 0.997585 0.143229 0.996978
0.143229 0.996978 0.155599 0.996326
0.155599 0.996326 0.167969 0.995622
0.167969 0.995622 0.180339 0.994848
0.180339 0.994848 0.192057 0.994026
0.192057 0.994026 0.204427 0.993029
0.204427 0.993029 0.216146 0.991910
0.216146 0.991910 0.227865 0.990556
0.227865 0.990556 0.239252 0.988932
0.239252 0.988932 0.250238 0.986979
0.250238 0.986979 0.261068 0.984559
0.261068 0.984559 0.270999 0.981771
0.270999 0.981771 0.280599 0.978390
0.280599 0.978390 0.289714 0.974358
0.289714 0.974358 0.298177 0.969646
0.298177 0.969646 0.305932 0.964193
0.305932 0.964193 0.312500 0.958300
0.312500 0.958300 0.318376 0.951172
0.318376 0.951172 0.322988 0.942708
0.322988 0.942708 0.326316 0.932617
0.326316 0.932617 0.328043 0.919801
0.328043 0.919801 0.328357 0.911893
0.328357 0.911893 0.328401 0.906496
0.328401 0.906496 0.328380 0.899264
0.328380 0.899264 0.328292 0.891885
0.328292 0.891885 0.328181 0.884626
0.328181 0.884626 0.328069 0.878149
0.328069 0.878149 0.327940 0.871440
0.327940 0.871440 0.327814 0.865002
0.327814 0.865002 0.327670 0.858561
0.327670 0.858561 0.327531 0.852000
0.327531 0.852000 0.327408 0.845785
0.327408 0.845785 0.327281 0.839252
0.327281 0.839252 0.327166 0.832723
0.327166 0.832723 0.327060 0.826528
0.327060 0.826528 0.326937 0.820008
0.326937 0.820008 0.326806 0.813490
0.326806 0.813490 0.326676 0.807300
0.326676 0.807300 0.326512 0.800785
0.326512 0.800785 0.326325 0.794596
0.326325 0.794596 0.326102 0.788082
0.326102 0.788082 0.325862 0.781894
0.325862 0.781894 0.325602 0.775707
0.325602 0.775707 0.325300 0.769519
0.325300 0.769519 0.324896 0.763332
0.324896 0.763332 0.324265 0.757470
0.324265 0.757470 0.323233 0.751934
0.323233 0.751934 0.321764 0.746738
0.321764 0.746738 0.320151 0.742201
0.320151 0.742201 0.318280 0.737415
0.318280 0.737415 0.316443 0.732764
0.316443 0.732764 0.314719 0.728202
0.314719 0.728202 0.313018 0.723315
0.313018 0.723315 0.311498 0.718429
0.311498 0.718429 0.310088 0.713217
0.310088 0.713217 0.308873 0.707892
0.308873 0.707892 0.307842 0.702338
0.307842 0.702338 0.307023 0.696607
0.307023 0.696607 0.306436 0.690745
0.306436 0.690745 0.306089 0.684558
0.306089 0.684558 0.306036 0.678045
0.306036 0.678045 0.306312 0.671857
0.306312 0.671857 0.306916 0.665995
0.306916 0.665995 0.307909 0.660458
0.307909 0.660458 0.309474 0.655247
0.309474 0.655247 0.311968 0.651014
0.311968 0.651014 0.315951 0.651012
0.315951 0.651012 0.318102 0.655247
0.318102 0.655247 0.319371 0.660458
0.319371 0.660458 0.320264 0.665995
0.320264 0.665995 0.320986 0.671857
0.320986 0.671857 0.321585 0.677719
0.321585 0.677719 0.322108 0.683581
0.322108 0.683581 0.322600 0.689768
0.322600 0.689768 0.323026 0.695630
0.323026 0.695630 0.323454 0.701818
0.323454 0.701818 0.323862 0.708006
0.323862 0.708006 0.324267 0.714194
0.324267 0.714194 0.324687 0.720383
0.324687 0.720383 0.325102 0.726247
0.325102 0.726247 0.325592 0.732438
0.325592 0.732438 0.326120 0.738304
0.326120 0.738304 0.326744 0.744470
0.326744 0.744470 0.327389 0.750305
0.327389 0.750305 0.328040 0.756167
0.328040 0.756167 0.328624 0.762029
0.328624 0.762029 0.329131 0.768217
0.329131 0.768217 0.329529 0.774169
0.329529 0.774169 0.329873 0.780579
0.329873 0.780579 0.330172 0.786780
0.330172 0.786780 0.330431 0.792968
0.330431 0.792968 0.330668 0.799156
0.330668 0.799156 0.330904 0.805531
0.330904 0.805531 0.331127 0.811861
0.331127 0.811861 0.331333 0.818053
0.331333 0.818053 0.331555 0.824571
0.331555 0.824571 0.331745 0.830767
0.331745 0.830767 0.331945 0.836967
0.331945 0.836967 0.332171 0.843495
0.332171 0.843495 0.332396 0.849710
0.332396 0.849710 0.332626 0.856066
0.332626 0.856066 0.332894 0.862503
0.332894 0.862503 0.333167 0.868785
0.333167 0.868785 0.333448 0.875090
0.333448 0.875090 0.333745 0.881555
0.333745 0.881555 0.334024 0.888158
0.334024 0.888158 0.334340 0.895117
0.334340 0.895117 0.334684 0.903073
0.334684 0.903073 0.335036 0.911023
0.335036 0.911023 0.335506 0.920021
0.335506 0.920021 0.336277 0.933882
0.336277 0.933882 0.336945 0.946615
0.336945 0.946615 0.337408 0.958984
0.337408 0.958984 0.337582 0.972005
0.337582 0.972005 0.337339 0.985026
0.337339 0.985026 0.336680 0.997396
0.336680 0.997396 0.335690 1.009115
0.335690 1.009115 0.334354 1.020833
0.334354 1.020833 0.332684 1.032552
0.332684 1.032552 0.330805 1.043620
0.330805 1.043620 0.328776 1.054037
0.328776 1.054037 0.326342 1.065104
0.326342 1.065104 0.323792 1.075521
0.323792 1.075521 0.320984 1.085938
0.320984 1.085938 0.318114 1.095703
0.318114 1.095703 0.315009 1.105469
0.315009 1.105469 0.311662 1.115234
0.311662 1.115234 0.308065 1.125000
0.308065 1.125000 0.304472 1.134115
0.304472 1.134115 0.300645 1.143229
0.300645 1.143229 0.296573 1.152344
0.296573 1.152344 0.292318 1.161304
0.292318 1.161304 0.289714 1.166535
